max given buckets: 10
starting algorithm at: 16:33:55.072582

no optimal variance wanted. using threshold: 0.4
finishing algorithm at: 16:33:55.074766

running time of algorithm: 0:00:00.002184

[(0, -3.58) (0, -3.56) (0, -3.53) (0, -3.5 ) (0, -3.46) (0, -3.41)
 (0, -3.39) (0, -3.39) (0, -3.38) (0, -3.37) (0, -3.35) (0, -3.34)
 (0, -3.31) (0, -3.29) (0, -3.28) (0, -3.24) (0, -3.2 ) (0, -3.19)
 (0, -3.19) (0, -3.18) (0, -3.18) (0, -3.17) (0, -3.17) (0, -3.17)
 (0, -3.15) (0, -3.14) (0, -3.13) (0, -3.12) (0, -3.12) (0, -3.11)
 (0, -3.11) (0, -3.11) (0, -3.09) (0, -3.07) (0, -3.07) (0, -3.07)
 (0, -3.06) (0, -3.06) (0, -3.05) (0, -3.04) (0, -3.04) (0, -3.04)
 (0, -3.03) (0, -3.03) (0, -3.  ) (0, -3.  ) (0, -3.  ) (0, -2.98)
 (0, -2.98) (0, -2.97) (0, -2.97) (0, -2.96) (0, -2.96) (0, -2.96)
 (0, -2.95) (0, -2.93) (0, -2.93) (0, -2.92) (0, -2.91) (0, -2.91)
 (0, -2.91) (0, -2.91) (0, -2.91) (0, -2.9 ) (0, -2.89) (0, -2.88)
 (0, -2.87) (0, -2.86) (0, -2.84) (0, -2.84) (0, -2.84) (0, -2.81)
 (0, -2.81) (0, -2.8 ) (0, -2.79) (0, -2.79) (0, -2.79) (0, -2.79)
 (0, -2.79) (0, -2.77) (0, -2.76) (0, -2.76) (0, -2.76) (0, -2.76)
 (0, -2.74) (0, -2.73) (0, -2.72) (0, -2.72) (0, -2.72) (0, -2.71)
 (0, -2.71) (0, -2.71) (0, -2.71) (0, -2.7 ) (0, -2.7 ) (0, -2.7 )
 (0, -2.7 ) (0, -2.7 ) (0, -2.69) (0, -2.69) (0, -2.69) (0, -2.69)
 (0, -2.68) (0, -2.68) (0, -2.68) (0, -2.68) (0, -2.68) (0, -2.67)
 (0, -2.67) (0, -2.67) (0, -2.66) (0, -2.66) (0, -2.65) (0, -2.65)
 (0, -2.64) (0, -2.64) (0, -2.63) (0, -2.63) (0, -2.63) (0, -2.63)
 (0, -2.63) (0, -2.62) (0, -2.62) (0, -2.59) (0, -2.58) (0, -2.57)
 (0, -2.57) (0, -2.57) (0, -2.56) (0, -2.55) (0, -2.55) (0, -2.54)
 (0, -2.54) (0, -2.52) (0, -2.52) (0, -2.52) (0, -2.52) (0, -2.52)
 (0, -2.51) (0, -2.5 ) (0, -2.49) (0, -2.48) (0, -2.48) (0, -2.48)
 (0, -2.47) (0, -2.47) (0, -2.46) (0, -2.46) (0, -2.45) (0, -2.44)
 (0, -2.44) (0, -2.44) (0, -2.44) (0, -2.43) (0, -2.42) (0, -2.42)
 (0, -2.41) (0, -2.41) (0, -2.4 ) (0, -2.4 ) (0, -2.38) (0, -2.38)
 (0, -2.37) (0, -2.37) (0, -2.37) (0, -2.36) (0, -2.36) (0, -2.35)
 (0, -2.35) (0, -2.35) (0, -2.35) (0, -2.35) (0, -2.33) (0, -2.33)
 (0, -2.33) (0, -2.31) (0, -2.31) (0, -2.3 ) (0, -2.3 ) (0, -2.3 )
 (0, -2.3 ) (0, -2.3 ) (0, -2.3 ) (0, -2.29) (0, -2.29) (0, -2.29)
 (0, -2.29) (0, -2.29) (0, -2.29) (0, -2.28) (0, -2.28) (0, -2.28)
 (0, -2.27) (0, -2.27) (0, -2.27) (0, -2.27) (0, -2.26) (0, -2.26)
 (0, -2.26) (0, -2.26) (0, -2.25) (0, -2.24) (0, -2.24) (0, -2.22)
 (0, -2.22) (0, -2.22) (0, -2.21) (0, -2.21) (0, -2.2 ) (0, -2.19)
 (0, -2.19) (0, -2.19) (0, -2.19) (0, -2.19) (0, -2.18) (0, -2.17)
 (0, -2.17) (0, -2.15) (0, -2.15) (0, -2.15) (0, -2.14) (0, -2.14)
 (0, -2.14) (0, -2.13) (0, -2.13) (0, -2.12) (0, -2.12) (0, -2.12)
 (0, -2.11) (0, -2.1 ) (0, -2.1 ) (0, -2.1 ) (0, -2.09) (0, -2.08)
 (0, -2.08) (0, -2.08) (0, -2.07) (0, -2.07) (0, -2.06) (0, -2.05)
 (0, -2.05) (0, -2.03) (0, -2.02) (0, -2.01) (0, -2.01) (0, -2.01)
 (0, -2.  ) (0, -1.99) (0, -1.99) (0, -1.94) (0, -1.94) (0, -1.92)
 (0, -1.9 ) (0, -1.9 ) (0, -1.89) (0, -1.89) (0, -1.88) (0, -1.87)
 (0, -1.87) (0, -1.87) (0, -1.85) (0, -1.84) (0, -1.83) (0, -1.79)
 (0, -1.77) (0, -1.75) (0, -1.75) (0, -1.74) (0, -1.74) (0, -1.73)
 (0, -1.71) (0, -1.71) (0, -1.71) (0, -1.7 ) (0, -1.67) (0, -1.65)
 (0, -1.63) (0, -1.61) (0, -1.61) (0, -1.59) (0, -1.59) (0, -1.58)
 (0, -1.57) (0, -1.57) (0, -1.53) (0, -1.52) (0, -1.52) (0, -1.52)
 (0, -1.52) (0, -1.49) (0, -1.48) (0, -1.4 ) (0, -1.36) (0, -1.31)
 (0, -1.29) (0, -1.26) (0, -1.22) (0, -1.1 ) (0, -1.04) (0, -1.04)
 (0,  0.62) (0,  0.88) (0,  0.92) (0,  0.93) (1,  1.03) (1,  1.05)
 (1,  1.17) (1,  1.18) (1,  1.26) (1,  1.27) (1,  1.34) (1,  1.37)
 (1,  1.37) (1,  1.39) (1,  1.4 ) (1,  1.41) (1,  1.42) (1,  1.51)
 (1,  1.52) (1,  1.53) (1,  1.55) (1,  1.56) (1,  1.57) (1,  1.58)
 (1,  1.58) (1,  1.59) (1,  1.6 ) (1,  1.62) (1,  1.62) (1,  1.63)
 (1,  1.63) (1,  1.64) (1,  1.64) (1,  1.67) (1,  1.68) (1,  1.68)
 (1,  1.68) (1,  1.69) (1,  1.69) (1,  1.69) (1,  1.69) (1,  1.69)
 (1,  1.7 ) (1,  1.7 ) (1,  1.71) (1,  1.73) (1,  1.73) (1,  1.73)
 (1,  1.73) (1,  1.75) (1,  1.76) (1,  1.77) (1,  1.77) (1,  1.77)
 (1,  1.78) (1,  1.78) (1,  1.79) (1,  1.79) (1,  1.8 ) (1,  1.81)
 (1,  1.82) (1,  1.82) (1,  1.82) (1,  1.82) (1,  1.83) (1,  1.85)
 (1,  1.86) (1,  1.86) (1,  1.86) (1,  1.87) (1,  1.87) (1,  1.87)
 (1,  1.88) (1,  1.88) (1,  1.88) (1,  1.89) (1,  1.9 ) (1,  1.91)
 (1,  1.91) (1,  1.91) (1,  1.91) (1,  1.91) (1,  1.91) (1,  1.91)
 (1,  1.92) (1,  1.92) (1,  1.92) (1,  1.92) (1,  1.92) (1,  1.93)
 (1,  1.94) (1,  1.94) (1,  1.94) (1,  1.94) (1,  1.94) (1,  1.94)
 (1,  1.95) (1,  1.95) (1,  1.95) (1,  1.95) (1,  1.95) (1,  1.96)
 (1,  1.96) (1,  1.96) (1,  1.96) (1,  1.96) (1,  1.97) (1,  1.97)
 (1,  1.97) (1,  1.97) (1,  1.97) (1,  1.97) (1,  1.98) (1,  1.98)
 (1,  1.98) (1,  1.99) (1,  1.99) (1,  2.  ) (1,  2.  ) (1,  2.  )
 (1,  2.  ) (1,  2.02) (1,  2.02) (1,  2.02) (1,  2.02) (1,  2.02)
 (1,  2.03) (1,  2.03) (1,  2.03) (1,  2.04) (1,  2.04) (1,  2.04)
 (1,  2.05) (1,  2.05) (1,  2.05) (1,  2.06) (1,  2.07) (1,  2.08)
 (1,  2.09) (1,  2.1 ) (1,  2.1 ) (1,  2.1 ) (1,  2.1 ) (1,  2.11)
 (1,  2.11) (1,  2.11) (1,  2.11) (1,  2.12) (1,  2.12) (1,  2.12)
 (1,  2.12) (1,  2.13) (1,  2.13) (1,  2.13) (1,  2.13) (1,  2.13)
 (1,  2.13) (1,  2.13) (1,  2.13) (1,  2.14) (1,  2.14) (1,  2.15)
 (1,  2.15) (1,  2.15) (1,  2.16) (1,  2.16) (1,  2.16) (1,  2.16)
 (1,  2.16) (1,  2.16) (1,  2.17) (1,  2.17) (1,  2.17) (1,  2.18)
 (1,  2.18) (1,  2.18) (1,  2.18) (1,  2.19) (1,  2.19) (1,  2.19)
 (1,  2.19) (1,  2.19) (1,  2.2 ) (1,  2.2 ) (1,  2.2 ) (1,  2.2 )
 (1,  2.21) (1,  2.21) (1,  2.21) (1,  2.22) (1,  2.22) (1,  2.22)
 (1,  2.23) (1,  2.23) (1,  2.24) (1,  2.24) (1,  2.24) (1,  2.24)
 (1,  2.24) (1,  2.24) (1,  2.24) (1,  2.25) (1,  2.25) (1,  2.25)
 (1,  2.25) (1,  2.25) (1,  2.26) (1,  2.26) (1,  2.26) (1,  2.26)
 (1,  2.26) (1,  2.26) (1,  2.27) (1,  2.27) (1,  2.27) (1,  2.27)
 (1,  2.27) (1,  2.27) (1,  2.27) (1,  2.28) (1,  2.28) (1,  2.28)
 (1,  2.28) (1,  2.29) (1,  2.29) (1,  2.29) (1,  2.29) (1,  2.29)
 (1,  2.29) (1,  2.29) (1,  2.3 ) (1,  2.3 ) (1,  2.31) (1,  2.31)
 (1,  2.31) (1,  2.31) (1,  2.31) (1,  2.31) (1,  2.31) (1,  2.32)
 (1,  2.32) (1,  2.32) (1,  2.32) (1,  2.32) (1,  2.32) (1,  2.32)
 (1,  2.32) (1,  2.33) (1,  2.33) (1,  2.33) (1,  2.33) (1,  2.33)
 (1,  2.34) (1,  2.34) (1,  2.35) (1,  2.35) (1,  2.35) (1,  2.35)
 (1,  2.35) (1,  2.35) (1,  2.35) (1,  2.35) (1,  2.36) (1,  2.36)
 (1,  2.36) (1,  2.36) (1,  2.36) (1,  2.36) (1,  2.36) (1,  2.37)
 (1,  2.37) (1,  2.37) (1,  2.37) (1,  2.37) (1,  2.37) (1,  2.37)
 (1,  2.38) (1,  2.38) (1,  2.38) (1,  2.38) (1,  2.38) (1,  2.39)
 (1,  2.39) (1,  2.39) (1,  2.39) (1,  2.39) (1,  2.39) (1,  2.4 )
 (1,  2.4 ) (1,  2.41) (1,  2.41) (1,  2.41) (1,  2.41) (1,  2.41)
 (1,  2.42) (1,  2.42) (1,  2.42) (1,  2.42) (1,  2.42) (1,  2.42)
 (1,  2.42) (1,  2.43) (1,  2.44) (1,  2.44) (1,  2.44) (1,  2.44)
 (1,  2.44) (1,  2.44) (1,  2.44) (1,  2.45) (1,  2.45) (1,  2.45)
 (1,  2.45) (1,  2.45) (1,  2.45) (1,  2.45) (1,  2.45) (1,  2.45)
 (1,  2.45) (1,  2.45) (1,  2.46) (1,  2.46) (1,  2.46) (1,  2.46)
 (1,  2.46) (1,  2.46) (1,  2.46) (1,  2.47) (1,  2.47) (1,  2.47)
 (1,  2.48) (1,  2.48) (1,  2.48) (1,  2.48) (1,  2.48) (1,  2.48)
 (1,  2.49) (1,  2.49) (1,  2.49) (1,  2.49) (1,  2.5 ) (1,  2.5 )
 (1,  2.5 ) (1,  2.5 ) (1,  2.5 ) (1,  2.5 ) (1,  2.51) (1,  2.51)
 (1,  2.52) (1,  2.52) (1,  2.52) (1,  2.53) (1,  2.53) (1,  2.53)
 (1,  2.53) (1,  2.53) (1,  2.53) (1,  2.53) (1,  2.53) (1,  2.53)
 (1,  2.53) (1,  2.53) (1,  2.53) (1,  2.53) (1,  2.53) (1,  2.53)
 (1,  2.54) (1,  2.54) (1,  2.54) (1,  2.54) (1,  2.55) (1,  2.55)
 (1,  2.55) (1,  2.55) (1,  2.55) (1,  2.55) (1,  2.55) (1,  2.56)
 (1,  2.56) (1,  2.56) (1,  2.56) (1,  2.56) (1,  2.57) (1,  2.57)
 (1,  2.57) (1,  2.57) (1,  2.57) (1,  2.57) (1,  2.57) (1,  2.57)
 (1,  2.58) (1,  2.58) (1,  2.58) (1,  2.58) (1,  2.58) (1,  2.58)
 (1,  2.59) (1,  2.59) (1,  2.59) (1,  2.59) (1,  2.59) (1,  2.59)
 (1,  2.59) (1,  2.59) (1,  2.6 ) (1,  2.6 ) (1,  2.6 ) (1,  2.6 )
 (1,  2.6 ) (1,  2.6 ) (1,  2.6 ) (1,  2.6 ) (1,  2.61) (1,  2.61)
 (1,  2.61) (1,  2.61) (1,  2.61) (1,  2.62) (1,  2.62) (1,  2.63)
 (1,  2.63) (1,  2.63) (1,  2.63) (1,  2.63) (1,  2.63) (1,  2.64)
 (1,  2.64) (1,  2.65) (1,  2.65) (1,  2.66) (1,  2.66) (1,  2.66)
 (1,  2.67) (1,  2.67) (1,  2.67) (1,  2.67) (1,  2.67) (1,  2.67)
 (1,  2.67) (1,  2.67) (1,  2.68) (1,  2.68) (1,  2.68) (1,  2.68)
 (1,  2.68) (1,  2.68) (1,  2.68) (1,  2.69) (1,  2.69) (1,  2.69)
 (1,  2.69) (1,  2.69) (1,  2.69) (1,  2.69) (1,  2.7 ) (1,  2.7 )
 (1,  2.7 ) (1,  2.71) (1,  2.71) (1,  2.71) (1,  2.71) (1,  2.72)
 (1,  2.72) (1,  2.72) (1,  2.72) (1,  2.72) (1,  2.72) (1,  2.72)
 (1,  2.72) (1,  2.73) (1,  2.73) (1,  2.73) (1,  2.73) (1,  2.73)
 (1,  2.74) (1,  2.74) (1,  2.74) (1,  2.74) (1,  2.74) (1,  2.74)
 (1,  2.74) (1,  2.75) (1,  2.75) (1,  2.75) (1,  2.76) (1,  2.76)
 (1,  2.76) (1,  2.76) (1,  2.76) (1,  2.76) (1,  2.76) (1,  2.77)
 (1,  2.78) (1,  2.78) (1,  2.78) (1,  2.78) (1,  2.79) (1,  2.79)
 (1,  2.79) (1,  2.79) (1,  2.79) (1,  2.8 ) (1,  2.8 ) (1,  2.8 )
 (1,  2.81) (1,  2.81) (1,  2.81) (1,  2.81) (1,  2.81) (1,  2.81)
 (1,  2.81) (1,  2.82) (1,  2.82) (1,  2.82) (1,  2.83) (1,  2.83)
 (1,  2.83) (1,  2.83) (1,  2.83) (1,  2.83) (1,  2.83) (1,  2.84)
 (1,  2.85) (1,  2.86) (1,  2.87) (1,  2.87) (1,  2.88) (1,  2.88)
 (1,  2.88) (1,  2.88) (1,  2.88) (1,  2.88) (1,  2.89) (1,  2.89)
 (1,  2.9 ) (1,  2.9 ) (1,  2.9 ) (1,  2.9 ) (1,  2.9 ) (1,  2.9 )
 (1,  2.9 ) (1,  2.9 ) (1,  2.9 ) (1,  2.9 ) (1,  2.9 ) (1,  2.9 )
 (1,  2.9 ) (1,  2.9 ) (1,  2.9 ) (1,  2.91) (1,  2.91) (1,  2.91)
 (1,  2.92) (1,  2.92) (1,  2.93) (1,  2.93) (1,  2.94) (1,  2.94)
 (1,  2.94) (1,  2.95) (1,  2.95) (1,  2.95) (1,  2.95) (1,  2.96)
 (1,  2.96) (1,  2.96) (1,  2.96) (1,  2.96) (1,  2.96) (1,  2.97)
 (1,  2.97) (1,  2.97) (1,  2.97) (1,  2.97) (1,  2.97) (1,  2.97)
 (1,  2.97) (1,  2.97) (1,  2.97) (1,  2.97) (1,  2.98) (1,  2.98)
 (1,  2.98) (1,  2.98) (1,  2.99) (1,  3.  ) (1,  3.  ) (1,  3.  )
 (1,  3.  ) (1,  3.  ) (1,  3.  ) (1,  3.  ) (1,  3.01) (1,  3.01)
 (1,  3.01) (1,  3.01) (1,  3.01) (1,  3.01) (1,  3.02) (1,  3.02)
 (1,  3.02) (1,  3.03) (1,  3.03) (1,  3.03) (1,  3.03) (1,  3.03)
 (1,  3.04) (1,  3.04) (1,  3.05) (1,  3.05) (1,  3.06) (1,  3.06)
 (1,  3.07) (1,  3.08) (1,  3.09) (1,  3.09) (1,  3.1 ) (1,  3.11)
 (1,  3.11) (1,  3.11) (1,  3.11) (1,  3.11) (1,  3.11) (1,  3.11)
 (1,  3.12) (1,  3.12) (1,  3.13) (1,  3.14) (1,  3.14) (1,  3.14)
 (1,  3.15) (1,  3.15) (1,  3.15) (1,  3.16) (1,  3.16) (1,  3.16)
 (1,  3.16) (1,  3.17) (1,  3.18) (1,  3.18) (1,  3.19) (1,  3.19)
 (1,  3.21) (1,  3.21) (1,  3.22) (1,  3.22) (1,  3.23) (1,  3.25)
 (1,  3.25) (1,  3.28) (1,  3.28) (1,  3.29) (1,  3.29) (1,  3.29)
 (1,  3.3 ) (1,  3.3 ) (1,  3.3 ) (1,  3.3 ) (1,  3.31) (1,  3.32)
 (1,  3.32) (1,  3.33) (1,  3.34) (1,  3.35) (1,  3.35) (1,  3.36)
 (1,  3.36) (1,  3.37) (1,  3.37) (1,  3.37) (1,  3.39) (1,  3.39)
 (1,  3.4 ) (1,  3.41) (1,  3.42) (1,  3.45) (1,  3.47) (1,  3.47)
 (1,  3.47) (1,  3.47) (1,  3.48) (1,  3.48) (1,  3.48) (1,  3.5 )
 (1,  3.5 ) (1,  3.51) (1,  3.51) (1,  3.52) (1,  3.52) (1,  3.53)
 (1,  3.56) (1,  3.59) (1,  3.61) (1,  3.66) (1,  3.68) (1,  3.69)
 (1,  3.72) (1,  3.72) (1,  3.74) (1,  3.85)]


analyzing the results:
number of max cluster size: 10
number of actually used clusters: 2
min value of all elements: -3.58
max value of all elements: 3.85
mean of all elements: 1.01941
median of all elements: 2.24
standard deviation of all elements: 2.3237137413846827
variance of all elements: 5.399645551899999
distribution of all clusters: [0 0 0 0 0 0 0 0 0 0 0 0 0 0 0 0 0 0 0 0 0 0 0 0 0 0 0 0 0 0 0 0 0 0 0 0 0
 0 0 0 0 0 0 0 0 0 0 0 0 0 0 0 0 0 0 0 0 0 0 0 0 0 0 0 0 0 0 0 0 0 0 0 0 0
 0 0 0 0 0 0 0 0 0 0 0 0 0 0 0 0 0 0 0 0 0 0 0 0 0 0 0 0 0 0 0 0 0 0 0 0 0
 0 0 0 0 0 0 0 0 0 0 0 0 0 0 0 0 0 0 0 0 0 0 0 0 0 0 0 0 0 0 0 0 0 0 0 0 0
 0 0 0 0 0 0 0 0 0 0 0 0 0 0 0 0 0 0 0 0 0 0 0 0 0 0 0 0 0 0 0 0 0 0 0 0 0
 0 0 0 0 0 0 0 0 0 0 0 0 0 0 0 0 0 0 0 0 0 0 0 0 0 0 0 0 0 0 0 0 0 0 0 0 0
 0 0 0 0 0 0 0 0 0 0 0 0 0 0 0 0 0 0 0 0 0 0 0 0 0 0 0 0 0 0 0 0 0 0 0 0 0
 0 0 0 0 0 0 0 0 0 0 0 0 0 0 0 0 0 0 0 0 0 0 0 0 0 0 0 0 0 0 0 0 0 0 0 0 0
 0 0 0 0 0 0 0 0 1 1 1 1 1 1 1 1 1 1 1 1 1 1 1 1 1 1 1 1 1 1 1 1 1 1 1 1 1
 1 1 1 1 1 1 1 1 1 1 1 1 1 1 1 1 1 1 1 1 1 1 1 1 1 1 1 1 1 1 1 1 1 1 1 1 1
 1 1 1 1 1 1 1 1 1 1 1 1 1 1 1 1 1 1 1 1 1 1 1 1 1 1 1 1 1 1 1 1 1 1 1 1 1
 1 1 1 1 1 1 1 1 1 1 1 1 1 1 1 1 1 1 1 1 1 1 1 1 1 1 1 1 1 1 1 1 1 1 1 1 1
 1 1 1 1 1 1 1 1 1 1 1 1 1 1 1 1 1 1 1 1 1 1 1 1 1 1 1 1 1 1 1 1 1 1 1 1 1
 1 1 1 1 1 1 1 1 1 1 1 1 1 1 1 1 1 1 1 1 1 1 1 1 1 1 1 1 1 1 1 1 1 1 1 1 1
 1 1 1 1 1 1 1 1 1 1 1 1 1 1 1 1 1 1 1 1 1 1 1 1 1 1 1 1 1 1 1 1 1 1 1 1 1
 1 1 1 1 1 1 1 1 1 1 1 1 1 1 1 1 1 1 1 1 1 1 1 1 1 1 1 1 1 1 1 1 1 1 1 1 1
 1 1 1 1 1 1 1 1 1 1 1 1 1 1 1 1 1 1 1 1 1 1 1 1 1 1 1 1 1 1 1 1 1 1 1 1 1
 1 1 1 1 1 1 1 1 1 1 1 1 1 1 1 1 1 1 1 1 1 1 1 1 1 1 1 1 1 1 1 1 1 1 1 1 1
 1 1 1 1 1 1 1 1 1 1 1 1 1 1 1 1 1 1 1 1 1 1 1 1 1 1 1 1 1 1 1 1 1 1 1 1 1
 1 1 1 1 1 1 1 1 1 1 1 1 1 1 1 1 1 1 1 1 1 1 1 1 1 1 1 1 1 1 1 1 1 1 1 1 1
 1 1 1 1 1 1 1 1 1 1 1 1 1 1 1 1 1 1 1 1 1 1 1 1 1 1 1 1 1 1 1 1 1 1 1 1 1
 1 1 1 1 1 1 1 1 1 1 1 1 1 1 1 1 1 1 1 1 1 1 1 1 1 1 1 1 1 1 1 1 1 1 1 1 1
 1 1 1 1 1 1 1 1 1 1 1 1 1 1 1 1 1 1 1 1 1 1 1 1 1 1 1 1 1 1 1 1 1 1 1 1 1
 1 1 1 1 1 1 1 1 1 1 1 1 1 1 1 1 1 1 1 1 1 1 1 1 1 1 1 1 1 1 1 1 1 1 1 1 1
 1 1 1 1 1 1 1 1 1 1 1 1 1 1 1 1 1 1 1 1 1 1 1 1 1 1 1 1 1 1 1 1 1 1 1 1 1
 1 1 1 1 1 1 1 1 1 1 1 1 1 1 1 1 1 1 1 1 1 1 1 1 1 1 1 1 1 1 1 1 1 1 1 1 1
 1 1 1 1 1 1 1 1 1 1 1 1 1 1 1 1 1 1 1 1 1 1 1 1 1 1 1 1 1 1 1 1 1 1 1 1 1
 1]

cluster #0: 	sum elements:304  	min value: -3.58 	max value: 0.93 	mean: -2.4 	std deviation: 0.636 	median: -2.44
cluster #0 homoscedasticity NOT given with ratio = 7.963875323182992
cluster #1: 	sum elements:696  	min value: 1.03 	max value: 3.85 	mean: 2.5 	std deviation: 0.496 	median: 2.53
cluster #1 homoscedasticity given with ratio = 1.1856790123456789
homoscedasticity given for 1 of 2 used clusters

number of elements: 1000

built clusters:
cluster #0: -3.58 -- 0.93 (304)
cluster #1: 1.03 -- 3.85 (696)

score even distribution (SED) MAX: 2.12e+05
score even distribution (SED) MAX: 211584.0
SED number of digits: 6

number of used clusters (NUC) MAX: 0.2

sum variances (SV) MIN: 0.6488116394199621
sum variances (SV) MIN: 6.49e-01
ratio between SED and sv digits MAX: 0
SUM: NUC(MAX): 0.2	 SED(MAX): 2.12e+05	 SV(MIN): 6.49e-01

Mean Silhouette Coefficient of all clusters MSC(MAX): 0.87
(best value is 1 and the worst value is -1. Values near 0 indicate overlapping clusters)

Davies-Bouldin score DB(MIN): 0.17
(The minimum score is zero, with lower values indicating better clustering.)

Process finished with exit code 0
