max given buckets: 10
starting algorithm at: 16:32:21.944484

no optimal variance wanted. using threshold: 0.4
finishing algorithm at: 16:32:21.946594

running time of algorithm: 0:00:00.002110

[(0, -1.48) (0, -1.35) (0, -1.28) (0, -1.16) (0, -1.15) (0, -1.09)
 (0, -1.09) (0, -1.07) (0, -1.05) (0, -1.03) (0, -1.02) (0, -1.01)
 (0, -0.98) (0, -0.96) (0, -0.94) (0, -0.93) (0, -0.91) (0, -0.9 )
 (0, -0.88) (0, -0.88) (0, -0.85) (0, -0.81) (0, -0.81) (0, -0.79)
 (0, -0.79) (0, -0.77) (0, -0.77) (0, -0.75) (0, -0.73) (0, -0.72)
 (0, -0.71) (0, -0.71) (0, -0.71) (0, -0.71) (0, -0.69) (0, -0.68)
 (0, -0.67) (0, -0.67) (0, -0.65) (0, -0.65) (0, -0.64) (0, -0.64)
 (0, -0.62) (0, -0.62) (0, -0.61) (0, -0.6 ) (0, -0.6 ) (0, -0.59)
 (0, -0.59) (0, -0.56) (0, -0.56) (0, -0.55) (0, -0.55) (0, -0.55)
 (0, -0.54) (0, -0.53) (0, -0.52) (0, -0.52) (0, -0.51) (0, -0.51)
 (0, -0.49) (0, -0.49) (0, -0.49) (0, -0.48) (0, -0.48) (0, -0.48)
 (0, -0.46) (0, -0.46) (0, -0.45) (0, -0.45) (0, -0.45) (0, -0.45)
 (0, -0.45) (0, -0.44) (0, -0.44) (0, -0.43) (0, -0.41) (0, -0.38)
 (0, -0.38) (0, -0.37) (0, -0.37) (0, -0.37) (0, -0.36) (0, -0.36)
 (0, -0.36) (0, -0.36) (0, -0.36) (0, -0.35) (0, -0.35) (0, -0.35)
 (0, -0.34) (0, -0.34) (0, -0.33) (0, -0.33) (0, -0.33) (0, -0.33)
 (0, -0.33) (0, -0.31) (0, -0.31) (0, -0.3 ) (0, -0.3 ) (0, -0.29)
 (0, -0.28) (0, -0.28) (0, -0.26) (0, -0.26) (0, -0.26) (0, -0.26)
 (0, -0.25) (0, -0.25) (0, -0.25) (0, -0.25) (0, -0.24) (0, -0.24)
 (0, -0.24) (0, -0.23) (0, -0.23) (0, -0.22) (0, -0.21) (0, -0.21)
 (0, -0.21) (0, -0.2 ) (0, -0.2 ) (0, -0.2 ) (0, -0.2 ) (0, -0.19)
 (0, -0.19) (0, -0.18) (0, -0.18) (0, -0.18) (0, -0.18) (0, -0.18)
 (0, -0.18) (0, -0.17) (0, -0.17) (0, -0.16) (0, -0.15) (0, -0.15)
 (0, -0.15) (0, -0.14) (0, -0.14) (0, -0.14) (0, -0.13) (0, -0.12)
 (0, -0.12) (0, -0.12) (0, -0.11) (0, -0.1 ) (0, -0.1 ) (0, -0.09)
 (0, -0.09) (0, -0.08) (0, -0.08) (0, -0.08) (0, -0.08) (0, -0.07)
 (0, -0.07) (0, -0.07) (0, -0.07) (0, -0.07) (0, -0.06) (0, -0.05)
 (0, -0.04) (0, -0.04) (0, -0.03) (0, -0.03) (0, -0.03) (0, -0.03)
 (0, -0.02) (0, -0.02) (0, -0.02) (0, -0.02) (0, -0.02) (0, -0.01)
 (0, -0.01) (0, -0.01) (0, -0.  ) (0, -0.  ) (0,  0.01) (0,  0.01)
 (0,  0.01) (0,  0.01) (0,  0.02) (0,  0.02) (0,  0.02) (0,  0.02)
 (0,  0.02) (0,  0.02) (0,  0.03) (0,  0.04) (0,  0.04) (0,  0.04)
 (0,  0.05) (0,  0.05) (0,  0.05) (0,  0.06) (0,  0.06) (0,  0.06)
 (0,  0.07) (0,  0.07) (0,  0.07) (0,  0.08) (0,  0.08) (0,  0.08)
 (0,  0.08) (0,  0.09) (0,  0.09) (0,  0.09) (0,  0.09) (0,  0.09)
 (0,  0.09) (0,  0.1 ) (0,  0.1 ) (0,  0.1 ) (0,  0.1 ) (0,  0.1 )
 (0,  0.11) (0,  0.11) (0,  0.11) (0,  0.11) (0,  0.12) (0,  0.12)
 (0,  0.12) (0,  0.12) (0,  0.13) (0,  0.14) (0,  0.14) (0,  0.15)
 (0,  0.15) (0,  0.16) (0,  0.16) (0,  0.16) (0,  0.16) (0,  0.17)
 (0,  0.17) (0,  0.17) (0,  0.17) (0,  0.17) (0,  0.17) (0,  0.18)
 (0,  0.18) (0,  0.2 ) (0,  0.2 ) (0,  0.2 ) (0,  0.21) (0,  0.21)
 (0,  0.21) (0,  0.21) (0,  0.22) (0,  0.22) (0,  0.22) (0,  0.23)
 (0,  0.23) (0,  0.24) (0,  0.24) (0,  0.24) (0,  0.24) (0,  0.24)
 (0,  0.24) (0,  0.25) (0,  0.25) (0,  0.25) (0,  0.25) (0,  0.26)
 (0,  0.26) (0,  0.26) (0,  0.26) (0,  0.26) (0,  0.26) (0,  0.27)
 (0,  0.27) (0,  0.28) (0,  0.28) (0,  0.28) (0,  0.28) (0,  0.28)
 (0,  0.28) (0,  0.29) (0,  0.29) (0,  0.29) (0,  0.29) (0,  0.29)
 (0,  0.29) (0,  0.3 ) (0,  0.3 ) (0,  0.3 ) (0,  0.3 ) (0,  0.31)
 (0,  0.31) (0,  0.31) (0,  0.31) (0,  0.32) (0,  0.32) (0,  0.33)
 (0,  0.33) (0,  0.33) (0,  0.33) (0,  0.33) (0,  0.33) (0,  0.34)
 (0,  0.34) (0,  0.34) (0,  0.34) (0,  0.34) (0,  0.34) (0,  0.35)
 (0,  0.35) (0,  0.36) (0,  0.36) (0,  0.36) (0,  0.37) (0,  0.37)
 (0,  0.37) (0,  0.37) (0,  0.37) (0,  0.38) (0,  0.39) (0,  0.39)
 (0,  0.39) (0,  0.39) (0,  0.39) (0,  0.39) (0,  0.4 ) (0,  0.4 )
 (0,  0.4 ) (0,  0.41) (0,  0.42) (0,  0.42) (0,  0.42) (0,  0.43)
 (0,  0.43) (0,  0.43) (0,  0.43) (0,  0.43) (0,  0.44) (0,  0.44)
 (0,  0.44) (0,  0.44) (0,  0.44) (0,  0.44) (0,  0.44) (0,  0.44)
 (0,  0.44) (0,  0.45) (0,  0.45) (0,  0.45) (0,  0.45) (0,  0.46)
 (0,  0.46) (0,  0.46) (0,  0.46) (0,  0.46) (0,  0.47) (0,  0.47)
 (0,  0.47) (0,  0.47) (0,  0.48) (0,  0.48) (0,  0.48) (0,  0.48)
 (0,  0.49) (0,  0.49) (0,  0.5 ) (0,  0.5 ) (0,  0.51) (0,  0.51)
 (0,  0.51) (0,  0.51) (0,  0.52) (0,  0.52) (0,  0.53) (0,  0.53)
 (0,  0.54) (0,  0.54) (0,  0.55) (0,  0.55) (0,  0.55) (0,  0.56)
 (0,  0.56) (0,  0.56) (0,  0.56) (0,  0.56) (0,  0.56) (0,  0.56)
 (0,  0.58) (0,  0.58) (0,  0.58) (0,  0.59) (0,  0.59) (0,  0.59)
 (0,  0.59) (0,  0.59) (0,  0.6 ) (0,  0.6 ) (0,  0.6 ) (0,  0.6 )
 (0,  0.6 ) (0,  0.6 ) (0,  0.61) (0,  0.61) (0,  0.61) (0,  0.61)
 (0,  0.62) (0,  0.62) (0,  0.62) (0,  0.62) (0,  0.62) (0,  0.62)
 (0,  0.63) (0,  0.63) (0,  0.63) (0,  0.64) (0,  0.64) (0,  0.64)
 (0,  0.64) (0,  0.64) (0,  0.65) (0,  0.65) (0,  0.65) (0,  0.65)
 (0,  0.65) (0,  0.66) (0,  0.66) (0,  0.66) (0,  0.67) (0,  0.67)
 (0,  0.67) (0,  0.67) (0,  0.68) (0,  0.68) (0,  0.68) (0,  0.68)
 (0,  0.68) (0,  0.68) (0,  0.69) (0,  0.69) (0,  0.69) (0,  0.69)
 (0,  0.7 ) (0,  0.7 ) (0,  0.7 ) (0,  0.7 ) (0,  0.7 ) (0,  0.71)
 (0,  0.71) (0,  0.71) (0,  0.71) (0,  0.71) (0,  0.71) (0,  0.72)
 (0,  0.72) (0,  0.72) (0,  0.72) (0,  0.72) (0,  0.73) (0,  0.73)
 (0,  0.73) (0,  0.73) (0,  0.75) (0,  0.75) (0,  0.75) (0,  0.75)
 (0,  0.75) (0,  0.76) (0,  0.76) (0,  0.76) (0,  0.77) (0,  0.77)
 (0,  0.77) (0,  0.77) (0,  0.78) (0,  0.78) (0,  0.78) (0,  0.78)
 (0,  0.79) (0,  0.79) (0,  0.8 ) (0,  0.8 ) (0,  0.8 ) (0,  0.8 )
 (0,  0.8 ) (0,  0.8 ) (0,  0.8 ) (0,  0.81) (0,  0.81) (0,  0.81)
 (0,  0.81) (0,  0.81) (0,  0.81) (0,  0.81) (0,  0.81) (0,  0.81)
 (0,  0.82) (0,  0.82) (0,  0.83) (0,  0.83) (0,  0.83) (0,  0.83)
 (0,  0.84) (0,  0.85) (0,  0.85) (0,  0.86) (0,  0.86) (0,  0.87)
 (0,  0.88) (0,  0.88) (0,  0.88) (0,  0.89) (0,  0.89) (0,  0.89)
 (0,  0.89) (0,  0.9 ) (0,  0.91) (0,  0.91) (0,  0.91) (0,  0.91)
 (0,  0.91) (0,  0.91) (0,  0.92) (0,  0.92) (0,  0.92) (0,  0.92)
 (0,  0.92) (0,  0.92) (0,  0.93) (0,  0.93) (0,  0.93) (0,  0.93)
 (0,  0.94) (0,  0.94) (0,  0.94) (0,  0.94) (0,  0.95) (0,  0.96)
 (0,  0.96) (0,  0.96) (0,  0.96) (0,  0.96) (0,  0.96) (0,  0.98)
 (0,  0.98) (0,  0.98) (0,  0.98) (0,  1.  ) (0,  1.  ) (0,  1.  )
 (0,  1.01) (0,  1.01) (0,  1.01) (0,  1.01) (0,  1.01) (0,  1.01)
 (0,  1.02) (0,  1.02) (0,  1.02) (0,  1.02) (0,  1.02) (0,  1.03)
 (0,  1.03) (0,  1.03) (0,  1.03) (0,  1.03) (1,  1.04) (1,  1.04)
 (1,  1.04) (1,  1.04) (1,  1.05) (1,  1.05) (1,  1.05) (1,  1.05)
 (1,  1.05) (1,  1.06) (1,  1.06) (1,  1.06) (1,  1.06) (1,  1.07)
 (1,  1.07) (1,  1.07) (1,  1.07) (1,  1.07) (1,  1.08) (1,  1.08)
 (1,  1.08) (1,  1.08) (1,  1.09) (1,  1.09) (1,  1.09) (1,  1.1 )
 (1,  1.1 ) (1,  1.11) (1,  1.12) (1,  1.12) (1,  1.12) (1,  1.12)
 (1,  1.12) (1,  1.12) (1,  1.12) (1,  1.12) (1,  1.13) (1,  1.13)
 (1,  1.13) (1,  1.13) (1,  1.14) (1,  1.14) (1,  1.14) (1,  1.14)
 (1,  1.14) (1,  1.14) (1,  1.14) (1,  1.15) (1,  1.15) (1,  1.15)
 (1,  1.15) (1,  1.15) (1,  1.16) (1,  1.16) (1,  1.16) (1,  1.17)
 (1,  1.17) (1,  1.17) (1,  1.17) (1,  1.17) (1,  1.17) (1,  1.18)
 (1,  1.18) (1,  1.2 ) (1,  1.2 ) (1,  1.2 ) (1,  1.21) (1,  1.21)
 (1,  1.21) (1,  1.22) (1,  1.23) (1,  1.23) (1,  1.23) (1,  1.23)
 (1,  1.23) (1,  1.24) (1,  1.24) (1,  1.24) (1,  1.25) (1,  1.26)
 (1,  1.26) (1,  1.26) (1,  1.26) (1,  1.27) (1,  1.27) (1,  1.27)
 (1,  1.27) (1,  1.28) (1,  1.28) (1,  1.28) (1,  1.29) (1,  1.3 )
 (1,  1.3 ) (1,  1.31) (1,  1.31) (1,  1.32) (1,  1.32) (1,  1.32)
 (1,  1.32) (1,  1.33) (1,  1.33) (1,  1.33) (1,  1.34) (1,  1.34)
 (1,  1.34) (1,  1.34) (1,  1.34) (1,  1.34) (1,  1.34) (1,  1.34)
 (1,  1.35) (1,  1.35) (1,  1.35) (1,  1.36) (1,  1.36) (1,  1.36)
 (1,  1.36) (1,  1.36) (1,  1.36) (1,  1.37) (1,  1.37) (1,  1.37)
 (1,  1.37) (1,  1.37) (1,  1.37) (1,  1.38) (1,  1.38) (1,  1.39)
 (1,  1.39) (1,  1.4 ) (1,  1.4 ) (1,  1.41) (1,  1.41) (1,  1.41)
 (1,  1.41) (1,  1.41) (1,  1.42) (1,  1.42) (1,  1.42) (1,  1.42)
 (1,  1.43) (1,  1.44) (1,  1.46) (1,  1.46) (1,  1.48) (1,  1.48)
 (1,  1.48) (1,  1.49) (1,  1.49) (1,  1.49) (1,  1.5 ) (1,  1.5 )
 (1,  1.5 ) (1,  1.51) (1,  1.52) (1,  1.52) (1,  1.52) (1,  1.53)
 (1,  1.54) (1,  1.55) (1,  1.55) (1,  1.55) (1,  1.55) (1,  1.55)
 (1,  1.57) (1,  1.58) (1,  1.58) (1,  1.58) (1,  1.58) (1,  1.59)
 (1,  1.59) (1,  1.59) (1,  1.59) (1,  1.6 ) (1,  1.6 ) (1,  1.62)
 (1,  1.62) (1,  1.62) (1,  1.63) (1,  1.63) (1,  1.63) (1,  1.63)
 (1,  1.64) (1,  1.64) (1,  1.65) (1,  1.65) (1,  1.67) (1,  1.67)
 (1,  1.68) (1,  1.69) (1,  1.7 ) (1,  1.7 ) (1,  1.71) (1,  1.71)
 (1,  1.72) (1,  1.72) (1,  1.72) (1,  1.73) (1,  1.73) (1,  1.73)
 (1,  1.74) (1,  1.75) (1,  1.76) (1,  1.76) (1,  1.76) (1,  1.77)
 (1,  1.77) (1,  1.77) (1,  1.77) (1,  1.78) (1,  1.78) (1,  1.79)
 (1,  1.79) (1,  1.79) (1,  1.8 ) (1,  1.81) (1,  1.81) (1,  1.82)
 (1,  1.82) (1,  1.82) (1,  1.84) (1,  1.84) (1,  1.86) (1,  1.86)
 (1,  1.86) (1,  1.86) (1,  1.87) (1,  1.87) (1,  1.87) (1,  1.88)
 (1,  1.88) (1,  1.89) (1,  1.9 ) (1,  1.92) (1,  1.92) (1,  1.92)
 (1,  1.94) (1,  1.94) (1,  1.94) (1,  1.94) (1,  1.94) (1,  1.94)
 (1,  1.96) (1,  1.96) (1,  1.97) (1,  1.97) (1,  1.97) (1,  2.  )
 (1,  2.  ) (1,  2.01) (1,  2.01) (1,  2.02) (1,  2.03) (1,  2.04)
 (1,  2.04) (1,  2.05) (1,  2.05) (1,  2.06) (1,  2.06) (1,  2.08)
 (1,  2.08) (1,  2.08) (1,  2.08) (1,  2.08) (1,  2.1 ) (1,  2.11)
 (1,  2.11) (1,  2.12) (1,  2.12) (1,  2.12) (1,  2.13) (1,  2.13)
 (1,  2.14) (1,  2.15) (1,  2.15) (1,  2.16) (1,  2.16) (1,  2.17)
 (1,  2.17) (1,  2.19) (1,  2.21) (1,  2.21) (1,  2.21) (1,  2.21)
 (1,  2.22) (1,  2.22) (1,  2.23) (1,  2.23) (1,  2.23) (1,  2.23)
 (1,  2.25) (1,  2.25) (1,  2.26) (1,  2.26) (1,  2.26) (1,  2.27)
 (1,  2.27) (1,  2.27) (1,  2.27) (1,  2.28) (1,  2.3 ) (1,  2.3 )
 (1,  2.3 ) (1,  2.31) (1,  2.32) (1,  2.33) (1,  2.33) (1,  2.37)
 (1,  2.38) (1,  2.41) (1,  2.41) (1,  2.43) (1,  2.44) (1,  2.45)
 (1,  2.45) (1,  2.47) (1,  2.48) (1,  2.48) (1,  2.48) (1,  2.48)
 (1,  2.48) (1,  2.49) (1,  2.49) (1,  2.49) (1,  2.49) (1,  2.5 )
 (1,  2.5 ) (1,  2.51) (1,  2.51) (1,  2.51) (1,  2.52) (1,  2.53)
 (1,  2.53) (1,  2.54) (1,  2.55) (1,  2.58) (1,  2.59) (1,  2.59)
 (1,  2.6 ) (1,  2.63) (1,  2.64) (1,  2.66) (1,  2.66) (1,  2.66)
 (1,  2.67) (1,  2.67) (1,  2.67) (1,  2.68) (1,  2.68) (1,  2.68)
 (1,  2.68) (1,  2.68) (1,  2.69) (1,  2.72) (1,  2.74) (1,  2.76)
 (1,  2.77) (1,  2.78) (1,  2.79) (1,  2.8 ) (1,  2.8 ) (1,  2.81)
 (1,  2.84) (1,  2.85) (1,  2.87) (1,  2.9 ) (1,  2.91) (1,  2.93)
 (1,  2.95) (1,  2.96) (1,  2.96) (1,  2.98) (1,  3.01) (1,  3.02)
 (1,  3.03) (1,  3.06) (1,  3.09) (1,  3.1 ) (1,  3.11) (1,  3.17)
 (1,  3.2 ) (1,  3.21) (1,  3.23) (1,  3.23) (1,  3.24) (1,  3.24)
 (1,  3.24) (1,  3.25) (1,  3.26) (1,  3.29) (1,  3.29) (1,  3.3 )
 (1,  3.31) (1,  3.31) (1,  3.32) (1,  3.33) (1,  3.37) (1,  3.38)
 (1,  3.39) (1,  3.4 ) (1,  3.4 ) (1,  3.43) (1,  3.44) (1,  3.46)
 (1,  3.47) (1,  3.58) (1,  3.58) (1,  3.6 ) (1,  3.62) (1,  3.63)
 (1,  3.64) (1,  3.65) (1,  3.66) (1,  3.69) (1,  3.75) (1,  3.83)
 (1,  3.84) (1,  3.89) (1,  3.93) (1,  3.93) (1,  3.94) (1,  3.99)
 (1,  4.02) (1,  4.13) (1,  4.15) (1,  4.18) (1,  4.29) (1,  4.43)
 (1,  4.58) (1,  4.59) (1,  4.81) (1,  4.86) (1,  4.88) (1,  5.16)
 (1,  5.54) (1,  5.61) (1,  5.95) (1,  6.96)]


analyzing the results:
number of max cluster size: 10
number of actually used clusters: 2
min value of all elements: -1.48
max value of all elements: 6.96
mean of all elements: 1.03117
median of all elements: 0.85
standard deviation of all elements: 1.168495926864959
variance of all elements: 1.3653827311
distribution of all clusters: [0 0 0 0 0 0 0 0 0 0 0 0 0 0 0 0 0 0 0 0 0 0 0 0 0 0 0 0 0 0 0 0 0 0 0 0 0
 0 0 0 0 0 0 0 0 0 0 0 0 0 0 0 0 0 0 0 0 0 0 0 0 0 0 0 0 0 0 0 0 0 0 0 0 0
 0 0 0 0 0 0 0 0 0 0 0 0 0 0 0 0 0 0 0 0 0 0 0 0 0 0 0 0 0 0 0 0 0 0 0 0 0
 0 0 0 0 0 0 0 0 0 0 0 0 0 0 0 0 0 0 0 0 0 0 0 0 0 0 0 0 0 0 0 0 0 0 0 0 0
 0 0 0 0 0 0 0 0 0 0 0 0 0 0 0 0 0 0 0 0 0 0 0 0 0 0 0 0 0 0 0 0 0 0 0 0 0
 0 0 0 0 0 0 0 0 0 0 0 0 0 0 0 0 0 0 0 0 0 0 0 0 0 0 0 0 0 0 0 0 0 0 0 0 0
 0 0 0 0 0 0 0 0 0 0 0 0 0 0 0 0 0 0 0 0 0 0 0 0 0 0 0 0 0 0 0 0 0 0 0 0 0
 0 0 0 0 0 0 0 0 0 0 0 0 0 0 0 0 0 0 0 0 0 0 0 0 0 0 0 0 0 0 0 0 0 0 0 0 0
 0 0 0 0 0 0 0 0 0 0 0 0 0 0 0 0 0 0 0 0 0 0 0 0 0 0 0 0 0 0 0 0 0 0 0 0 0
 0 0 0 0 0 0 0 0 0 0 0 0 0 0 0 0 0 0 0 0 0 0 0 0 0 0 0 0 0 0 0 0 0 0 0 0 0
 0 0 0 0 0 0 0 0 0 0 0 0 0 0 0 0 0 0 0 0 0 0 0 0 0 0 0 0 0 0 0 0 0 0 0 0 0
 0 0 0 0 0 0 0 0 0 0 0 0 0 0 0 0 0 0 0 0 0 0 0 0 0 0 0 0 0 0 0 0 0 0 0 0 0
 0 0 0 0 0 0 0 0 0 0 0 0 0 0 0 0 0 0 0 0 0 0 0 0 0 0 0 0 0 0 0 0 0 0 0 0 0
 0 0 0 0 0 0 0 0 0 0 0 0 0 0 0 0 0 0 0 0 0 0 0 0 0 0 0 0 0 0 0 0 0 0 0 0 0
 0 0 0 0 0 0 0 0 0 0 0 0 0 0 0 0 0 0 0 0 0 0 0 0 0 0 0 0 0 0 0 0 0 0 0 0 0
 0 0 0 0 0 0 0 1 1 1 1 1 1 1 1 1 1 1 1 1 1 1 1 1 1 1 1 1 1 1 1 1 1 1 1 1 1
 1 1 1 1 1 1 1 1 1 1 1 1 1 1 1 1 1 1 1 1 1 1 1 1 1 1 1 1 1 1 1 1 1 1 1 1 1
 1 1 1 1 1 1 1 1 1 1 1 1 1 1 1 1 1 1 1 1 1 1 1 1 1 1 1 1 1 1 1 1 1 1 1 1 1
 1 1 1 1 1 1 1 1 1 1 1 1 1 1 1 1 1 1 1 1 1 1 1 1 1 1 1 1 1 1 1 1 1 1 1 1 1
 1 1 1 1 1 1 1 1 1 1 1 1 1 1 1 1 1 1 1 1 1 1 1 1 1 1 1 1 1 1 1 1 1 1 1 1 1
 1 1 1 1 1 1 1 1 1 1 1 1 1 1 1 1 1 1 1 1 1 1 1 1 1 1 1 1 1 1 1 1 1 1 1 1 1
 1 1 1 1 1 1 1 1 1 1 1 1 1 1 1 1 1 1 1 1 1 1 1 1 1 1 1 1 1 1 1 1 1 1 1 1 1
 1 1 1 1 1 1 1 1 1 1 1 1 1 1 1 1 1 1 1 1 1 1 1 1 1 1 1 1 1 1 1 1 1 1 1 1 1
 1 1 1 1 1 1 1 1 1 1 1 1 1 1 1 1 1 1 1 1 1 1 1 1 1 1 1 1 1 1 1 1 1 1 1 1 1
 1 1 1 1 1 1 1 1 1 1 1 1 1 1 1 1 1 1 1 1 1 1 1 1 1 1 1 1 1 1 1 1 1 1 1 1 1
 1 1 1 1 1 1 1 1 1 1 1 1 1 1 1 1 1 1 1 1 1 1 1 1 1 1 1 1 1 1 1 1 1 1 1 1 1
 1 1 1 1 1 1 1 1 1 1 1 1 1 1 1 1 1 1 1 1 1 1 1 1 1 1 1 1 1 1 1 1 1 1 1 1 1
 1]

cluster #0: 	sum elements:562  	min value: -1.48 	max value: 1.03 	mean: 0.2 	std deviation: 0.53 	median: 0.29
cluster #0 homoscedasticity NOT given with ratio = 4.0969661779648705
cluster #1: 	sum elements:438  	min value: 1.04 	max value: 6.96 	mean: 2.1 	std deviation: 0.925 	median: 1.82
cluster #1 homoscedasticity NOT given with ratio = 21.021359914560335
homoscedasticity given for 0 of 2 used clusters

number of elements: 1000

built clusters:
cluster #0: -1.48 -- 1.03 (562)
cluster #1: 1.04 -- 6.96 (438)

score even distribution (SED) MAX: 2.46e+05
score even distribution (SED) MAX: 246156.0
SED number of digits: 6

number of used clusters (NUC) MAX: 0.2

sum variances (SV) MIN: 1.133892886231263
sum variances (SV) MIN: 1.13e+00
ratio between SED and sv digits MAX: 0
SUM: NUC(MAX): 0.2	 SED(MAX): 2.46e+05	 SV(MIN): 1.13e+00

Mean Silhouette Coefficient of all clusters MSC(MAX): 0.55
(best value is 1 and the worst value is -1. Values near 0 indicate overlapping clusters)

Davies-Bouldin score DB(MIN): 0.63
(The minimum score is zero, with lower values indicating better clustering.)

Process finished with exit code 0
