max given buckets: 10
starting algorithm at: 16:33:07.701970

no optimal variance wanted. using threshold: 0.4
finishing algorithm at: 16:33:07.704276

running time of algorithm: 0:00:00.002306

[(0, 0.000e+00) (0, 0.000e+00) (0, 1.000e-02) (0, 1.000e-02)
 (0, 1.000e-02) (0, 1.000e-02) (0, 1.000e-02) (0, 1.000e-02)
 (0, 2.000e-02) (0, 2.000e-02) (0, 2.000e-02) (0, 3.000e-02)
 (0, 4.000e-02) (0, 4.000e-02) (0, 4.000e-02) (0, 5.000e-02)
 (0, 5.000e-02) (0, 5.000e-02) (0, 5.000e-02) (0, 5.000e-02)
 (0, 6.000e-02) (0, 6.000e-02) (0, 7.000e-02) (0, 7.000e-02)
 (0, 7.000e-02) (0, 7.000e-02) (0, 8.000e-02) (0, 8.000e-02)
 (0, 8.000e-02) (0, 1.000e-01) (0, 1.100e-01) (0, 1.100e-01)
 (0, 1.100e-01) (0, 1.200e-01) (0, 1.200e-01) (0, 1.200e-01)
 (0, 1.200e-01) (0, 1.200e-01) (0, 1.300e-01) (0, 1.300e-01)
 (0, 1.400e-01) (0, 1.400e-01) (0, 1.400e-01) (0, 1.500e-01)
 (0, 1.500e-01) (0, 1.500e-01) (0, 1.600e-01) (0, 1.600e-01)
 (0, 1.600e-01) (0, 1.600e-01) (0, 1.700e-01) (0, 1.800e-01)
 (0, 1.800e-01) (0, 1.800e-01) (0, 1.800e-01) (0, 1.800e-01)
 (0, 1.900e-01) (0, 2.000e-01) (0, 2.100e-01) (0, 2.200e-01)
 (0, 2.200e-01) (0, 2.300e-01) (0, 2.400e-01) (0, 2.400e-01)
 (0, 2.500e-01) (0, 2.500e-01) (0, 2.600e-01) (0, 2.700e-01)
 (0, 2.700e-01) (0, 2.800e-01) (0, 2.800e-01) (0, 2.800e-01)
 (0, 2.800e-01) (0, 2.800e-01) (0, 2.900e-01) (0, 3.000e-01)
 (0, 3.100e-01) (0, 3.100e-01) (0, 3.100e-01) (0, 3.100e-01)
 (0, 3.200e-01) (0, 3.300e-01) (0, 3.300e-01) (0, 3.300e-01)
 (0, 3.400e-01) (0, 3.400e-01) (0, 3.400e-01) (0, 3.500e-01)
 (0, 3.500e-01) (0, 3.500e-01) (0, 3.600e-01) (0, 3.600e-01)
 (0, 3.700e-01) (0, 3.700e-01) (0, 3.700e-01) (0, 3.700e-01)
 (0, 3.800e-01) (0, 3.900e-01) (0, 4.000e-01) (0, 4.100e-01)
 (0, 4.100e-01) (0, 4.100e-01) (0, 4.200e-01) (0, 4.200e-01)
 (0, 4.200e-01) (0, 4.200e-01) (0, 4.200e-01) (0, 4.300e-01)
 (0, 4.300e-01) (0, 4.300e-01) (0, 4.300e-01) (0, 4.400e-01)
 (0, 4.400e-01) (0, 4.400e-01) (0, 4.400e-01) (0, 4.400e-01)
 (0, 4.400e-01) (0, 4.500e-01) (0, 4.600e-01) (0, 4.600e-01)
 (0, 4.600e-01) (0, 4.600e-01) (0, 4.600e-01) (0, 4.600e-01)
 (0, 4.700e-01) (0, 4.800e-01) (0, 4.800e-01) (0, 4.800e-01)
 (0, 5.000e-01) (0, 5.000e-01) (0, 5.000e-01) (0, 5.100e-01)
 (0, 5.100e-01) (0, 5.100e-01) (0, 5.200e-01) (0, 5.300e-01)
 (0, 5.300e-01) (0, 5.400e-01) (0, 5.500e-01) (0, 5.500e-01)
 (0, 5.500e-01) (0, 5.500e-01) (0, 5.600e-01) (0, 5.600e-01)
 (0, 5.600e-01) (0, 5.700e-01) (0, 5.700e-01) (0, 5.700e-01)
 (0, 5.800e-01) (0, 5.900e-01) (0, 5.900e-01) (0, 5.900e-01)
 (0, 6.100e-01) (0, 6.200e-01) (0, 6.200e-01) (0, 6.200e-01)
 (0, 6.200e-01) (0, 6.300e-01) (0, 6.400e-01) (0, 6.400e-01)
 (0, 6.600e-01) (0, 6.600e-01) (0, 6.600e-01) (0, 6.700e-01)
 (0, 6.700e-01) (0, 6.700e-01) (0, 6.700e-01) (0, 6.800e-01)
 (0, 6.800e-01) (0, 6.900e-01) (0, 6.900e-01) (0, 6.900e-01)
 (0, 6.900e-01) (0, 7.000e-01) (0, 7.000e-01) (0, 7.000e-01)
 (0, 7.200e-01) (0, 7.500e-01) (0, 7.500e-01) (0, 7.500e-01)
 (0, 7.600e-01) (0, 7.600e-01) (0, 7.700e-01) (0, 7.700e-01)
 (0, 7.700e-01) (0, 7.700e-01) (0, 7.800e-01) (0, 8.100e-01)
 (0, 8.200e-01) (0, 8.200e-01) (0, 8.200e-01) (0, 8.300e-01)
 (0, 8.400e-01) (0, 8.400e-01) (0, 8.400e-01) (0, 8.500e-01)
 (0, 8.500e-01) (0, 8.500e-01) (0, 8.600e-01) (0, 8.600e-01)
 (0, 8.800e-01) (0, 9.000e-01) (0, 9.000e-01) (0, 9.000e-01)
 (0, 9.100e-01) (0, 9.200e-01) (0, 9.300e-01) (0, 9.300e-01)
 (0, 9.400e-01) (0, 9.400e-01) (0, 9.400e-01) (0, 9.500e-01)
 (0, 9.600e-01) (0, 9.700e-01) (0, 9.800e-01) (0, 9.800e-01)
 (0, 9.900e-01) (0, 9.900e-01) (0, 9.900e-01) (0, 1.000e+00)
 (0, 1.000e+00) (0, 1.010e+00) (0, 1.010e+00) (0, 1.010e+00)
 (0, 1.020e+00) (0, 1.040e+00) (0, 1.040e+00) (0, 1.050e+00)
 (0, 1.060e+00) (0, 1.060e+00) (0, 1.070e+00) (0, 1.080e+00)
 (0, 1.080e+00) (0, 1.090e+00) (0, 1.100e+00) (0, 1.110e+00)
 (0, 1.120e+00) (0, 1.120e+00) (0, 1.130e+00) (0, 1.130e+00)
 (0, 1.130e+00) (0, 1.130e+00) (0, 1.130e+00) (0, 1.140e+00)
 (0, 1.140e+00) (0, 1.140e+00) (0, 1.140e+00) (0, 1.170e+00)
 (0, 1.170e+00) (0, 1.180e+00) (0, 1.180e+00) (0, 1.180e+00)
 (0, 1.180e+00) (0, 1.190e+00) (0, 1.190e+00) (0, 1.190e+00)
 (0, 1.200e+00) (0, 1.210e+00) (0, 1.210e+00) (0, 1.210e+00)
 (0, 1.220e+00) (0, 1.230e+00) (0, 1.230e+00) (0, 1.230e+00)
 (0, 1.240e+00) (0, 1.240e+00) (0, 1.260e+00) (0, 1.270e+00)
 (0, 1.270e+00) (0, 1.280e+00) (0, 1.290e+00) (0, 1.290e+00)
 (0, 1.300e+00) (0, 1.300e+00) (0, 1.300e+00) (0, 1.300e+00)
 (0, 1.310e+00) (0, 1.310e+00) (0, 1.310e+00) (0, 1.320e+00)
 (0, 1.320e+00) (0, 1.330e+00) (0, 1.340e+00) (0, 1.340e+00)
 (0, 1.350e+00) (0, 1.360e+00) (0, 1.360e+00) (0, 1.360e+00)
 (0, 1.360e+00) (0, 1.370e+00) (0, 1.370e+00) (0, 1.380e+00)
 (0, 1.380e+00) (0, 1.380e+00) (0, 1.390e+00) (0, 1.390e+00)
 (0, 1.390e+00) (0, 1.390e+00) (0, 1.390e+00) (0, 1.400e+00)
 (0, 1.400e+00) (0, 1.400e+00) (0, 1.410e+00) (0, 1.410e+00)
 (0, 1.410e+00) (0, 1.420e+00) (0, 1.420e+00) (0, 1.430e+00)
 (0, 1.430e+00) (0, 1.430e+00) (0, 1.440e+00) (0, 1.440e+00)
 (0, 1.440e+00) (0, 1.450e+00) (0, 1.450e+00) (0, 1.460e+00)
 (0, 1.460e+00) (0, 1.460e+00) (0, 1.480e+00) (0, 1.480e+00)
 (0, 1.490e+00) (0, 1.500e+00) (0, 1.510e+00) (0, 1.510e+00)
 (0, 1.520e+00) (0, 1.520e+00) (0, 1.520e+00) (0, 1.530e+00)
 (0, 1.530e+00) (0, 1.540e+00) (0, 1.540e+00) (0, 1.550e+00)
 (0, 1.550e+00) (0, 1.550e+00) (0, 1.560e+00) (0, 1.560e+00)
 (0, 1.570e+00) (0, 1.580e+00) (0, 1.580e+00) (0, 1.580e+00)
 (0, 1.580e+00) (0, 1.590e+00) (0, 1.600e+00) (0, 1.600e+00)
 (0, 1.600e+00) (0, 1.610e+00) (0, 1.640e+00) (0, 1.650e+00)
 (0, 1.650e+00) (0, 1.660e+00) (0, 1.660e+00) (0, 1.670e+00)
 (0, 1.690e+00) (0, 1.690e+00) (0, 1.710e+00) (0, 1.710e+00)
 (0, 1.720e+00) (0, 1.760e+00) (0, 1.760e+00) (0, 1.770e+00)
 (0, 1.790e+00) (0, 1.790e+00) (0, 1.810e+00) (0, 1.810e+00)
 (0, 1.820e+00) (0, 1.820e+00) (0, 1.830e+00) (0, 1.830e+00)
 (0, 1.840e+00) (0, 1.840e+00) (0, 1.840e+00) (0, 1.850e+00)
 (0, 1.860e+00) (0, 1.860e+00) (0, 1.870e+00) (0, 1.870e+00)
 (0, 1.870e+00) (0, 1.880e+00) (0, 1.890e+00) (0, 1.890e+00)
 (0, 1.890e+00) (0, 1.890e+00) (0, 1.900e+00) (0, 1.910e+00)
 (0, 1.910e+00) (0, 1.910e+00) (0, 1.920e+00) (0, 1.920e+00)
 (0, 1.920e+00) (0, 1.930e+00) (0, 1.940e+00) (0, 1.940e+00)
 (0, 1.950e+00) (0, 1.950e+00) (0, 1.970e+00) (0, 1.980e+00)
 (0, 1.990e+00) (0, 2.000e+00) (0, 2.010e+00) (0, 2.020e+00)
 (0, 2.030e+00) (0, 2.040e+00) (0, 2.050e+00) (0, 2.050e+00)
 (0, 2.060e+00) (0, 2.100e+00) (0, 2.100e+00) (0, 2.110e+00)
 (0, 2.110e+00) (0, 2.110e+00) (0, 2.120e+00) (0, 2.130e+00)
 (0, 2.130e+00) (0, 2.140e+00) (0, 2.150e+00) (0, 2.150e+00)
 (0, 2.150e+00) (0, 2.150e+00) (0, 2.150e+00) (0, 2.160e+00)
 (0, 2.160e+00) (0, 2.170e+00) (0, 2.170e+00) (0, 2.170e+00)
 (0, 2.170e+00) (0, 2.170e+00) (0, 2.180e+00) (0, 2.190e+00)
 (0, 2.190e+00) (0, 2.210e+00) (0, 2.210e+00) (0, 2.210e+00)
 (0, 2.240e+00) (0, 2.240e+00) (0, 2.250e+00) (0, 2.260e+00)
 (0, 2.260e+00) (0, 2.270e+00) (0, 2.270e+00) (0, 2.280e+00)
 (0, 2.290e+00) (0, 2.290e+00) (0, 2.300e+00) (0, 2.310e+00)
 (0, 2.310e+00) (0, 2.310e+00) (0, 2.320e+00) (0, 2.340e+00)
 (0, 2.350e+00) (0, 2.350e+00) (0, 2.370e+00) (0, 2.380e+00)
 (0, 2.380e+00) (0, 2.390e+00) (0, 2.390e+00) (0, 2.390e+00)
 (0, 2.400e+00) (0, 2.410e+00) (0, 2.420e+00) (0, 2.420e+00)
 (0, 2.420e+00) (0, 2.420e+00) (0, 2.430e+00) (0, 2.430e+00)
 (0, 2.440e+00) (0, 2.440e+00) (0, 2.440e+00) (0, 2.440e+00)
 (0, 2.450e+00) (0, 2.460e+00) (0, 2.460e+00) (0, 2.470e+00)
 (0, 2.480e+00) (0, 2.480e+00) (0, 2.480e+00) (0, 2.480e+00)
 (0, 2.490e+00) (0, 2.490e+00) (0, 2.490e+00) (0, 2.500e+00)
 (0, 2.510e+00) (0, 2.510e+00) (0, 2.520e+00) (0, 2.530e+00)
 (0, 2.530e+00) (0, 2.540e+00) (0, 2.550e+00) (0, 2.570e+00)
 (0, 2.580e+00) (0, 2.600e+00) (0, 2.610e+00) (0, 2.610e+00)
 (0, 2.610e+00) (0, 2.620e+00) (0, 2.640e+00) (0, 2.640e+00)
 (0, 2.650e+00) (0, 2.650e+00) (0, 2.670e+00) (0, 2.680e+00)
 (0, 2.680e+00) (0, 2.680e+00) (0, 2.680e+00) (0, 2.690e+00)
 (0, 2.700e+00) (0, 2.710e+00) (0, 2.720e+00) (0, 2.720e+00)
 (0, 2.720e+00) (0, 2.770e+00) (0, 2.770e+00) (0, 2.770e+00)
 (0, 2.780e+00) (0, 2.780e+00) (0, 2.780e+00) (0, 2.790e+00)
 (0, 2.790e+00) (0, 2.810e+00) (0, 2.840e+00) (0, 2.840e+00)
 (0, 2.850e+00) (0, 2.850e+00) (0, 2.860e+00) (0, 2.870e+00)
 (0, 2.870e+00) (0, 2.920e+00) (0, 2.920e+00) (0, 2.940e+00)
 (0, 2.950e+00) (0, 2.950e+00) (0, 2.960e+00) (0, 3.010e+00)
 (0, 3.030e+00) (0, 3.040e+00) (0, 3.040e+00) (0, 3.040e+00)
 (0, 3.050e+00) (0, 3.050e+00) (0, 3.050e+00) (0, 3.060e+00)
 (0, 3.060e+00) (0, 3.070e+00) (0, 3.070e+00) (0, 3.070e+00)
 (0, 3.070e+00) (0, 3.090e+00) (0, 3.110e+00) (0, 3.140e+00)
 (0, 3.170e+00) (0, 3.170e+00) (0, 3.180e+00) (0, 3.180e+00)
 (0, 3.200e+00) (0, 3.210e+00) (0, 3.210e+00) (0, 3.210e+00)
 (0, 3.210e+00) (0, 3.230e+00) (0, 3.230e+00) (0, 3.250e+00)
 (0, 3.260e+00) (0, 3.260e+00) (0, 3.260e+00) (0, 3.280e+00)
 (0, 3.290e+00) (0, 3.290e+00) (0, 3.290e+00) (0, 3.310e+00)
 (0, 3.320e+00) (0, 3.330e+00) (0, 3.350e+00) (0, 3.380e+00)
 (0, 3.390e+00) (0, 3.390e+00) (0, 3.410e+00) (0, 3.430e+00)
 (0, 3.430e+00) (0, 3.440e+00) (0, 3.440e+00) (0, 3.450e+00)
 (0, 3.450e+00) (0, 3.450e+00) (0, 3.450e+00) (0, 3.450e+00)
 (0, 3.450e+00) (0, 3.450e+00) (0, 3.450e+00) (0, 3.460e+00)
 (0, 3.470e+00) (0, 3.470e+00) (0, 3.470e+00) (0, 3.500e+00)
 (0, 3.510e+00) (0, 3.520e+00) (0, 3.580e+00) (0, 3.580e+00)
 (0, 3.600e+00) (0, 3.610e+00) (0, 3.620e+00) (0, 3.620e+00)
 (0, 3.620e+00) (0, 3.620e+00) (0, 3.640e+00) (0, 3.650e+00)
 (0, 3.670e+00) (0, 3.670e+00) (0, 3.670e+00) (0, 3.670e+00)
 (0, 3.690e+00) (0, 3.690e+00) (0, 3.690e+00) (0, 3.700e+00)
 (0, 3.700e+00) (0, 3.710e+00) (0, 3.710e+00) (0, 3.730e+00)
 (0, 3.730e+00) (0, 3.730e+00) (0, 3.770e+00) (0, 3.790e+00)
 (0, 3.790e+00) (0, 3.800e+00) (0, 3.800e+00) (0, 3.810e+00)
 (0, 3.810e+00) (0, 3.810e+00) (0, 3.810e+00) (0, 3.830e+00)
 (0, 3.840e+00) (0, 3.840e+00) (0, 3.860e+00) (0, 3.870e+00)
 (1, 3.910e+00) (1, 3.920e+00) (1, 3.920e+00) (1, 3.920e+00)
 (1, 3.920e+00) (1, 3.940e+00) (1, 3.950e+00) (1, 3.950e+00)
 (1, 3.960e+00) (1, 3.970e+00) (1, 3.970e+00) (1, 3.970e+00)
 (1, 3.980e+00) (1, 3.990e+00) (1, 4.000e+00) (1, 4.000e+00)
 (1, 4.000e+00) (1, 4.000e+00) (1, 4.010e+00) (1, 4.020e+00)
 (1, 4.040e+00) (1, 4.050e+00) (1, 4.050e+00) (1, 4.070e+00)
 (1, 4.110e+00) (1, 4.120e+00) (1, 4.130e+00) (1, 4.150e+00)
 (1, 4.170e+00) (1, 4.190e+00) (1, 4.190e+00) (1, 4.190e+00)
 (1, 4.230e+00) (1, 4.230e+00) (1, 4.250e+00) (1, 4.250e+00)
 (1, 4.250e+00) (1, 4.260e+00) (1, 4.260e+00) (1, 4.270e+00)
 (1, 4.290e+00) (1, 4.310e+00) (1, 4.310e+00) (1, 4.320e+00)
 (1, 4.330e+00) (1, 4.340e+00) (1, 4.360e+00) (1, 4.360e+00)
 (1, 4.400e+00) (1, 4.420e+00) (1, 4.420e+00) (1, 4.430e+00)
 (1, 4.430e+00) (1, 4.470e+00) (1, 4.470e+00) (1, 4.480e+00)
 (1, 4.490e+00) (1, 4.510e+00) (1, 4.520e+00) (1, 4.550e+00)
 (1, 4.550e+00) (1, 4.590e+00) (1, 4.590e+00) (1, 4.640e+00)
 (1, 4.690e+00) (1, 4.740e+00) (1, 4.760e+00) (1, 4.760e+00)
 (1, 4.790e+00) (1, 4.800e+00) (1, 4.810e+00) (1, 4.830e+00)
 (1, 4.850e+00) (1, 4.850e+00) (1, 4.850e+00) (1, 4.860e+00)
 (1, 4.870e+00) (1, 4.890e+00) (1, 4.900e+00) (1, 4.910e+00)
 (1, 4.910e+00) (1, 4.930e+00) (1, 4.930e+00) (1, 4.950e+00)
 (1, 4.990e+00) (1, 5.010e+00) (1, 5.010e+00) (1, 5.030e+00)
 (1, 5.030e+00) (1, 5.040e+00) (1, 5.050e+00) (1, 5.120e+00)
 (1, 5.120e+00) (1, 5.120e+00) (1, 5.130e+00) (1, 5.200e+00)
 (1, 5.200e+00) (1, 5.220e+00) (1, 5.220e+00) (1, 5.230e+00)
 (1, 5.230e+00) (1, 5.240e+00) (1, 5.250e+00) (1, 5.250e+00)
 (1, 5.270e+00) (1, 5.270e+00) (1, 5.320e+00) (1, 5.330e+00)
 (1, 5.330e+00) (1, 5.350e+00) (1, 5.350e+00) (1, 5.360e+00)
 (1, 5.380e+00) (1, 5.420e+00) (1, 5.420e+00) (1, 5.430e+00)
 (1, 5.430e+00) (1, 5.470e+00) (1, 5.490e+00) (1, 5.540e+00)
 (1, 5.560e+00) (1, 5.570e+00) (1, 5.580e+00) (1, 5.580e+00)
 (1, 5.600e+00) (1, 5.620e+00) (1, 5.620e+00) (1, 5.620e+00)
 (1, 5.650e+00) (1, 5.660e+00) (1, 5.670e+00) (1, 5.680e+00)
 (1, 5.700e+00) (1, 5.720e+00) (1, 5.720e+00) (1, 5.760e+00)
 (1, 5.770e+00) (1, 5.810e+00) (1, 5.810e+00) (1, 5.830e+00)
 (1, 5.890e+00) (1, 5.920e+00) (1, 5.920e+00) (1, 5.960e+00)
 (1, 6.000e+00) (1, 6.010e+00) (1, 6.020e+00) (1, 6.020e+00)
 (1, 6.030e+00) (1, 6.040e+00) (1, 6.040e+00) (1, 6.060e+00)
 (1, 6.080e+00) (1, 6.120e+00) (1, 6.150e+00) (1, 6.180e+00)
 (1, 6.180e+00) (1, 6.190e+00) (1, 6.200e+00) (1, 6.200e+00)
 (1, 6.210e+00) (1, 6.210e+00) (1, 6.250e+00) (1, 6.260e+00)
 (1, 6.280e+00) (1, 6.300e+00) (1, 6.330e+00) (1, 6.340e+00)
 (1, 6.340e+00) (1, 6.390e+00) (1, 6.430e+00) (1, 6.430e+00)
 (1, 6.520e+00) (1, 6.540e+00) (1, 6.540e+00) (1, 6.540e+00)
 (1, 6.590e+00) (1, 6.620e+00) (1, 6.630e+00) (1, 6.640e+00)
 (1, 6.650e+00) (1, 6.650e+00) (1, 6.680e+00) (1, 6.680e+00)
 (1, 6.700e+00) (1, 6.720e+00) (1, 6.720e+00) (1, 6.720e+00)
 (1, 6.730e+00) (1, 6.740e+00) (1, 6.750e+00) (1, 6.760e+00)
 (1, 6.800e+00) (1, 6.810e+00) (1, 6.820e+00) (1, 6.870e+00)
 (1, 6.890e+00) (1, 6.890e+00) (1, 6.890e+00) (1, 6.890e+00)
 (1, 6.900e+00) (1, 6.900e+00) (1, 6.980e+00) (1, 7.020e+00)
 (1, 7.030e+00) (1, 7.070e+00) (1, 7.080e+00) (1, 7.100e+00)
 (1, 7.120e+00) (1, 7.120e+00) (1, 7.130e+00) (1, 7.140e+00)
 (1, 7.140e+00) (1, 7.150e+00) (1, 7.160e+00) (1, 7.230e+00)
 (1, 7.250e+00) (1, 7.270e+00) (1, 7.280e+00) (1, 7.300e+00)
 (1, 7.350e+00) (1, 7.360e+00) (1, 7.370e+00) (1, 7.370e+00)
 (1, 7.370e+00) (1, 7.510e+00) (1, 7.530e+00) (1, 7.540e+00)
 (1, 7.670e+00) (1, 7.710e+00) (1, 7.730e+00) (1, 7.750e+00)
 (1, 7.760e+00) (2, 7.800e+00) (2, 7.870e+00) (2, 7.930e+00)
 (2, 7.970e+00) (2, 7.980e+00) (2, 7.990e+00) (2, 7.990e+00)
 (2, 7.990e+00) (2, 8.040e+00) (2, 8.050e+00) (2, 8.140e+00)
 (2, 8.150e+00) (2, 8.160e+00) (2, 8.200e+00) (2, 8.260e+00)
 (2, 8.300e+00) (2, 8.400e+00) (2, 8.470e+00) (2, 8.480e+00)
 (2, 8.550e+00) (2, 8.560e+00) (2, 8.580e+00) (2, 8.600e+00)
 (2, 8.600e+00) (2, 8.630e+00) (2, 8.640e+00) (2, 8.730e+00)
 (2, 8.760e+00) (2, 8.820e+00) (2, 8.900e+00) (2, 8.930e+00)
 (2, 8.940e+00) (2, 8.940e+00) (2, 9.000e+00) (2, 9.020e+00)
 (2, 9.080e+00) (2, 9.080e+00) (2, 9.090e+00) (2, 9.120e+00)
 (2, 9.140e+00) (2, 9.140e+00) (2, 9.250e+00) (2, 9.270e+00)
 (2, 9.280e+00) (2, 9.280e+00) (2, 9.340e+00) (2, 9.370e+00)
 (2, 9.380e+00) (2, 9.420e+00) (2, 9.420e+00) (2, 9.510e+00)
 (2, 9.510e+00) (2, 9.520e+00) (2, 9.540e+00) (2, 9.550e+00)
 (2, 9.650e+00) (2, 9.680e+00) (2, 9.750e+00) (2, 9.780e+00)
 (2, 9.890e+00) (2, 1.003e+01) (2, 1.005e+01) (2, 1.009e+01)
 (2, 1.028e+01) (2, 1.034e+01) (2, 1.045e+01) (2, 1.047e+01)
 (2, 1.054e+01) (2, 1.057e+01) (2, 1.067e+01) (2, 1.071e+01)
 (2, 1.076e+01) (2, 1.087e+01) (2, 1.106e+01) (2, 1.107e+01)
 (2, 1.110e+01) (2, 1.118e+01) (2, 1.123e+01) (2, 1.124e+01)
 (2, 1.128e+01) (2, 1.130e+01) (2, 1.132e+01) (2, 1.138e+01)
 (2, 1.139e+01) (2, 1.143e+01) (2, 1.147e+01) (2, 1.160e+01)
 (3, 1.163e+01) (3, 1.169e+01) (3, 1.180e+01) (3, 1.182e+01)
 (3, 1.197e+01) (3, 1.207e+01) (3, 1.210e+01) (3, 1.221e+01)
 (3, 1.232e+01) (3, 1.233e+01) (3, 1.247e+01) (3, 1.247e+01)
 (3, 1.258e+01) (3, 1.265e+01) (3, 1.270e+01) (3, 1.271e+01)
 (3, 1.297e+01) (3, 1.316e+01) (3, 1.326e+01) (3, 1.328e+01)
 (3, 1.331e+01) (3, 1.363e+01) (3, 1.386e+01) (3, 1.403e+01)
 (3, 1.456e+01) (3, 1.503e+01) (3, 1.504e+01) (3, 1.540e+01)
 (4, 1.556e+01) (4, 1.556e+01) (4, 1.557e+01) (4, 1.598e+01)
 (4, 1.632e+01) (4, 1.651e+01) (4, 1.673e+01) (4, 1.725e+01)
 (4, 1.767e+01) (4, 1.835e+01) (4, 1.844e+01) (4, 1.890e+01)
 (4, 1.895e+01) (4, 1.915e+01) (4, 1.978e+01) (4, 2.063e+01)
 (4, 2.213e+01) (4, 2.537e+01) (4, 2.537e+01) (4, 2.646e+01)]


analyzing the results:
number of max cluster size: 10
number of actually used clusters: 5
min value of all elements: 0.0
max value of all elements: 26.46
mean of all elements: 3.89401
median of all elements: 2.68
standard deviation of all elements: 3.8567273458075824
variance of all elements: 14.874345819899998
distribution of all clusters: [0 0 0 0 0 0 0 0 0 0 0 0 0 0 0 0 0 0 0 0 0 0 0 0 0 0 0 0 0 0 0 0 0 0 0 0 0
 0 0 0 0 0 0 0 0 0 0 0 0 0 0 0 0 0 0 0 0 0 0 0 0 0 0 0 0 0 0 0 0 0 0 0 0 0
 0 0 0 0 0 0 0 0 0 0 0 0 0 0 0 0 0 0 0 0 0 0 0 0 0 0 0 0 0 0 0 0 0 0 0 0 0
 0 0 0 0 0 0 0 0 0 0 0 0 0 0 0 0 0 0 0 0 0 0 0 0 0 0 0 0 0 0 0 0 0 0 0 0 0
 0 0 0 0 0 0 0 0 0 0 0 0 0 0 0 0 0 0 0 0 0 0 0 0 0 0 0 0 0 0 0 0 0 0 0 0 0
 0 0 0 0 0 0 0 0 0 0 0 0 0 0 0 0 0 0 0 0 0 0 0 0 0 0 0 0 0 0 0 0 0 0 0 0 0
 0 0 0 0 0 0 0 0 0 0 0 0 0 0 0 0 0 0 0 0 0 0 0 0 0 0 0 0 0 0 0 0 0 0 0 0 0
 0 0 0 0 0 0 0 0 0 0 0 0 0 0 0 0 0 0 0 0 0 0 0 0 0 0 0 0 0 0 0 0 0 0 0 0 0
 0 0 0 0 0 0 0 0 0 0 0 0 0 0 0 0 0 0 0 0 0 0 0 0 0 0 0 0 0 0 0 0 0 0 0 0 0
 0 0 0 0 0 0 0 0 0 0 0 0 0 0 0 0 0 0 0 0 0 0 0 0 0 0 0 0 0 0 0 0 0 0 0 0 0
 0 0 0 0 0 0 0 0 0 0 0 0 0 0 0 0 0 0 0 0 0 0 0 0 0 0 0 0 0 0 0 0 0 0 0 0 0
 0 0 0 0 0 0 0 0 0 0 0 0 0 0 0 0 0 0 0 0 0 0 0 0 0 0 0 0 0 0 0 0 0 0 0 0 0
 0 0 0 0 0 0 0 0 0 0 0 0 0 0 0 0 0 0 0 0 0 0 0 0 0 0 0 0 0 0 0 0 0 0 0 0 0
 0 0 0 0 0 0 0 0 0 0 0 0 0 0 0 0 0 0 0 0 0 0 0 0 0 0 0 0 0 0 0 0 0 0 0 0 0
 0 0 0 0 0 0 0 0 0 0 0 0 0 0 0 0 0 0 0 0 0 0 0 0 0 0 0 0 0 0 0 0 0 0 0 0 0
 0 0 0 0 0 0 0 0 0 0 0 0 0 0 0 0 0 0 0 0 0 0 0 0 0 0 0 0 0 0 0 0 0 0 0 0 0
 0 0 0 0 0 0 0 0 0 0 0 0 0 0 0 0 0 0 0 0 0 0 0 0 0 0 0 0 0 0 0 0 0 0 0 0 0
 0 0 0 1 1 1 1 1 1 1 1 1 1 1 1 1 1 1 1 1 1 1 1 1 1 1 1 1 1 1 1 1 1 1 1 1 1
 1 1 1 1 1 1 1 1 1 1 1 1 1 1 1 1 1 1 1 1 1 1 1 1 1 1 1 1 1 1 1 1 1 1 1 1 1
 1 1 1 1 1 1 1 1 1 1 1 1 1 1 1 1 1 1 1 1 1 1 1 1 1 1 1 1 1 1 1 1 1 1 1 1 1
 1 1 1 1 1 1 1 1 1 1 1 1 1 1 1 1 1 1 1 1 1 1 1 1 1 1 1 1 1 1 1 1 1 1 1 1 1
 1 1 1 1 1 1 1 1 1 1 1 1 1 1 1 1 1 1 1 1 1 1 1 1 1 1 1 1 1 1 1 1 1 1 1 1 1
 1 1 1 1 1 1 1 1 1 1 1 1 1 1 1 1 1 1 1 1 1 1 1 1 1 1 1 1 1 1 1 1 1 1 1 1 1
 1 1 1 1 1 1 1 1 1 1 1 1 1 1 2 2 2 2 2 2 2 2 2 2 2 2 2 2 2 2 2 2 2 2 2 2 2
 2 2 2 2 2 2 2 2 2 2 2 2 2 2 2 2 2 2 2 2 2 2 2 2 2 2 2 2 2 2 2 2 2 2 2 2 2
 2 2 2 2 2 2 2 2 2 2 2 2 2 2 2 2 2 2 2 2 2 2 2 2 2 2 2 3 3 3 3 3 3 3 3 3 3
 3 3 3 3 3 3 3 3 3 3 3 3 3 3 3 3 3 3 4 4 4 4 4 4 4 4 4 4 4 4 4 4 4 4 4 4 4
 4]

cluster #0: 	sum elements:632  	min value: 0.0 	max value: 3.87 	mean: 1.6 	std deviation: 1.112 	median: 1.46
cluster #0 homoscedasticity NOT given with ratio = 2.0128515624999994
cluster #1: 	sum elements:233  	min value: 3.91 	max value: 7.76 	mean: 5.6 	std deviation: 1.108 	median: 5.43
cluster #1 homoscedasticity NOT given with ratio = 1.6335562480305323
cluster #2: 	sum elements:87  	min value: 7.8 	max value: 11.6 	mean: 9.5 	std deviation: 1.108 	median: 9.28
cluster #2 homoscedasticity NOT given with ratio = 1.5259515570934248
cluster #3: 	sum elements:28  	min value: 11.63 	max value: 15.4 	mean: 13.0 	std deviation: 1.065 	median: 12.675
cluster #3 homoscedasticity NOT given with ratio = 3.068890191272848
cluster #4: 	sum elements:20  	min value: 15.56 	max value: 26.46 	mean: 19.0 	std deviation: 3.391 	median: 18.395000000000003
cluster #4 homoscedasticity NOT given with ratio = 4.702846133044892
homoscedasticity given for 0 of 5 used clusters

number of elements: 1000

built clusters:
cluster #0: 0.0 -- 3.87 (632)
cluster #1: 3.91 -- 7.76 (233)
cluster #2: 7.8 -- 11.6 (87)
cluster #3: 11.63 -- 15.4 (28)
cluster #4: 15.56 -- 26.46 (20)

score even distribution (SED) MAX: 7.17e+09
score even distribution (SED) MAX: 7174312320.0
SED number of digits: 10

number of used clusters (NUC) MAX: 0.5

sum variances (SV) MIN: 15.689807683813182
sum variances (SV) MIN: 1.57e+01
ratio between SED and sv digits MAX: 0
SUM: NUC(MAX): 0.5	 SED(MAX): 7.17e+09	 SV(MIN): 1.57e+01

Mean Silhouette Coefficient of all clusters MSC(MAX): 0.58
(best value is 1 and the worst value is -1. Values near 0 indicate overlapping clusters)

Davies-Bouldin score DB(MIN): 0.52
(The minimum score is zero, with lower values indicating better clustering.)

Process finished with exit code 0
