starting algorithm at: 15:51:35.778862
[1] "[R] success: found onlayargument for clusters and trim"
[1] "[R] clusters:"
[1] 10
[1] "[R] trim-factor:"
[1] 0.1
[1] "[R] script finished"
[ 1.  4.  4.  4.  1.  5.  5.  1.  8.  1.  8.  1.  8.  9.  8.  9.  4.  9.
  9.  7.  7. 10.  4.  9.  7.  7.  4.  4.  7.  4.  7.  9. 10.  4.  7. 10.
 10. 10.  7.  7.  9.  9.  8.  8.  8.  7.  9.  1.  4.  4.  7. 10.  8.  9.
  9.  8.  7.  7.  7.  7.  4.  4.  7.  7. 10.  9.  7. 10. 10. 10.  7. 10.
 10. 10.  7.  7. 10.  7.  7.  7. 10.  7.  8.  8.  8.  7.  4.  4.  7. 10.
 10. 10.  7.  7. 10. 10. 10.  4.  7.  9.  8.  8.  8.  7.  4.  1.  9.  9.
  9.  9.  9.  9. 10.  4.  4.  9.  9.  4.  9.  7.  1.  2.  1.  1.  8.  9.
  4.  9.  8.  9.  4.  4.  4.  4.  9.  4.  9.  9.  4.  7.  9.  4.  9.  4.
  7.  4.  4.  2.  2.  1.  2.  8.  6.  5.  1.  0.  6.  5.  1.  1.  5.  1.
  1.  5.  1.  5.  5.  5.  5.  1.  1.  1.  6.  5.  1.  6.  2.  2.  1.  2.
  3.  3.  2.  6.  0.  3.  0.  1.  1.  0.  0.  0.  1.  8.  0.  6.  0.  2.
  1.  2. 10.  0.  2.  6.  0.  0.  0.  2.  2.  0.  6.  0.  3.  0.  2.  8.
  8.  1.  2.  0.  2.  1.  1.  8.  1.  8.  0.  6.  5.  5.  0.  2.  1.  0.
  2.  0.  0.  2.  5.  6.  3.  0.  0.  5.  5.  3. 10.  0.  3.  6.  6.  3.
  6.  6.  3.  0.  6.  3.  3.  3.  0.  6.  3.  6.  3. 10.  3.  3.  3.  3.
  3.  0. 10. 10.  6.  2.  6.  3.  3.  2.  3.  6. 10. 10.  0.  0.  6.  6.
  2.  2.  3. 10. 10.  0.  6.  3.  6. 10.  3.  3. 10.  0.  0.  0.  5.  2.
  0.  6.  5.  5.  5.  3.  0. 10. 10.  3.  3.  8.  4.  8.  2.  0.  0.  2.
  1.  2.  6.  1.  6.  6.  6.  5.  7.  2.  6.  0.  5. 10.  7.  8.  9.  0.
  0.  0.  2.  1.  2.  5.  9.  8.  2.  2.  5.  1.  9.  8.  6.  6.  0.  6.
  1.  8.  1.  4.  4.  9.]
finishing algorithm at: 15:52:01.974742

running time of algorithm: 0:00:26.195880


frquencies result
[( 1,  8. ) ( 4, 14. ) ( 4, 13.7) ( 4, 13.3) ( 1,  7.6) ( 5,  6.2)
 ( 5,  6.1) ( 1,  8.3) ( 8,  8.8) ( 1,  8.4) ( 8,  9.1) ( 1,  8.5)
 ( 8, 10.1) ( 9, 12.1) ( 8, 10.1) ( 9, 12.4) ( 4, 13.8) ( 9, 11.7)
 ( 9, 12.4) ( 7, 15.6) ( 7, 15.3) (10, 16.4) ( 4, 12.8) ( 9, 12. )
 ( 7, 15.4) ( 7, 15.6) ( 4, 13.3) ( 4, 12.9) ( 7, 15.1) ( 4, 13.6)
 ( 7, 15.1) ( 9, 11.6) (10, 16.6) ( 4, 13.3) ( 7, 14.5) (10, 16.3)
 (10, 17.2) (10, 16.5) ( 7, 15. ) ( 7, 14.9) ( 9, 11.8) ( 9, 11.7)
 ( 8,  9.6) ( 8,  8.9) ( 8, 10.1) ( 7, 15.5) ( 9, 10.8) ( 1,  7.5)
 ( 4, 12.8) ( 4, 12.6) ( 7, 14.8) (10, 19.9) ( 8,  9.2) ( 9, 12.4)
 ( 9, 11.3) ( 8,  9.8) ( 7, 14.3) ( 7, 15.1) ( 7, 14.4) ( 7, 15.4)
 ( 4, 13.8) ( 4, 13.6) ( 7, 14.3) ( 7, 15.9) (10, 16.7) ( 9, 12.1)
 ( 7, 14.3) (10, 16.5) (10, 16.5) (10, 17.5) ( 7, 14.7) (10, 17.5)
 (10, 20.9) (10, 17. ) ( 7, 16. ) ( 7, 15.4) (10, 17.9) ( 7, 15.2)
 ( 7, 15.1) ( 7, 15.3) (10, 17.2) ( 7, 15.9) ( 8, 10. ) ( 8,  9.9)
 ( 8, 10.3) ( 7, 15.4) ( 4, 12.7) ( 4, 13.2) ( 7, 15.3) (10, 17.9)
 (10, 18. ) (10, 17.6) ( 7, 16. ) ( 7, 14.9) (10, 17.1) (10, 18.2)
 (10, 16.8) ( 4, 13.6) ( 7, 14.5) ( 9, 12.4) ( 8, 10.4) ( 8,  9.1)
 ( 8,  8.9) ( 7, 14.5) ( 4, 12.6) ( 1,  8.6) ( 9, 10.8) ( 9, 11.2)
 ( 9, 12.1) ( 9, 10.8) ( 9, 11.4) ( 9, 12. ) (10, 16.3) ( 4, 12.7)
 ( 4, 12.7) ( 9, 12. ) ( 9, 11.5) ( 4, 13. ) ( 9, 11.7) ( 7, 14.8)
 ( 1,  7.7) ( 2,  4.4) ( 1,  7.4) ( 1,  8.3) ( 8, 10.1) ( 9, 12. )
 ( 4, 12.9) ( 9, 10.8) ( 8,  9.5) ( 9, 12.1) ( 4, 12.5) ( 4, 13.9)
 ( 4, 13.3) ( 4, 13.2) ( 9, 12.3) ( 4, 13.8) ( 9, 11.3) ( 9, 11.7)
 ( 4, 12.5) ( 7, 15.1) ( 9, 11.5) ( 4, 13. ) ( 9, 11.6) ( 4, 12.8)
 ( 7, 15.5) ( 4, 13.1) ( 4, 12.6) ( 2,  4.4) ( 2,  4.4) ( 1,  7.1)
 ( 2,  4.2) ( 8,  9.6) ( 6,  3.5) ( 5,  5.3) ( 1,  7. ) ( 0,  0.4)
 ( 6,  3.2) ( 5,  5.9) ( 1,  8.1) ( 1,  6.9) ( 5,  5.6) ( 1,  7.2)
 ( 1,  7.1) ( 5,  6.1) ( 1,  7.1) ( 5,  5.6) ( 5,  5.4) ( 5,  6.3)
 ( 5,  5.3) ( 1,  7.9) ( 1,  8.4) ( 1,  8.1) ( 6,  2.4) ( 5,  5.6)
 ( 1,  7.5) ( 6,  2.5) ( 2,  5. ) ( 2,  3.8) ( 1,  7.9) ( 2,  4.3)
 ( 3, -2.1) ( 3, -1.8) ( 2,  3.8) ( 6,  2.1) ( 0,  0.5) ( 3, -0.9)
 ( 0,  0.4) ( 1,  7.5) ( 1,  8.3) ( 0, -0.2) ( 0,  0.1) ( 0,  1.5)
 ( 1,  8.3) ( 8,  9.4) ( 0,  1.3) ( 6,  2.2) ( 0, -0.4) ( 2,  4.5)
 ( 1,  7.9) ( 2,  4.3) (10, -2.7) ( 0,  0.3) ( 2,  3.8) ( 6,  2.4)
 ( 0,  1.2) ( 0,  1.2) ( 0, -0.3) ( 2,  4.7) ( 2,  4.9) ( 0,  1.4)
 ( 6,  2.2) ( 0, -0.1) ( 3, -0.9) ( 0,  0.6) ( 2,  4.6) ( 8,  9.8)
 ( 8, 10.6) ( 1,  7.8) ( 2,  4.4) ( 0, -0.2) ( 2,  4.3) ( 1,  7.4)
 ( 1,  8.6) ( 8, 10.2) ( 1,  7.3) ( 8,  8.7) ( 0,  1. ) ( 6,  2.1)
 ( 5,  6.4) ( 5,  5.4) ( 0,  0.4) ( 2,  4. ) ( 1,  8.4) ( 0,  0.4)
 ( 2,  4.2) ( 0,  0.9) ( 0,  0.8) ( 2,  4.3) ( 5,  6.3) ( 6,  3.5)
 ( 3, -1.5) ( 0,  1.2) ( 0,  0.5) ( 5,  5.3) ( 5,  6.6) ( 3, -1.6)
 (10, -3.1) ( 0, -0.1) ( 3, -0.6) ( 6,  3. ) ( 6,  2.9) ( 3, -1.3)
 ( 6,  1.8) ( 6,  2.9) ( 3, -2.6) ( 0,  0.5) ( 6,  2.7) ( 3, -1.7)
 ( 3, -0.9) ( 3, -1.8) ( 0,  1.3) ( 6,  2.4) ( 3, -1.1) ( 6,  2.3)
 ( 3, -2.2) (10, -3.5) ( 3, -1. ) ( 3, -2.1) ( 3, -2. ) ( 3, -2.3)
 ( 3, -1.6) ( 0,  0.8) (10, -2.8) (10, -2.8) ( 6,  3. ) ( 2,  4.4)
 ( 6,  2.3) ( 3, -2. ) ( 3, -1.9) ( 2,  4.8) ( 3, -0.6) ( 6,  3.1)
 (10, -2.9) (10, -3.5) ( 0, -0.3) ( 0,  0.1) ( 6,  2.3) ( 6,  2.1)
 ( 2,  4.6) ( 2,  3.7) ( 3, -1.3) (10, -3.4) (10, -5.3) ( 0,  0. )
 ( 6,  2.4) ( 3, -0.6) ( 6,  2.3) (10, -3.7) ( 3, -0.9) ( 3, -1.5)
 (10, -3.3) ( 0, -0.1) ( 0, -0.2) ( 0,  0.5) ( 5,  6.1) ( 2,  4.1)
 ( 0,  0.1) ( 6,  3.2) ( 5,  5.4) ( 5,  5.8) ( 5,  6.3) ( 3, -0.9)
 ( 0,  0.2) (10, -3.7) (10, -2.7) ( 3, -2.5) ( 3, -0.5) ( 8,  9. )
 ( 4, 13.1) ( 8,  8.7) ( 2,  3.9) ( 0,  0.7) ( 0,  1.1) ( 2,  5.1)
 ( 1,  7.5) ( 2,  4.7) ( 6,  3.2) ( 1,  7.8) ( 6,  2.4) ( 6,  3.2)
 ( 6,  2.5) ( 5,  6.5) ( 7, 14.4) ( 2,  4.9) ( 6,  2.3) ( 0,  1.4)
 ( 5,  5.6) (10, 16.8) ( 7, 14.4) ( 8, 10.3) ( 9, 11.2) ( 0,  0.3)
 ( 0,  0.5) ( 0,  0.5) ( 2,  4.6) ( 1,  8.2) ( 2,  4.5) ( 5,  6.7)
 ( 9, 11.9) ( 8,  9.2) ( 2,  4.4) ( 2,  5. ) ( 5,  6.7) ( 1,  8.3)
 ( 9, 11.3) ( 8,  9. ) ( 6,  3.4) ( 6,  3.2) ( 0,  0.9) ( 6,  3.3)
 ( 1,  7.9) ( 8,  9. ) ( 1,  7.1) ( 4, 12.5) ( 4, 12.5) ( 9, 12.3)]

36 determined outlier frequencies:
[16.4 16.6 16.3 17.2 16.5 19.9 16.7 16.5 16.5 17.5 17.5 20.9 17.  17.9
 17.2 17.9 18.  17.6 17.1 18.2 16.8 16.3 -2.7 -3.1 -3.5 -2.8 -2.8 -2.9
 -3.5 -3.4 -5.3 -3.7 -3.3 -3.7 -2.7 16.8]
analyze method without outliers


analyzing the results:
number of max cluster size: 10
number of actually used clusters: 10
min value of all elements: -2.6
max value of all elements: 16.0
mean of all elements: 6.9796969696969695
median of all elements: 7.1
standard deviation of all elements: 5.333306998901926
variance of all elements: 28.530619968683794
distribution of all clusters: [0 0 0 0 0 0 0 0 0 0 0 0 0 0 0 0 0 0 0 0 0 0 0 0 0 0 0 0 0 0 0 0 0 0 0 0 0
 0 0 0 0 0 1 1 1 1 1 1 1 1 1 1 1 1 1 1 1 1 1 1 1 1 1 1 1 1 1 1 1 1 1 1 1 1
 1 1 1 1 1 2 2 2 2 2 2 2 2 2 2 2 2 2 2 2 2 2 2 2 2 2 2 2 2 2 2 2 2 2 2 2 2
 3 3 3 3 3 3 3 3 3 3 3 3 3 3 3 3 3 3 3 3 3 3 3 3 3 3 3 3 3 4 4 4 4 4 4 4 4
 4 4 4 4 4 4 4 4 4 4 4 4 4 4 4 4 4 4 4 4 4 4 4 4 4 4 5 5 5 5 5 5 5 5 5 5 5
 5 5 5 5 5 5 5 5 5 5 5 5 5 6 6 6 6 6 6 6 6 6 6 6 6 6 6 6 6 6 6 6 6 6 6 6 6
 6 6 6 6 6 6 6 6 6 7 7 7 7 7 7 7 7 7 7 7 7 7 7 7 7 7 7 7 7 7 7 7 7 7 7 7 7
 7 7 7 7 7 7 7 7 8 8 8 8 8 8 8 8 8 8 8 8 8 8 8 8 8 8 8 8 8 8 8 8 8 8 8 8 8
 9 9 9 9 9 9 9 9 9 9 9 9 9 9 9 9 9 9 9 9 9 9 9 9 9 9 9 9 9 9 9 9 9 9]

cluster #0: 	sum elements:42  	min value: -0.4 	max value: 1.5 	mean: 0.5 	std deviation: 0.543 	median: 0.5
cluster #0 homoscedasticity given with ratio = 1.2345679012345678
cluster #1: 	sum elements:37  	min value: 6.9 	max value: 8.6 	mean: 7.8 	std deviation: 0.507 	median: 7.9
cluster #1 homoscedasticity given with ratio = 1.2656249999999991
cluster #2: 	sum elements:32  	min value: 3.7 	max value: 5.1 	mean: 4.4 	std deviation: 0.376 	median: 4.4
cluster #2 homoscedasticity given with ratio = 1.0000000000000027
cluster #3: 	sum elements:29  	min value: -2.6 	max value: -0.5 	mean: -1.5 	std deviation: 0.617 	median: -1.5
cluster #3 homoscedasticity given with ratio = 1.2100000000000002
cluster #4: 	sum elements:34  	min value: 12.5 	max value: 14.0 	mean: 13.1 	std deviation: 0.469 	median: 13.05
cluster #4 homoscedasticity NOT given with ratio = 2.250000000000004
cluster #5: 	sum elements:24  	min value: 5.3 	max value: 6.7 	mean: 5.9 	std deviation: 0.477 	median: 6.0
cluster #5 homoscedasticity NOT given with ratio = 1.7777777777777737
cluster #6: 	sum elements:33  	min value: 1.8 	max value: 3.5 	mean: 2.7 	std deviation: 0.484 	median: 2.5
cluster #6 homoscedasticity given with ratio = 1.265625000000001
cluster #7: 	sum elements:36  	min value: 14.3 	max value: 16.0 	mean: 15.1 	std deviation: 0.51 	median: 15.1
cluster #7 homoscedasticity given with ratio = 1.2656250000000042
cluster #8: 	sum elements:29  	min value: 8.7 	max value: 10.6 	mean: 9.6 	std deviation: 0.581 	median: 9.6
cluster #8 homoscedasticity given with ratio = 1.234567901234567
cluster #9: 	sum elements:34  	min value: 10.8 	max value: 12.4 	mean: 11.7 	std deviation: 0.497 	median: 11.7
cluster #9 homoscedasticity NOT given with ratio = 1.6530612244897855
homoscedasticity given for 7 of 10 used clusters

number of elements: 330

built clusters:
cluster #3: -2.6 -- -0.5 (29)
cluster #0: -0.4 -- 1.5 (42)
cluster #6: 1.8 -- 3.5 (33)
cluster #2: 3.7 -- 5.1 (32)
cluster #5: 5.3 -- 6.7 (24)
cluster #1: 6.9 -- 8.6 (37)
cluster #8: 8.7 -- 10.6 (29)
cluster #9: 10.8 -- 12.4 (34)
cluster #4: 12.5 -- 14.0 (34)
cluster #7: 14.3 -- 16.0 (36)

score even distribution (SED) MAX: 1.38e+15
score even distribution (SED) MAX: 1378422980960256.0
SED number of digits: 16

number of used clusters (NUC) MAX: 1.0

sum variances (SV) MIN: 2.520126851597551
sum variances (SV) MIN: 2.52e+00
ratio between SED and sv digits MAX: 0
SUM: NUC(MAX): 1.0	 SED(MAX): 1.38e+15	 SV(MIN): 2.52e+00

Mean Silhouette Coefficient of all clusters MSC(MAX): 0.57
(best value is 1 and the worst value is -1. Values near 0 indicate overlapping clusters)

Davies-Bouldin score DB(MIN): 0.5
(The minimum score is zero, with lower values indicating better clustering.)

Process finished with exit code 0
