

TRIAL: 1
***********


starting algorithm at: 10:50:57.251502
[1] "[R] success: found arguments for clusters and trim factor"
[1] "[R] clusters:"
[1] 9
[1] "[R] trim-factor:"
[1] 0.1
[1] "[R] script finished"
[8. 6. 9. 4. 1. 1. 1. 8. 8. 8. 8. 8. 0. 4. 0. 4. 9. 4. 4. 6. 6. 9. 4. 4.
 6. 6. 4. 4. 6. 4. 6. 4. 9. 4. 6. 9. 9. 9. 6. 6. 4. 4. 0. 8. 0. 6. 0. 1.
 4. 4. 6. 9. 8. 4. 0. 0. 6. 6. 6. 6. 9. 4. 6. 6. 9. 4. 6. 9. 9. 9. 6. 9.
 9. 9. 6. 6. 9. 6. 6. 6. 9. 6. 0. 0. 0. 6. 4. 4. 6. 9. 9. 9. 6. 6. 9. 9.
 9. 4. 6. 4. 0. 8. 8. 6. 4. 8. 0. 0. 4. 0. 0. 4. 9. 4. 4. 4. 0. 4. 4. 6.
 8. 3. 1. 8. 0. 4. 4. 0. 8. 4. 4. 9. 4. 4. 4. 9. 0. 4. 4. 6. 0. 4. 4. 4.
 6. 4. 4. 3. 3. 1. 3. 0. 5. 3. 1. 7. 5. 1. 8. 1. 3. 1. 1. 1. 1. 3. 3. 1.
 3. 8. 8. 8. 5. 3. 1. 5. 3. 3. 8. 3. 2. 2. 3. 5. 7. 2. 7. 1. 8. 7. 7. 7.
 8. 8. 7. 5. 7. 3. 8. 3. 2. 7. 3. 5. 7. 7. 7. 3. 3. 7. 5. 7. 2. 7. 3. 0.
 0. 8. 3. 7. 3. 1. 8. 0. 1. 8. 7. 5. 1. 3. 7. 3. 8. 7. 3. 7. 7. 3. 1. 5.
 2. 7. 7. 3. 1. 2. 9. 7. 7. 5. 5. 2. 5. 5. 2. 7. 5. 2. 2. 2. 7. 5. 2. 5.
 2. 9. 2. 2. 2. 2. 2. 7. 2. 2. 5. 3. 5. 2. 2. 3. 7. 5. 2. 9. 7. 7. 5. 5.
 3. 3. 2. 9. 9. 7. 5. 7. 5. 9. 2. 2. 9. 7. 7. 7. 1. 3. 7. 5. 3. 1. 1. 2.
 7. 9. 2. 2. 7. 8. 4. 8. 3. 7. 7. 3. 1. 3. 5. 8. 5. 5. 5. 1. 6. 3. 5. 7.
 3. 9. 6. 0. 0. 7. 7. 7. 3. 8. 3. 1. 4. 8. 3. 3. 1. 8. 0. 8. 5. 5. 7. 5.
 8. 8. 1. 4. 4. 4.]
finishing algorithm at: 10:51:25.012666

running time of algorithm: 0:00:27.761164


frquencies result
[(8,  8. ) (6, 14. ) (9, 13.7) (4, 13.3) (1,  7.6) (1,  6.2) (1,  6.1)
 (8,  8.3) (8,  8.8) (8,  8.4) (8,  9.1) (8,  8.5) (0, 10.1) (4, 12.1)
 (0, 10.1) (4, 12.4) (9, 13.8) (4, 11.7) (4, 12.4) (6, 15.6) (6, 15.3)
 (9, 16.4) (4, 12.8) (4, 12. ) (6, 15.4) (6, 15.6) (4, 13.3) (4, 12.9)
 (6, 15.1) (4, 13.6) (6, 15.1) (4, 11.6) (9, 16.6) (4, 13.3) (6, 14.5)
 (9, 16.3) (9, 17.2) (9, 16.5) (6, 15. ) (6, 14.9) (4, 11.8) (4, 11.7)
 (0,  9.6) (8,  8.9) (0, 10.1) (6, 15.5) (0, 10.8) (1,  7.5) (4, 12.8)
 (4, 12.6) (6, 14.8) (9, 19.9) (8,  9.2) (4, 12.4) (0, 11.3) (0,  9.8)
 (6, 14.3) (6, 15.1) (6, 14.4) (6, 15.4) (9, 13.8) (4, 13.6) (6, 14.3)
 (6, 15.9) (9, 16.7) (4, 12.1) (6, 14.3) (9, 16.5) (9, 16.5) (9, 17.5)
 (6, 14.7) (9, 17.5) (9, 20.9) (9, 17. ) (6, 16. ) (6, 15.4) (9, 17.9)
 (6, 15.2) (6, 15.1) (6, 15.3) (9, 17.2) (6, 15.9) (0, 10. ) (0,  9.9)
 (0, 10.3) (6, 15.4) (4, 12.7) (4, 13.2) (6, 15.3) (9, 17.9) (9, 18. )
 (9, 17.6) (6, 16. ) (6, 14.9) (9, 17.1) (9, 18.2) (9, 16.8) (4, 13.6)
 (6, 14.5) (4, 12.4) (0, 10.4) (8,  9.1) (8,  8.9) (6, 14.5) (4, 12.6)
 (8,  8.6) (0, 10.8) (0, 11.2) (4, 12.1) (0, 10.8) (0, 11.4) (4, 12. )
 (9, 16.3) (4, 12.7) (4, 12.7) (4, 12. ) (0, 11.5) (4, 13. ) (4, 11.7)
 (6, 14.8) (8,  7.7) (3,  4.4) (1,  7.4) (8,  8.3) (0, 10.1) (4, 12. )
 (4, 12.9) (0, 10.8) (8,  9.5) (4, 12.1) (4, 12.5) (9, 13.9) (4, 13.3)
 (4, 13.2) (4, 12.3) (9, 13.8) (0, 11.3) (4, 11.7) (4, 12.5) (6, 15.1)
 (0, 11.5) (4, 13. ) (4, 11.6) (4, 12.8) (6, 15.5) (4, 13.1) (4, 12.6)
 (3,  4.4) (3,  4.4) (1,  7.1) (3,  4.2) (0,  9.6) (5,  3.5) (3,  5.3)
 (1,  7. ) (7,  0.4) (5,  3.2) (1,  5.9) (8,  8.1) (1,  6.9) (3,  5.6)
 (1,  7.2) (1,  7.1) (1,  6.1) (1,  7.1) (3,  5.6) (3,  5.4) (1,  6.3)
 (3,  5.3) (8,  7.9) (8,  8.4) (8,  8.1) (5,  2.4) (3,  5.6) (1,  7.5)
 (5,  2.5) (3,  5. ) (3,  3.8) (8,  7.9) (3,  4.3) (2, -2.1) (2, -1.8)
 (3,  3.8) (5,  2.1) (7,  0.5) (2, -0.9) (7,  0.4) (1,  7.5) (8,  8.3)
 (7, -0.2) (7,  0.1) (7,  1.5) (8,  8.3) (8,  9.4) (7,  1.3) (5,  2.2)
 (7, -0.4) (3,  4.5) (8,  7.9) (3,  4.3) (2, -2.7) (7,  0.3) (3,  3.8)
 (5,  2.4) (7,  1.2) (7,  1.2) (7, -0.3) (3,  4.7) (3,  4.9) (7,  1.4)
 (5,  2.2) (7, -0.1) (2, -0.9) (7,  0.6) (3,  4.6) (0,  9.8) (0, 10.6)
 (8,  7.8) (3,  4.4) (7, -0.2) (3,  4.3) (1,  7.4) (8,  8.6) (0, 10.2)
 (1,  7.3) (8,  8.7) (7,  1. ) (5,  2.1) (1,  6.4) (3,  5.4) (7,  0.4)
 (3,  4. ) (8,  8.4) (7,  0.4) (3,  4.2) (7,  0.9) (7,  0.8) (3,  4.3)
 (1,  6.3) (5,  3.5) (2, -1.5) (7,  1.2) (7,  0.5) (3,  5.3) (1,  6.6)
 (2, -1.6) (9, -3.1) (7, -0.1) (7, -0.6) (5,  3. ) (5,  2.9) (2, -1.3)
 (5,  1.8) (5,  2.9) (2, -2.6) (7,  0.5) (5,  2.7) (2, -1.7) (2, -0.9)
 (2, -1.8) (7,  1.3) (5,  2.4) (2, -1.1) (5,  2.3) (2, -2.2) (9, -3.5)
 (2, -1. ) (2, -2.1) (2, -2. ) (2, -2.3) (2, -1.6) (7,  0.8) (2, -2.8)
 (2, -2.8) (5,  3. ) (3,  4.4) (5,  2.3) (2, -2. ) (2, -1.9) (3,  4.8)
 (7, -0.6) (5,  3.1) (2, -2.9) (9, -3.5) (7, -0.3) (7,  0.1) (5,  2.3)
 (5,  2.1) (3,  4.6) (3,  3.7) (2, -1.3) (9, -3.4) (9, -5.3) (7,  0. )
 (5,  2.4) (7, -0.6) (5,  2.3) (9, -3.7) (2, -0.9) (2, -1.5) (9, -3.3)
 (7, -0.1) (7, -0.2) (7,  0.5) (1,  6.1) (3,  4.1) (7,  0.1) (5,  3.2)
 (3,  5.4) (1,  5.8) (1,  6.3) (2, -0.9) (7,  0.2) (9, -3.7) (2, -2.7)
 (2, -2.5) (7, -0.5) (8,  9. ) (4, 13.1) (8,  8.7) (3,  3.9) (7,  0.7)
 (7,  1.1) (3,  5.1) (1,  7.5) (3,  4.7) (5,  3.2) (8,  7.8) (5,  2.4)
 (5,  3.2) (5,  2.5) (1,  6.5) (6, 14.4) (3,  4.9) (5,  2.3) (7,  1.4)
 (3,  5.6) (9, 16.8) (6, 14.4) (0, 10.3) (0, 11.2) (7,  0.3) (7,  0.5)
 (7,  0.5) (3,  4.6) (8,  8.2) (3,  4.5) (1,  6.7) (4, 11.9) (8,  9.2)
 (3,  4.4) (3,  5. ) (1,  6.7) (8,  8.3) (0, 11.3) (8,  9. ) (5,  3.4)
 (5,  3.2) (7,  0.9) (5,  3.3) (8,  7.9) (8,  9. ) (1,  7.1) (4, 12.5)
 (4, 12.5) (4, 12.3)]

36 determined outlier frequencies:
[13.7 13.8 16.4 16.6 16.3 17.2 16.5 19.9 13.8 16.7 16.5 16.5 17.5 17.5
 20.9 17.  17.9 17.2 17.9 18.  17.6 17.1 18.2 16.8 16.3 13.9 13.8 -3.1
 -3.5 -3.5 -3.4 -5.3 -3.7 -3.3 -3.7 16.8]
analyze method containing outliers


analyzing the results:
number of max cluster size: 10
number of actually used clusters: 10
min value of all elements: -5.3
max value of all elements: 20.9
mean of all elements: 7.2655737704918035
median of all elements: 7.45
standard deviation of all elements: 6.017562236643699
variance of all elements: 36.31026364248821
distribution of all clusters: [0 0 0 0 0 0 0 0 0 0 0 0 0 0 0 0 0 0 0 0 0 0 0 0 0 0 0 1 1 1 1 1 1 1 1 1 1
 1 1 1 1 1 1 1 1 1 1 1 1 1 1 1 1 1 1 1 2 2 2 2 2 2 2 2 2 2 2 2 2 2 2 2 2 2
 2 2 2 2 2 2 2 2 2 2 2 2 3 3 3 3 3 3 3 3 3 3 3 3 3 3 3 3 3 3 3 3 3 3 3 3 3
 3 3 3 3 3 3 3 3 3 3 3 3 3 3 3 3 3 4 4 4 4 4 4 4 4 4 4 4 4 4 4 4 4 4 4 4 4
 4 4 4 4 4 4 4 4 4 4 4 4 4 4 4 4 4 4 4 4 4 4 4 4 4 4 4 4 4 4 5 5 5 5 5 5 5
 5 5 5 5 5 5 5 5 5 5 5 5 5 5 5 5 5 5 5 5 5 5 5 5 5 5 6 6 6 6 6 6 6 6 6 6 6
 6 6 6 6 6 6 6 6 6 6 6 6 6 6 6 6 6 6 6 6 6 6 6 6 6 6 7 7 7 7 7 7 7 7 7 7 7
 7 7 7 7 7 7 7 7 7 7 7 7 7 7 7 7 7 7 7 7 7 7 7 7 7 7 7 7 7 7 7 7 7 7 7 8 8
 8 8 8 8 8 8 8 8 8 8 8 8 8 8 8 8 8 8 8 8 8 8 8 8 8 8 8 8 8 8 8 8 8 8 9 9 9
 9 9 9 9 9 9 9 9 9 9 9 9 9 9 9 9 9 9 9 9 9 9 9 9 9 9 9 9 9 9 9 9 9]

cluster #0: 	sum elements:27  	min value: 9.6 	max value: 11.5 	mean: 10.5 	std deviation: 0.622 	median: 10.4
cluster #0 homoscedasticity given with ratio = 1.234567901234567
cluster #1: 	sum elements:29  	min value: 5.8 	max value: 7.6 	mean: 6.8 	std deviation: 0.562 	median: 6.9
cluster #1 homoscedasticity NOT given with ratio = 1.5625000000000009
cluster #2: 	sum elements:30  	min value: -2.9 	max value: -0.9 	mean: -1.8 	std deviation: 0.659 	median: -1.8
cluster #2 homoscedasticity given with ratio = 1.4938271604938267
cluster #3: 	sum elements:42  	min value: 3.7 	max value: 5.6 	mean: 4.7 	std deviation: 0.56 	median: 4.55
cluster #3 homoscedasticity given with ratio = 1.2345679012345694
cluster #4: 	sum elements:50  	min value: 11.6 	max value: 13.6 	mean: 12.5 	std deviation: 0.569 	median: 12.5
cluster #4 homoscedasticity given with ratio = 1.4938271604938251
cluster #5: 	sum elements:33  	min value: 1.8 	max value: 3.5 	mean: 2.7 	std deviation: 0.484 	median: 2.5
cluster #5 homoscedasticity given with ratio = 1.265625000000001
cluster #6: 	sum elements:37  	min value: 14.0 	max value: 16.0 	mean: 15.1 	std deviation: 0.533 	median: 15.1
cluster #6 homoscedasticity given with ratio = 1.4938271604938251
cluster #7: 	sum elements:46  	min value: -0.6 	max value: 1.5 	mean: 0.4 	std deviation: 0.603 	median: 0.4
cluster #7 homoscedasticity given with ratio = 1.2100000000000002
cluster #8: 	sum elements:36  	min value: 7.7 	max value: 9.5 	mean: 8.5 	std deviation: 0.499 	median: 8.4
cluster #8 homoscedasticity NOT given with ratio = 1.5625000000000009
cluster #9: 	sum elements:36  	min value: -5.3 	max value: 20.9 	mean: 12.2 	std deviation: 8.744 	median: 16.5
cluster #9 homoscedasticity NOT given with ratio = 4.0461091293433755
homoscedasticity given for 7 of 10 used clusters

number of elements: 366

built clusters:
cluster #9: -5.3 -- 20.9 (36)
cluster #2: -2.9 -- -0.9 (30)
cluster #7: -0.6 -- 1.5 (46)
cluster #5: 1.8 -- 3.5 (33)
cluster #3: 3.7 -- 5.6 (42)
cluster #1: 5.8 -- 7.6 (29)
cluster #8: 7.7 -- 9.5 (36)
cluster #0: 9.6 -- 11.5 (27)
cluster #4: 11.6 -- 13.6 (50)
cluster #6: 14.0 -- 16.0 (37)

score even distribution (SED) MAX: 3.59e+15
score even distribution (SED) MAX: 3590713947744000.0
SED number of digits: 16

number of used clusters (NUC) MAX: 1.0

sum variances (SV) MIN: 77.15450778106327
sum variances (SV) MIN: 7.72e+01
ratio between SED and sv digits MAX: 0
SUM: NUC(MAX): 1.0	 SED(MAX): 3.59e+15	 SV(MIN): 7.72e+01

Mean Silhouette Coefficient of all clusters MSC(MAX): 0.46
(best value is 1 and the worst value is -1. Values near 0 indicate overlapping clusters)

Davies-Bouldin score DB(MIN): 5.7
(The minimum score is zero, with lower values indicating better clustering.)

overlapping range found in clusters!!

finished all 1 trials


Variances (Population):
 NUC: 0.0,
 SED: 0.0,
 SV: 0.0,
 MSC: 0.0000



TEST NUCs: [1.]

Process finished with exit code 0
