max given buckets: 10
starting algorithm at: 17:10:17.335080
[(-5.3, 7.265573770491811), (7.265573770491811, 20.9)]
finishing algorithm at: 17:10:17.336287

running time of algorithm: 0:00:00.001207

[(0, -5.3) (0, -3.7) (0, -3.7) (0, -3.5) (0, -3.5) (0, -3.4) (0, -3.3)
 (0, -3.1) (0, -2.9) (0, -2.8) (0, -2.8) (0, -2.7) (0, -2.7) (0, -2.6)
 (0, -2.5) (0, -2.3) (0, -2.2) (0, -2.1) (0, -2.1) (0, -2. ) (0, -2. )
 (0, -1.9) (0, -1.8) (0, -1.8) (0, -1.7) (0, -1.6) (0, -1.6) (0, -1.5)
 (0, -1.5) (0, -1.3) (0, -1.3) (0, -1.1) (0, -1. ) (0, -0.9) (0, -0.9)
 (0, -0.9) (0, -0.9) (0, -0.9) (0, -0.6) (0, -0.6) (0, -0.6) (0, -0.5)
 (0, -0.4) (0, -0.3) (0, -0.3) (0, -0.2) (0, -0.2) (0, -0.2) (0, -0.1)
 (0, -0.1) (0, -0.1) (0,  0. ) (0,  0.1) (0,  0.1) (0,  0.1) (0,  0.2)
 (0,  0.3) (0,  0.3) (0,  0.4) (0,  0.4) (0,  0.4) (0,  0.4) (0,  0.5)
 (0,  0.5) (0,  0.5) (0,  0.5) (0,  0.5) (0,  0.5) (0,  0.6) (0,  0.7)
 (0,  0.8) (0,  0.8) (0,  0.9) (0,  0.9) (0,  1. ) (0,  1.1) (0,  1.2)
 (0,  1.2) (0,  1.2) (0,  1.3) (0,  1.3) (0,  1.4) (0,  1.4) (0,  1.5)
 (0,  1.8) (0,  2.1) (0,  2.1) (0,  2.1) (0,  2.2) (0,  2.2) (0,  2.3)
 (0,  2.3) (0,  2.3) (0,  2.3) (0,  2.3) (0,  2.4) (0,  2.4) (0,  2.4)
 (0,  2.4) (0,  2.4) (0,  2.5) (0,  2.5) (0,  2.7) (0,  2.9) (0,  2.9)
 (0,  3. ) (0,  3. ) (0,  3.1) (0,  3.2) (0,  3.2) (0,  3.2) (0,  3.2)
 (0,  3.2) (0,  3.3) (0,  3.4) (0,  3.5) (0,  3.5) (0,  3.7) (0,  3.8)
 (0,  3.8) (0,  3.8) (0,  3.9) (0,  4. ) (0,  4.1) (0,  4.2) (0,  4.2)
 (0,  4.3) (0,  4.3) (0,  4.3) (0,  4.3) (0,  4.4) (0,  4.4) (0,  4.4)
 (0,  4.4) (0,  4.4) (0,  4.4) (0,  4.5) (0,  4.5) (0,  4.6) (0,  4.6)
 (0,  4.6) (0,  4.7) (0,  4.7) (0,  4.8) (0,  4.9) (0,  4.9) (0,  5. )
 (0,  5. ) (0,  5.1) (0,  5.3) (0,  5.3) (0,  5.3) (0,  5.4) (0,  5.4)
 (0,  5.4) (0,  5.6) (0,  5.6) (0,  5.6) (0,  5.6) (0,  5.8) (0,  5.9)
 (0,  6.1) (0,  6.1) (0,  6.1) (0,  6.2) (0,  6.3) (0,  6.3) (0,  6.3)
 (0,  6.4) (0,  6.5) (0,  6.6) (0,  6.7) (0,  6.7) (0,  6.9) (0,  7. )
 (0,  7.1) (0,  7.1) (0,  7.1) (0,  7.1) (0,  7.2) (1,  7.3) (1,  7.4)
 (1,  7.4) (1,  7.5) (1,  7.5) (1,  7.5) (1,  7.5) (1,  7.6) (1,  7.7)
 (1,  7.8) (1,  7.8) (1,  7.9) (1,  7.9) (1,  7.9) (1,  7.9) (1,  8. )
 (1,  8.1) (1,  8.1) (1,  8.2) (1,  8.3) (1,  8.3) (1,  8.3) (1,  8.3)
 (1,  8.3) (1,  8.4) (1,  8.4) (1,  8.4) (1,  8.5) (1,  8.6) (1,  8.6)
 (1,  8.7) (1,  8.7) (1,  8.8) (1,  8.9) (1,  8.9) (1,  9. ) (1,  9. )
 (1,  9. ) (1,  9.1) (1,  9.1) (1,  9.2) (1,  9.2) (1,  9.4) (1,  9.5)
 (1,  9.6) (1,  9.6) (1,  9.8) (1,  9.8) (1,  9.9) (1, 10. ) (1, 10.1)
 (1, 10.1) (1, 10.1) (1, 10.1) (1, 10.2) (1, 10.3) (1, 10.3) (1, 10.4)
 (1, 10.6) (1, 10.8) (1, 10.8) (1, 10.8) (1, 10.8) (1, 11.2) (1, 11.2)
 (1, 11.3) (1, 11.3) (1, 11.3) (1, 11.4) (1, 11.5) (1, 11.5) (1, 11.6)
 (1, 11.6) (1, 11.7) (1, 11.7) (1, 11.7) (1, 11.7) (1, 11.8) (1, 11.9)
 (1, 12. ) (1, 12. ) (1, 12. ) (1, 12. ) (1, 12.1) (1, 12.1) (1, 12.1)
 (1, 12.1) (1, 12.3) (1, 12.3) (1, 12.4) (1, 12.4) (1, 12.4) (1, 12.4)
 (1, 12.5) (1, 12.5) (1, 12.5) (1, 12.5) (1, 12.6) (1, 12.6) (1, 12.6)
 (1, 12.7) (1, 12.7) (1, 12.7) (1, 12.8) (1, 12.8) (1, 12.8) (1, 12.9)
 (1, 12.9) (1, 13. ) (1, 13. ) (1, 13.1) (1, 13.1) (1, 13.2) (1, 13.2)
 (1, 13.3) (1, 13.3) (1, 13.3) (1, 13.3) (1, 13.6) (1, 13.6) (1, 13.6)
 (1, 13.7) (1, 13.8) (1, 13.8) (1, 13.8) (1, 13.9) (1, 14. ) (1, 14.3)
 (1, 14.3) (1, 14.3) (1, 14.4) (1, 14.4) (1, 14.4) (1, 14.5) (1, 14.5)
 (1, 14.5) (1, 14.7) (1, 14.8) (1, 14.8) (1, 14.9) (1, 14.9) (1, 15. )
 (1, 15.1) (1, 15.1) (1, 15.1) (1, 15.1) (1, 15.1) (1, 15.2) (1, 15.3)
 (1, 15.3) (1, 15.3) (1, 15.4) (1, 15.4) (1, 15.4) (1, 15.4) (1, 15.5)
 (1, 15.5) (1, 15.6) (1, 15.6) (1, 15.9) (1, 15.9) (1, 16. ) (1, 16. )
 (1, 16.3) (1, 16.3) (1, 16.4) (1, 16.5) (1, 16.5) (1, 16.5) (1, 16.6)
 (1, 16.7) (1, 16.8) (1, 16.8) (1, 17. ) (1, 17.1) (1, 17.2) (1, 17.2)
 (1, 17.5) (1, 17.5) (1, 17.6) (1, 17.9) (1, 17.9) (1, 18. ) (1, 18.2)
 (1, 19.9) (1, 20.9)]


analyzing the results:
number of max cluster size: 10
number of actually used clusters: 2
min value of all elements: -5.3
max value of all elements: 20.9
mean of all elements: 7.2655737704918035
median of all elements: 7.45
standard deviation of all elements: 6.017562236643699
variance of all elements: 36.21105527188032
distribution of all clusters: [0 0 0 0 0 0 0 0 0 0 0 0 0 0 0 0 0 0 0 0 0 0 0 0 0 0 0 0 0 0 0 0 0 0 0 0 0
 0 0 0 0 0 0 0 0 0 0 0 0 0 0 0 0 0 0 0 0 0 0 0 0 0 0 0 0 0 0 0 0 0 0 0 0 0
 0 0 0 0 0 0 0 0 0 0 0 0 0 0 0 0 0 0 0 0 0 0 0 0 0 0 0 0 0 0 0 0 0 0 0 0 0
 0 0 0 0 0 0 0 0 0 0 0 0 0 0 0 0 0 0 0 0 0 0 0 0 0 0 0 0 0 0 0 0 0 0 0 0 0
 0 0 0 0 0 0 0 0 0 0 0 0 0 0 0 0 0 0 0 0 0 0 0 0 0 0 0 0 0 0 0 0 1 1 1 1 1
 1 1 1 1 1 1 1 1 1 1 1 1 1 1 1 1 1 1 1 1 1 1 1 1 1 1 1 1 1 1 1 1 1 1 1 1 1
 1 1 1 1 1 1 1 1 1 1 1 1 1 1 1 1 1 1 1 1 1 1 1 1 1 1 1 1 1 1 1 1 1 1 1 1 1
 1 1 1 1 1 1 1 1 1 1 1 1 1 1 1 1 1 1 1 1 1 1 1 1 1 1 1 1 1 1 1 1 1 1 1 1 1
 1 1 1 1 1 1 1 1 1 1 1 1 1 1 1 1 1 1 1 1 1 1 1 1 1 1 1 1 1 1 1 1 1 1 1 1 1
 1 1 1 1 1 1 1 1 1 1 1 1 1 1 1 1 1 1 1 1 1 1 1 1 1 1 1 1 1 1 1 1 1]

cluster #0: 	sum elements:180  	min value: -5.3 	max value: 7.2 	mean: 2.0 	std deviation: 2.993 	median: 2.25
cluster #0 homoscedasticity NOT given with ratio = 1.970784023668639
cluster #1: 	sum elements:186  	min value: 7.3 	max value: 20.9 	mean: 12.4 	std deviation: 3.062 	median: 12.45
cluster #1 homoscedasticity NOT given with ratio = 2.7777777777777763
homoscedasticity given for 0 of 2 used clusters

number of elements: 366

score even distribution (SED) MAX: 3.35e+04
score even distribution (SED) MAX: 33480.0
SED number of digits: 5

number of used clusters (NUC) MAX: 0.2

sum cluster standard deviation (SCSD) MIN: 18.331766392710783
sum cluster standard deviation (SCSD) MIN: 1.83e+01

ratio between SED and SCSD MAX: 1.83e+03
ratio between SED and SCSD MAX: 1826.3
ratio between SED and SCSD digits MAX: 4
SUM: NUC(MAX): 0.2	 SED(MAX): 3.35e+04	 SCSD(MIN): 1.83e+01	 SED_SCSD(MAX): 1.83e+03

Mean Silhouette Coefficient of all clusters (MAX): 0.63
(best value is 1 and the worst value is -1. Values near 0 indicate overlapping clusters)

Davies-Bouldin score (MIN): 0.49
(The minimum score is zero, with lower values indicating better clustering.)
