starting algorithm at: 17:14:18.601503

no optimal bandwidth wanted. using bandwidth: 0.62
using bandwidth h=0.62
Minima: [ 1.65102041  3.25510204  6.46326531 10.20612245 13.94897959 19.29591837]
Debug: Buckets = [(-5.3, 1.651020408163265), (1.651020408163265, 3.2551020408163263), (3.2551020408163263, 6.463265306122449), (6.463265306122449, 10.206122448979592), (10.206122448979592, 13.948979591836732), (13.948979591836732, 19.295918367346935), (19.295918367346935, 20.9)]
finishing algorithm at: 17:14:18.605496

running time of algorithm: 0:00:00.003993

[(0, -5.3) (0, -3.7) (0, -3.7) (0, -3.5) (0, -3.5) (0, -3.4) (0, -3.3)
 (0, -3.1) (0, -2.9) (0, -2.8) (0, -2.8) (0, -2.7) (0, -2.7) (0, -2.6)
 (0, -2.5) (0, -2.3) (0, -2.2) (0, -2.1) (0, -2.1) (0, -2. ) (0, -2. )
 (0, -1.9) (0, -1.8) (0, -1.8) (0, -1.7) (0, -1.6) (0, -1.6) (0, -1.5)
 (0, -1.5) (0, -1.3) (0, -1.3) (0, -1.1) (0, -1. ) (0, -0.9) (0, -0.9)
 (0, -0.9) (0, -0.9) (0, -0.9) (0, -0.6) (0, -0.6) (0, -0.6) (0, -0.5)
 (0, -0.4) (0, -0.3) (0, -0.3) (0, -0.2) (0, -0.2) (0, -0.2) (0, -0.1)
 (0, -0.1) (0, -0.1) (0,  0. ) (0,  0.1) (0,  0.1) (0,  0.1) (0,  0.2)
 (0,  0.3) (0,  0.3) (0,  0.4) (0,  0.4) (0,  0.4) (0,  0.4) (0,  0.5)
 (0,  0.5) (0,  0.5) (0,  0.5) (0,  0.5) (0,  0.5) (0,  0.6) (0,  0.7)
 (0,  0.8) (0,  0.8) (0,  0.9) (0,  0.9) (0,  1. ) (0,  1.1) (0,  1.2)
 (0,  1.2) (0,  1.2) (0,  1.3) (0,  1.3) (0,  1.4) (0,  1.4) (0,  1.5)
 (1,  1.8) (1,  2.1) (1,  2.1) (1,  2.1) (1,  2.2) (1,  2.2) (1,  2.3)
 (1,  2.3) (1,  2.3) (1,  2.3) (1,  2.3) (1,  2.4) (1,  2.4) (1,  2.4)
 (1,  2.4) (1,  2.4) (1,  2.5) (1,  2.5) (1,  2.7) (1,  2.9) (1,  2.9)
 (1,  3. ) (1,  3. ) (1,  3.1) (1,  3.2) (1,  3.2) (1,  3.2) (1,  3.2)
 (1,  3.2) (2,  3.3) (2,  3.4) (2,  3.5) (2,  3.5) (2,  3.7) (2,  3.8)
 (2,  3.8) (2,  3.8) (2,  3.9) (2,  4. ) (2,  4.1) (2,  4.2) (2,  4.2)
 (2,  4.3) (2,  4.3) (2,  4.3) (2,  4.3) (2,  4.4) (2,  4.4) (2,  4.4)
 (2,  4.4) (2,  4.4) (2,  4.4) (2,  4.5) (2,  4.5) (2,  4.6) (2,  4.6)
 (2,  4.6) (2,  4.7) (2,  4.7) (2,  4.8) (2,  4.9) (2,  4.9) (2,  5. )
 (2,  5. ) (2,  5.1) (2,  5.3) (2,  5.3) (2,  5.3) (2,  5.4) (2,  5.4)
 (2,  5.4) (2,  5.6) (2,  5.6) (2,  5.6) (2,  5.6) (2,  5.8) (2,  5.9)
 (2,  6.1) (2,  6.1) (2,  6.1) (2,  6.2) (2,  6.3) (2,  6.3) (2,  6.3)
 (2,  6.4) (3,  6.5) (3,  6.6) (3,  6.7) (3,  6.7) (3,  6.9) (3,  7. )
 (3,  7.1) (3,  7.1) (3,  7.1) (3,  7.1) (3,  7.2) (3,  7.3) (3,  7.4)
 (3,  7.4) (3,  7.5) (3,  7.5) (3,  7.5) (3,  7.5) (3,  7.6) (3,  7.7)
 (3,  7.8) (3,  7.8) (3,  7.9) (3,  7.9) (3,  7.9) (3,  7.9) (3,  8. )
 (3,  8.1) (3,  8.1) (3,  8.2) (3,  8.3) (3,  8.3) (3,  8.3) (3,  8.3)
 (3,  8.3) (3,  8.4) (3,  8.4) (3,  8.4) (3,  8.5) (3,  8.6) (3,  8.6)
 (3,  8.7) (3,  8.7) (3,  8.8) (3,  8.9) (3,  8.9) (3,  9. ) (3,  9. )
 (3,  9. ) (3,  9.1) (3,  9.1) (3,  9.2) (3,  9.2) (3,  9.4) (3,  9.5)
 (3,  9.6) (3,  9.6) (3,  9.8) (3,  9.8) (3,  9.9) (3, 10. ) (3, 10.1)
 (3, 10.1) (3, 10.1) (3, 10.1) (3, 10.2) (4, 10.3) (4, 10.3) (4, 10.4)
 (4, 10.6) (4, 10.8) (4, 10.8) (4, 10.8) (4, 10.8) (4, 11.2) (4, 11.2)
 (4, 11.3) (4, 11.3) (4, 11.3) (4, 11.4) (4, 11.5) (4, 11.5) (4, 11.6)
 (4, 11.6) (4, 11.7) (4, 11.7) (4, 11.7) (4, 11.7) (4, 11.8) (4, 11.9)
 (4, 12. ) (4, 12. ) (4, 12. ) (4, 12. ) (4, 12.1) (4, 12.1) (4, 12.1)
 (4, 12.1) (4, 12.3) (4, 12.3) (4, 12.4) (4, 12.4) (4, 12.4) (4, 12.4)
 (4, 12.5) (4, 12.5) (4, 12.5) (4, 12.5) (4, 12.6) (4, 12.6) (4, 12.6)
 (4, 12.7) (4, 12.7) (4, 12.7) (4, 12.8) (4, 12.8) (4, 12.8) (4, 12.9)
 (4, 12.9) (4, 13. ) (4, 13. ) (4, 13.1) (4, 13.1) (4, 13.2) (4, 13.2)
 (4, 13.3) (4, 13.3) (4, 13.3) (4, 13.3) (4, 13.6) (4, 13.6) (4, 13.6)
 (4, 13.7) (4, 13.8) (4, 13.8) (4, 13.8) (4, 13.9) (5, 14. ) (5, 14.3)
 (5, 14.3) (5, 14.3) (5, 14.4) (5, 14.4) (5, 14.4) (5, 14.5) (5, 14.5)
 (5, 14.5) (5, 14.7) (5, 14.8) (5, 14.8) (5, 14.9) (5, 14.9) (5, 15. )
 (5, 15.1) (5, 15.1) (5, 15.1) (5, 15.1) (5, 15.1) (5, 15.2) (5, 15.3)
 (5, 15.3) (5, 15.3) (5, 15.4) (5, 15.4) (5, 15.4) (5, 15.4) (5, 15.5)
 (5, 15.5) (5, 15.6) (5, 15.6) (5, 15.9) (5, 15.9) (5, 16. ) (5, 16. )
 (5, 16.3) (5, 16.3) (5, 16.4) (5, 16.5) (5, 16.5) (5, 16.5) (5, 16.6)
 (5, 16.7) (5, 16.8) (5, 16.8) (5, 17. ) (5, 17.1) (5, 17.2) (5, 17.2)
 (5, 17.5) (5, 17.5) (5, 17.6) (5, 17.9) (5, 17.9) (5, 18. ) (5, 18.2)
 (6, 19.9) (6, 20.9)]


analyzing the results:
number of max cluster size: 10
number of actually used clusters: 7
min value of all elements: -5.3
max value of all elements: 20.9
mean of all elements: 7.2655737704918035
median of all elements: 7.45
standard deviation of all elements: 6.017562236643699
variance of all elements: 36.21105527188032
distribution of all clusters: [0 0 0 0 0 0 0 0 0 0 0 0 0 0 0 0 0 0 0 0 0 0 0 0 0 0 0 0 0 0 0 0 0 0 0 0 0
 0 0 0 0 0 0 0 0 0 0 0 0 0 0 0 0 0 0 0 0 0 0 0 0 0 0 0 0 0 0 0 0 0 0 0 0 0
 0 0 0 0 0 0 0 0 0 0 1 1 1 1 1 1 1 1 1 1 1 1 1 1 1 1 1 1 1 1 1 1 1 1 1 1 1
 1 1 2 2 2 2 2 2 2 2 2 2 2 2 2 2 2 2 2 2 2 2 2 2 2 2 2 2 2 2 2 2 2 2 2 2 2
 2 2 2 2 2 2 2 2 2 2 2 2 2 2 2 2 2 2 2 2 2 3 3 3 3 3 3 3 3 3 3 3 3 3 3 3 3
 3 3 3 3 3 3 3 3 3 3 3 3 3 3 3 3 3 3 3 3 3 3 3 3 3 3 3 3 3 3 3 3 3 3 3 3 3
 3 3 3 3 3 3 3 3 3 3 3 3 3 4 4 4 4 4 4 4 4 4 4 4 4 4 4 4 4 4 4 4 4 4 4 4 4
 4 4 4 4 4 4 4 4 4 4 4 4 4 4 4 4 4 4 4 4 4 4 4 4 4 4 4 4 4 4 4 4 4 4 4 4 4
 4 4 4 4 4 4 4 4 4 4 5 5 5 5 5 5 5 5 5 5 5 5 5 5 5 5 5 5 5 5 5 5 5 5 5 5 5
 5 5 5 5 5 5 5 5 5 5 5 5 5 5 5 5 5 5 5 5 5 5 5 5 5 5 5 5 5 5 5 6 6]

cluster #0: 	sum elements:84  	min value: -5.3 	max value: 1.5 	mean: -0.8 	std deviation: 1.53 	median: -0.45
cluster #0 homoscedasticity NOT given with ratio = 3.827977315689982
cluster #1: 	sum elements:29  	min value: 1.8 	max value: 3.2 	mean: 2.6 	std deviation: 0.412 	median: 2.4
cluster #1 homoscedasticity NOT given with ratio = 1.7777777777777777
cluster #2: 	sum elements:56  	min value: 3.3 	max value: 6.4 	mean: 4.8 	std deviation: 0.843 	median: 4.65
cluster #2 homoscedasticity given with ratio = 1.1377777777777787
cluster #3: 	sum elements:66  	min value: 6.5 	max value: 10.2 	mean: 8.4 	std deviation: 1.011 	median: 8.3
cluster #3 homoscedasticity given with ratio = 1.1141975308641991
cluster #4: 	sum elements:71  	min value: 10.3 	max value: 13.9 	mean: 12.3 	std deviation: 0.927 	median: 12.4
cluster #4 homoscedasticity NOT given with ratio = 1.5625000000000009
cluster #5: 	sum elements:58  	min value: 14.0 	max value: 18.2 	mean: 15.8 	std deviation: 1.116 	median: 15.45
cluster #5 homoscedasticity NOT given with ratio = 1.7777777777777743
cluster #6: 	sum elements:2  	min value: 19.9 	max value: 20.9 	mean: 20.4 	std deviation: 0.5 	median: 20.4
cluster #6 homoscedasticity given with ratio = 0
homoscedasticity given for 3 of 7 used clusters

number of elements: 366

score even distribution (SED) MAX: 7.42e+10
score even distribution (SED) MAX: 74152463616.0
SED number of digits: 11

number of used clusters (NUC) MAX: 0.7

sum cluster standard deviation (SCSD) MIN: 6.5979106029519805
sum cluster standard deviation (SCSD) MIN: 6.60e+00

ratio between SED and SCSD MAX: 1.12e+10
ratio between SED and SCSD MAX: 11238779680.2
ratio between SED and SCSD digits MAX: 11
SUM: NUC(MAX): 0.7	 SED(MAX): 7.42e+10	 SCSD(MIN): 6.60e+00	 SED_SCSD(MAX): 1.12e+10

Mean Silhouette Coefficient of all clusters (MAX): 0.52
(best value is 1 and the worst value is -1. Values near 0 indicate overlapping clusters)

Davies-Bouldin score (MIN): 0.46
(The minimum score is zero, with lower values indicating better clustering.)

Process finished with exit code 0
