

TRIAL: 1
***********


starting algorithm at: 09:58:12.164971
[1] "[R] success: found arguments for clusters and trim factor"
[1] "[R] clusters:"
[1] 9
[1] "[R] trim-factor:"
[1] 0.1
[1] "[R] script finished"
[4. 6. 9. 5. 2. 2. 2. 4. 4. 4. 4. 4. 3. 5. 3. 5. 9. 5. 5. 6. 6. 9. 5. 5.
 6. 6. 5. 5. 6. 5. 6. 5. 9. 5. 6. 9. 9. 9. 6. 6. 5. 5. 3. 4. 3. 6. 3. 2.
 5. 5. 6. 9. 4. 5. 3. 3. 6. 6. 6. 6. 9. 5. 6. 6. 9. 5. 6. 9. 9. 9. 6. 9.
 9. 9. 6. 6. 9. 6. 6. 6. 9. 6. 3. 3. 3. 6. 5. 5. 6. 9. 9. 9. 6. 6. 9. 9.
 9. 5. 6. 5. 3. 4. 4. 6. 5. 4. 3. 3. 5. 3. 3. 5. 9. 5. 5. 5. 5. 5. 5. 6.
 4. 1. 2. 4. 3. 5. 5. 3. 3. 5. 5. 9. 5. 5. 5. 9. 3. 5. 5. 6. 5. 5. 5. 5.
 6. 5. 5. 1. 1. 2. 1. 3. 0. 1. 2. 7. 0. 2. 4. 2. 1. 2. 2. 2. 2. 1. 1. 2.
 1. 4. 4. 4. 0. 1. 2. 0. 1. 1. 4. 1. 8. 8. 1. 0. 7. 8. 7. 2. 4. 7. 7. 7.
 4. 4. 7. 0. 7. 1. 4. 1. 8. 7. 1. 0. 7. 7. 7. 1. 1. 7. 0. 7. 8. 7. 1. 3.
 3. 4. 1. 7. 1. 2. 4. 3. 2. 4. 7. 0. 2. 1. 7. 1. 4. 7. 1. 7. 7. 1. 2. 0.
 8. 7. 7. 1. 2. 8. 9. 7. 7. 0. 0. 8. 0. 0. 8. 7. 0. 8. 8. 8. 7. 0. 8. 0.
 8. 9. 8. 8. 8. 8. 8. 7. 8. 8. 0. 1. 0. 8. 8. 1. 7. 0. 8. 9. 7. 7. 0. 0.
 1. 1. 8. 9. 9. 7. 0. 7. 0. 9. 8. 8. 9. 7. 7. 7. 2. 1. 7. 0. 1. 2. 2. 8.
 7. 9. 8. 8. 7. 4. 5. 4. 1. 7. 7. 1. 2. 1. 0. 4. 0. 0. 0. 2. 6. 1. 0. 7.
 1. 9. 6. 3. 3. 7. 7. 7. 1. 4. 1. 2. 5. 4. 1. 1. 2. 4. 3. 4. 0. 0. 7. 0.
 4. 4. 2. 5. 5. 5.]
finishing algorithm at: 09:58:36.529536

running time of algorithm: 0:00:24.364565


frquencies result
[(4,  8. ) (6, 14. ) (9, 13.7) (5, 13.3) (2,  7.6) (2,  6.2) (2,  6.1)
 (4,  8.3) (4,  8.8) (4,  8.4) (4,  9.1) (4,  8.5) (3, 10.1) (5, 12.1)
 (3, 10.1) (5, 12.4) (9, 13.8) (5, 11.7) (5, 12.4) (6, 15.6) (6, 15.3)
 (9, 16.4) (5, 12.8) (5, 12. ) (6, 15.4) (6, 15.6) (5, 13.3) (5, 12.9)
 (6, 15.1) (5, 13.6) (6, 15.1) (5, 11.6) (9, 16.6) (5, 13.3) (6, 14.5)
 (9, 16.3) (9, 17.2) (9, 16.5) (6, 15. ) (6, 14.9) (5, 11.8) (5, 11.7)
 (3,  9.6) (4,  8.9) (3, 10.1) (6, 15.5) (3, 10.8) (2,  7.5) (5, 12.8)
 (5, 12.6) (6, 14.8) (9, 19.9) (4,  9.2) (5, 12.4) (3, 11.3) (3,  9.8)
 (6, 14.3) (6, 15.1) (6, 14.4) (6, 15.4) (9, 13.8) (5, 13.6) (6, 14.3)
 (6, 15.9) (9, 16.7) (5, 12.1) (6, 14.3) (9, 16.5) (9, 16.5) (9, 17.5)
 (6, 14.7) (9, 17.5) (9, 20.9) (9, 17. ) (6, 16. ) (6, 15.4) (9, 17.9)
 (6, 15.2) (6, 15.1) (6, 15.3) (9, 17.2) (6, 15.9) (3, 10. ) (3,  9.9)
 (3, 10.3) (6, 15.4) (5, 12.7) (5, 13.2) (6, 15.3) (9, 17.9) (9, 18. )
 (9, 17.6) (6, 16. ) (6, 14.9) (9, 17.1) (9, 18.2) (9, 16.8) (5, 13.6)
 (6, 14.5) (5, 12.4) (3, 10.4) (4,  9.1) (4,  8.9) (6, 14.5) (5, 12.6)
 (4,  8.6) (3, 10.8) (3, 11.2) (5, 12.1) (3, 10.8) (3, 11.4) (5, 12. )
 (9, 16.3) (5, 12.7) (5, 12.7) (5, 12. ) (5, 11.5) (5, 13. ) (5, 11.7)
 (6, 14.8) (4,  7.7) (1,  4.4) (2,  7.4) (4,  8.3) (3, 10.1) (5, 12. )
 (5, 12.9) (3, 10.8) (3,  9.5) (5, 12.1) (5, 12.5) (9, 13.9) (5, 13.3)
 (5, 13.2) (5, 12.3) (9, 13.8) (3, 11.3) (5, 11.7) (5, 12.5) (6, 15.1)
 (5, 11.5) (5, 13. ) (5, 11.6) (5, 12.8) (6, 15.5) (5, 13.1) (5, 12.6)
 (1,  4.4) (1,  4.4) (2,  7.1) (1,  4.2) (3,  9.6) (0,  3.5) (1,  5.3)
 (2,  7. ) (7,  0.4) (0,  3.2) (2,  5.9) (4,  8.1) (2,  6.9) (1,  5.6)
 (2,  7.2) (2,  7.1) (2,  6.1) (2,  7.1) (1,  5.6) (1,  5.4) (2,  6.3)
 (1,  5.3) (4,  7.9) (4,  8.4) (4,  8.1) (0,  2.4) (1,  5.6) (2,  7.5)
 (0,  2.5) (1,  5. ) (1,  3.8) (4,  7.9) (1,  4.3) (8, -2.1) (8, -1.8)
 (1,  3.8) (0,  2.1) (7,  0.5) (8, -0.9) (7,  0.4) (2,  7.5) (4,  8.3)
 (7, -0.2) (7,  0.1) (7,  1.5) (4,  8.3) (4,  9.4) (7,  1.3) (0,  2.2)
 (7, -0.4) (1,  4.5) (4,  7.9) (1,  4.3) (8, -2.7) (7,  0.3) (1,  3.8)
 (0,  2.4) (7,  1.2) (7,  1.2) (7, -0.3) (1,  4.7) (1,  4.9) (7,  1.4)
 (0,  2.2) (7, -0.1) (8, -0.9) (7,  0.6) (1,  4.6) (3,  9.8) (3, 10.6)
 (4,  7.8) (1,  4.4) (7, -0.2) (1,  4.3) (2,  7.4) (4,  8.6) (3, 10.2)
 (2,  7.3) (4,  8.7) (7,  1. ) (0,  2.1) (2,  6.4) (1,  5.4) (7,  0.4)
 (1,  4. ) (4,  8.4) (7,  0.4) (1,  4.2) (7,  0.9) (7,  0.8) (1,  4.3)
 (2,  6.3) (0,  3.5) (8, -1.5) (7,  1.2) (7,  0.5) (1,  5.3) (2,  6.6)
 (8, -1.6) (9, -3.1) (7, -0.1) (7, -0.6) (0,  3. ) (0,  2.9) (8, -1.3)
 (0,  1.8) (0,  2.9) (8, -2.6) (7,  0.5) (0,  2.7) (8, -1.7) (8, -0.9)
 (8, -1.8) (7,  1.3) (0,  2.4) (8, -1.1) (0,  2.3) (8, -2.2) (9, -3.5)
 (8, -1. ) (8, -2.1) (8, -2. ) (8, -2.3) (8, -1.6) (7,  0.8) (8, -2.8)
 (8, -2.8) (0,  3. ) (1,  4.4) (0,  2.3) (8, -2. ) (8, -1.9) (1,  4.8)
 (7, -0.6) (0,  3.1) (8, -2.9) (9, -3.5) (7, -0.3) (7,  0.1) (0,  2.3)
 (0,  2.1) (1,  4.6) (1,  3.7) (8, -1.3) (9, -3.4) (9, -5.3) (7,  0. )
 (0,  2.4) (7, -0.6) (0,  2.3) (9, -3.7) (8, -0.9) (8, -1.5) (9, -3.3)
 (7, -0.1) (7, -0.2) (7,  0.5) (2,  6.1) (1,  4.1) (7,  0.1) (0,  3.2)
 (1,  5.4) (2,  5.8) (2,  6.3) (8, -0.9) (7,  0.2) (9, -3.7) (8, -2.7)
 (8, -2.5) (7, -0.5) (4,  9. ) (5, 13.1) (4,  8.7) (1,  3.9) (7,  0.7)
 (7,  1.1) (1,  5.1) (2,  7.5) (1,  4.7) (0,  3.2) (4,  7.8) (0,  2.4)
 (0,  3.2) (0,  2.5) (2,  6.5) (6, 14.4) (1,  4.9) (0,  2.3) (7,  1.4)
 (1,  5.6) (9, 16.8) (6, 14.4) (3, 10.3) (3, 11.2) (7,  0.3) (7,  0.5)
 (7,  0.5) (1,  4.6) (4,  8.2) (1,  4.5) (2,  6.7) (5, 11.9) (4,  9.2)
 (1,  4.4) (1,  5. ) (2,  6.7) (4,  8.3) (3, 11.3) (4,  9. ) (0,  3.4)
 (0,  3.2) (7,  0.9) (0,  3.3) (4,  7.9) (4,  9. ) (2,  7.1) (5, 12.5)
 (5, 12.5) (5, 12.3)]

36 determined outlier frequencies:
[13.7 13.8 16.4 16.6 16.3 17.2 16.5 19.9 13.8 16.7 16.5 16.5 17.5 17.5
 20.9 17.  17.9 17.2 17.9 18.  17.6 17.1 18.2 16.8 16.3 13.9 13.8 -3.1
 -3.5 -3.5 -3.4 -5.3 -3.7 -3.3 -3.7 16.8]
analyze method containing outliers


analyzing the results:
number of max cluster size: 10
number of actually used clusters: 10
min value of all elements: -5.3
max value of all elements: 20.9
mean of all elements: 7.2655737704918035
median of all elements: 7.45
standard deviation of all elements: 6.017562236643699
variance of all elements: 36.21105527188032
distribution of all clusters: [0 0 0 0 0 0 0 0 0 0 0 0 0 0 0 0 0 0 0 0 0 0 0 0 0 0 0 0 0 0 0 0 0 1 1 1 1
 1 1 1 1 1 1 1 1 1 1 1 1 1 1 1 1 1 1 1 1 1 1 1 1 1 1 1 1 1 1 1 1 1 1 1 1 1
 1 2 2 2 2 2 2 2 2 2 2 2 2 2 2 2 2 2 2 2 2 2 2 2 2 2 2 2 2 2 3 3 3 3 3 3 3
 3 3 3 3 3 3 3 3 3 3 3 3 3 3 3 3 3 3 3 4 4 4 4 4 4 4 4 4 4 4 4 4 4 4 4 4 4
 4 4 4 4 4 4 4 4 4 4 4 4 4 4 4 4 4 5 5 5 5 5 5 5 5 5 5 5 5 5 5 5 5 5 5 5 5
 5 5 5 5 5 5 5 5 5 5 5 5 5 5 5 5 5 5 5 5 5 5 5 5 5 5 5 5 5 5 5 5 6 6 6 6 6
 6 6 6 6 6 6 6 6 6 6 6 6 6 6 6 6 6 6 6 6 6 6 6 6 6 6 6 6 6 6 6 6 7 7 7 7 7
 7 7 7 7 7 7 7 7 7 7 7 7 7 7 7 7 7 7 7 7 7 7 7 7 7 7 7 7 7 7 7 7 7 7 7 7 7
 7 7 7 7 8 8 8 8 8 8 8 8 8 8 8 8 8 8 8 8 8 8 8 8 8 8 8 8 8 8 8 8 8 8 9 9 9
 9 9 9 9 9 9 9 9 9 9 9 9 9 9 9 9 9 9 9 9 9 9 9 9 9 9 9 9 9 9 9 9 9]

cluster #0: 	sum elements:33  	min value: 1.8 	max value: 3.5 	mean: 2.7 	std deviation: 0.484 	median: 2.5
cluster #0 homoscedasticity given with ratio = 1.265625000000001
cluster #1: 	sum elements:42  	min value: 3.7 	max value: 5.6 	mean: 4.7 	std deviation: 0.56 	median: 4.55
cluster #1 homoscedasticity given with ratio = 1.2345679012345694
cluster #2: 	sum elements:29  	min value: 5.8 	max value: 7.6 	mean: 6.8 	std deviation: 0.562 	median: 6.9
cluster #2 homoscedasticity NOT given with ratio = 1.5625000000000009
cluster #3: 	sum elements:26  	min value: 9.5 	max value: 11.4 	mean: 10.4 	std deviation: 0.6 	median: 10.3
cluster #3 homoscedasticity given with ratio = 1.234567901234567
cluster #4: 	sum elements:35  	min value: 7.7 	max value: 9.4 	mean: 8.5 	std deviation: 0.476 	median: 8.4
cluster #4 homoscedasticity given with ratio = 1.2656250000000016
cluster #5: 	sum elements:52  	min value: 11.5 	max value: 13.6 	mean: 12.5 	std deviation: 0.593 	median: 12.5
cluster #5 homoscedasticity given with ratio = 1.2099999999999993
cluster #6: 	sum elements:37  	min value: 14.0 	max value: 16.0 	mean: 15.1 	std deviation: 0.533 	median: 15.1
cluster #6 homoscedasticity given with ratio = 1.4938271604938251
cluster #7: 	sum elements:46  	min value: -0.6 	max value: 1.5 	mean: 0.4 	std deviation: 0.603 	median: 0.4
cluster #7 homoscedasticity given with ratio = 1.2100000000000002
cluster #8: 	sum elements:30  	min value: -2.9 	max value: -0.9 	mean: -1.8 	std deviation: 0.659 	median: -1.8
cluster #8 homoscedasticity given with ratio = 1.4938271604938267
cluster #9: 	sum elements:36  	min value: -5.3 	max value: 20.9 	mean: 12.2 	std deviation: 8.744 	median: 16.5
cluster #9 homoscedasticity NOT given with ratio = 4.0461091293433755
homoscedasticity given for 8 of 10 used clusters

number of elements: 366

built clusters:
cluster #9: -5.3 -- 20.9 (36)
cluster #8: -2.9 -- -0.9 (30)
cluster #7: -0.6 -- 1.5 (46)
cluster #0: 1.8 -- 3.5 (33)
cluster #1: 3.7 -- 5.6 (42)
cluster #2: 5.8 -- 7.6 (29)
cluster #4: 7.7 -- 9.4 (35)
cluster #3: 9.5 -- 11.4 (26)
cluster #5: 11.5 -- 13.6 (52)
cluster #6: 14.0 -- 16.0 (37)

score even distribution (SED) MAX: 3.50e+15
score even distribution (SED) MAX: 3496143703852800.0
SED number of digits: 16

number of used clusters (NUC) MAX: 1.0

sum variances (SV) MIN: 77.13416405442709
sum variances (SV) MIN: 7.71e+01
ratio between SED and sv digits MAX: 0
SUM: NUC(MAX): 1.0	 SED(MAX): 3.50e+15	 SV(MIN): 7.71e+01

Mean Silhouette Coefficient of all clusters MSC(MAX): 0.46
(best value is 1 and the worst value is -1. Values near 0 indicate overlapping clusters)

Davies-Bouldin score DB(MIN): 6.2
(The minimum score is zero, with lower values indicating better clustering.)

overlapping range found in clusters!!


TRIAL: 2
***********


starting algorithm at: 09:58:36.554913
[1] "[R] success: found arguments for clusters and trim factor"
[1] "[R] clusters:"
[1] 9
[1] "[R] trim-factor:"
[1] 0.1
[1] "[R] script finished"
[0. 3. 8. 8. 5. 5. 5. 0. 0. 0. 0. 0. 4. 8. 4. 8. 8. 4. 8. 3. 3. 9. 8. 8.
 3. 3. 8. 8. 3. 8. 3. 4. 9. 8. 3. 9. 9. 9. 3. 3. 4. 4. 0. 0. 4. 3. 4. 5.
 8. 8. 3. 9. 0. 8. 4. 4. 3. 3. 3. 3. 8. 8. 3. 3. 9. 8. 3. 9. 9. 9. 3. 9.
 9. 9. 3. 3. 9. 3. 3. 3. 9. 3. 4. 4. 4. 3. 8. 8. 3. 9. 9. 9. 3. 3. 9. 9.
 9. 8. 3. 8. 4. 0. 0. 3. 8. 0. 4. 4. 8. 4. 4. 8. 9. 8. 8. 8. 4. 8. 4. 3.
 5. 1. 5. 0. 4. 8. 8. 4. 0. 8. 8. 8. 8. 8. 8. 8. 4. 4. 8. 3. 4. 8. 4. 8.
 3. 8. 8. 1. 1. 5. 1. 0. 2. 1. 5. 6. 2. 5. 0. 5. 1. 5. 5. 5. 5. 1. 1. 5.
 1. 0. 0. 0. 2. 1. 5. 2. 1. 1. 0. 1. 7. 7. 1. 2. 6. 7. 6. 5. 0. 6. 6. 6.
 0. 0. 6. 2. 6. 1. 0. 1. 9. 6. 1. 2. 6. 6. 6. 1. 1. 6. 2. 6. 7. 6. 1. 4.
 4. 0. 1. 6. 1. 5. 0. 4. 5. 0. 6. 2. 5. 1. 6. 1. 0. 6. 1. 6. 6. 1. 5. 2.
 7. 6. 6. 1. 5. 7. 9. 6. 7. 2. 2. 7. 2. 2. 7. 6. 2. 7. 7. 7. 6. 2. 7. 2.
 7. 9. 7. 7. 7. 7. 7. 6. 9. 9. 2. 1. 2. 7. 7. 1. 7. 2. 9. 9. 6. 6. 2. 2.
 1. 1. 7. 9. 9. 6. 2. 7. 2. 9. 7. 7. 9. 6. 6. 6. 5. 1. 6. 2. 1. 5. 5. 7.
 6. 9. 9. 7. 6. 0. 8. 0. 1. 6. 6. 1. 5. 1. 2. 0. 2. 2. 2. 5. 3. 1. 2. 6.
 1. 9. 3. 4. 4. 6. 6. 6. 1. 0. 1. 5. 8. 0. 1. 1. 5. 0. 4. 0. 2. 2. 6. 2.
 0. 0. 5. 8. 8. 8.]
finishing algorithm at: 09:59:01.035926

running time of algorithm: 0:00:24.481013


frquencies result
[(0,  8. ) (3, 14. ) (8, 13.7) (8, 13.3) (5,  7.6) (5,  6.2) (5,  6.1)
 (0,  8.3) (0,  8.8) (0,  8.4) (0,  9.1) (0,  8.5) (4, 10.1) (8, 12.1)
 (4, 10.1) (8, 12.4) (8, 13.8) (4, 11.7) (8, 12.4) (3, 15.6) (3, 15.3)
 (9, 16.4) (8, 12.8) (8, 12. ) (3, 15.4) (3, 15.6) (8, 13.3) (8, 12.9)
 (3, 15.1) (8, 13.6) (3, 15.1) (4, 11.6) (9, 16.6) (8, 13.3) (3, 14.5)
 (9, 16.3) (9, 17.2) (9, 16.5) (3, 15. ) (3, 14.9) (4, 11.8) (4, 11.7)
 (0,  9.6) (0,  8.9) (4, 10.1) (3, 15.5) (4, 10.8) (5,  7.5) (8, 12.8)
 (8, 12.6) (3, 14.8) (9, 19.9) (0,  9.2) (8, 12.4) (4, 11.3) (4,  9.8)
 (3, 14.3) (3, 15.1) (3, 14.4) (3, 15.4) (8, 13.8) (8, 13.6) (3, 14.3)
 (3, 15.9) (9, 16.7) (8, 12.1) (3, 14.3) (9, 16.5) (9, 16.5) (9, 17.5)
 (3, 14.7) (9, 17.5) (9, 20.9) (9, 17. ) (3, 16. ) (3, 15.4) (9, 17.9)
 (3, 15.2) (3, 15.1) (3, 15.3) (9, 17.2) (3, 15.9) (4, 10. ) (4,  9.9)
 (4, 10.3) (3, 15.4) (8, 12.7) (8, 13.2) (3, 15.3) (9, 17.9) (9, 18. )
 (9, 17.6) (3, 16. ) (3, 14.9) (9, 17.1) (9, 18.2) (9, 16.8) (8, 13.6)
 (3, 14.5) (8, 12.4) (4, 10.4) (0,  9.1) (0,  8.9) (3, 14.5) (8, 12.6)
 (0,  8.6) (4, 10.8) (4, 11.2) (8, 12.1) (4, 10.8) (4, 11.4) (8, 12. )
 (9, 16.3) (8, 12.7) (8, 12.7) (8, 12. ) (4, 11.5) (8, 13. ) (4, 11.7)
 (3, 14.8) (5,  7.7) (1,  4.4) (5,  7.4) (0,  8.3) (4, 10.1) (8, 12. )
 (8, 12.9) (4, 10.8) (0,  9.5) (8, 12.1) (8, 12.5) (8, 13.9) (8, 13.3)
 (8, 13.2) (8, 12.3) (8, 13.8) (4, 11.3) (4, 11.7) (8, 12.5) (3, 15.1)
 (4, 11.5) (8, 13. ) (4, 11.6) (8, 12.8) (3, 15.5) (8, 13.1) (8, 12.6)
 (1,  4.4) (1,  4.4) (5,  7.1) (1,  4.2) (0,  9.6) (2,  3.5) (1,  5.3)
 (5,  7. ) (6,  0.4) (2,  3.2) (5,  5.9) (0,  8.1) (5,  6.9) (1,  5.6)
 (5,  7.2) (5,  7.1) (5,  6.1) (5,  7.1) (1,  5.6) (1,  5.4) (5,  6.3)
 (1,  5.3) (0,  7.9) (0,  8.4) (0,  8.1) (2,  2.4) (1,  5.6) (5,  7.5)
 (2,  2.5) (1,  5. ) (1,  3.8) (0,  7.9) (1,  4.3) (7, -2.1) (7, -1.8)
 (1,  3.8) (2,  2.1) (6,  0.5) (7, -0.9) (6,  0.4) (5,  7.5) (0,  8.3)
 (6, -0.2) (6,  0.1) (6,  1.5) (0,  8.3) (0,  9.4) (6,  1.3) (2,  2.2)
 (6, -0.4) (1,  4.5) (0,  7.9) (1,  4.3) (9, -2.7) (6,  0.3) (1,  3.8)
 (2,  2.4) (6,  1.2) (6,  1.2) (6, -0.3) (1,  4.7) (1,  4.9) (6,  1.4)
 (2,  2.2) (6, -0.1) (7, -0.9) (6,  0.6) (1,  4.6) (4,  9.8) (4, 10.6)
 (0,  7.8) (1,  4.4) (6, -0.2) (1,  4.3) (5,  7.4) (0,  8.6) (4, 10.2)
 (5,  7.3) (0,  8.7) (6,  1. ) (2,  2.1) (5,  6.4) (1,  5.4) (6,  0.4)
 (1,  4. ) (0,  8.4) (6,  0.4) (1,  4.2) (6,  0.9) (6,  0.8) (1,  4.3)
 (5,  6.3) (2,  3.5) (7, -1.5) (6,  1.2) (6,  0.5) (1,  5.3) (5,  6.6)
 (7, -1.6) (9, -3.1) (6, -0.1) (7, -0.6) (2,  3. ) (2,  2.9) (7, -1.3)
 (2,  1.8) (2,  2.9) (7, -2.6) (6,  0.5) (2,  2.7) (7, -1.7) (7, -0.9)
 (7, -1.8) (6,  1.3) (2,  2.4) (7, -1.1) (2,  2.3) (7, -2.2) (9, -3.5)
 (7, -1. ) (7, -2.1) (7, -2. ) (7, -2.3) (7, -1.6) (6,  0.8) (9, -2.8)
 (9, -2.8) (2,  3. ) (1,  4.4) (2,  2.3) (7, -2. ) (7, -1.9) (1,  4.8)
 (7, -0.6) (2,  3.1) (9, -2.9) (9, -3.5) (6, -0.3) (6,  0.1) (2,  2.3)
 (2,  2.1) (1,  4.6) (1,  3.7) (7, -1.3) (9, -3.4) (9, -5.3) (6,  0. )
 (2,  2.4) (7, -0.6) (2,  2.3) (9, -3.7) (7, -0.9) (7, -1.5) (9, -3.3)
 (6, -0.1) (6, -0.2) (6,  0.5) (5,  6.1) (1,  4.1) (6,  0.1) (2,  3.2)
 (1,  5.4) (5,  5.8) (5,  6.3) (7, -0.9) (6,  0.2) (9, -3.7) (9, -2.7)
 (7, -2.5) (6, -0.5) (0,  9. ) (8, 13.1) (0,  8.7) (1,  3.9) (6,  0.7)
 (6,  1.1) (1,  5.1) (5,  7.5) (1,  4.7) (2,  3.2) (0,  7.8) (2,  2.4)
 (2,  3.2) (2,  2.5) (5,  6.5) (3, 14.4) (1,  4.9) (2,  2.3) (6,  1.4)
 (1,  5.6) (9, 16.8) (3, 14.4) (4, 10.3) (4, 11.2) (6,  0.3) (6,  0.5)
 (6,  0.5) (1,  4.6) (0,  8.2) (1,  4.5) (5,  6.7) (8, 11.9) (0,  9.2)
 (1,  4.4) (1,  5. ) (5,  6.7) (0,  8.3) (4, 11.3) (0,  9. ) (2,  3.4)
 (2,  3.2) (6,  0.9) (2,  3.3) (0,  7.9) (0,  9. ) (5,  7.1) (8, 12.5)
 (8, 12.5) (8, 12.3)]

36 determined outlier frequencies:
[16.4 16.6 16.3 17.2 16.5 19.9 16.7 16.5 16.5 17.5 17.5 20.9 17.  17.9
 17.2 17.9 18.  17.6 17.1 18.2 16.8 16.3 -2.7 -3.1 -3.5 -2.8 -2.8 -2.9
 -3.5 -3.4 -5.3 -3.7 -3.3 -3.7 -2.7 16.8]
analyze method containing outliers


analyzing the results:
number of max cluster size: 10
number of actually used clusters: 10
min value of all elements: -5.3
max value of all elements: 20.9
mean of all elements: 7.2655737704918035
median of all elements: 7.45
standard deviation of all elements: 6.017562236643699
variance of all elements: 36.21105527188032
distribution of all clusters: [0 0 0 0 0 0 0 0 0 0 0 0 0 0 0 0 0 0 0 0 0 0 0 0 0 0 0 0 0 0 0 0 0 0 0 0 0
 1 1 1 1 1 1 1 1 1 1 1 1 1 1 1 1 1 1 1 1 1 1 1 1 1 1 1 1 1 1 1 1 1 1 1 1 1
 1 1 1 1 1 2 2 2 2 2 2 2 2 2 2 2 2 2 2 2 2 2 2 2 2 2 2 2 2 2 2 2 2 2 2 2 2
 2 3 3 3 3 3 3 3 3 3 3 3 3 3 3 3 3 3 3 3 3 3 3 3 3 3 3 3 3 3 3 3 3 3 3 3 3
 3 4 4 4 4 4 4 4 4 4 4 4 4 4 4 4 4 4 4 4 4 4 4 4 4 4 4 4 4 4 4 4 4 5 5 5 5
 5 5 5 5 5 5 5 5 5 5 5 5 5 5 5 5 5 5 5 5 5 5 5 5 5 5 6 6 6 6 6 6 6 6 6 6 6
 6 6 6 6 6 6 6 6 6 6 6 6 6 6 6 6 6 6 6 6 6 6 6 6 6 6 6 6 6 6 6 6 7 7 7 7 7
 7 7 7 7 7 7 7 7 7 7 7 7 7 7 7 7 7 7 7 7 7 7 7 8 8 8 8 8 8 8 8 8 8 8 8 8 8
 8 8 8 8 8 8 8 8 8 8 8 8 8 8 8 8 8 8 8 8 8 8 8 8 8 8 8 8 8 8 8 8 8 8 9 9 9
 9 9 9 9 9 9 9 9 9 9 9 9 9 9 9 9 9 9 9 9 9 9 9 9 9 9 9 9 9 9 9 9 9]

cluster #0: 	sum elements:37  	min value: 7.8 	max value: 9.6 	mean: 8.6 	std deviation: 0.533 	median: 8.5
cluster #0 homoscedasticity NOT given with ratio = 1.5625000000000009
cluster #1: 	sum elements:42  	min value: 3.7 	max value: 5.6 	mean: 4.7 	std deviation: 0.56 	median: 4.55
cluster #1 homoscedasticity given with ratio = 1.2345679012345694
cluster #2: 	sum elements:33  	min value: 1.8 	max value: 3.5 	mean: 2.7 	std deviation: 0.484 	median: 2.5
cluster #2 homoscedasticity given with ratio = 1.265625000000001
cluster #3: 	sum elements:37  	min value: 14.0 	max value: 16.0 	mean: 15.1 	std deviation: 0.533 	median: 15.1
cluster #3 homoscedasticity given with ratio = 1.4938271604938251
cluster #4: 	sum elements:32  	min value: 9.8 	max value: 11.8 	mean: 10.9 	std deviation: 0.679 	median: 10.8
cluster #4 homoscedasticity given with ratio = 1.4938271604938251
cluster #5: 	sum elements:30  	min value: 5.8 	max value: 7.7 	mean: 6.8 	std deviation: 0.576 	median: 6.95
cluster #5 homoscedasticity given with ratio = 1.234567901234567
cluster #6: 	sum elements:43  	min value: -0.5 	max value: 1.5 	mean: 0.5 	std deviation: 0.558 	median: 0.5
cluster #6 homoscedasticity given with ratio = 0
cluster #7: 	sum elements:28  	min value: -2.6 	max value: -0.6 	mean: -1.5 	std deviation: 0.599 	median: -1.55
cluster #7 homoscedasticity given with ratio = 1.4938271604938274
cluster #8: 	sum elements:48  	min value: 11.9 	max value: 13.9 	mean: 12.8 	std deviation: 0.575 	median: 12.7
cluster #8 homoscedasticity given with ratio = 1.4938271604938251
cluster #9: 	sum elements:36  	min value: -5.3 	max value: 20.9 	mean: 9.9 	std deviation: 10.131 	median: 16.5
cluster #9 homoscedasticity NOT given with ratio = 1.9094214876033064
homoscedasticity given for 8 of 10 used clusters

number of elements: 366

built clusters:
cluster #9: -5.3 -- 20.9 (36)
cluster #7: -2.6 -- -0.6 (28)
cluster #6: -0.5 -- 1.5 (43)
cluster #2: 1.8 -- 3.5 (33)
cluster #1: 3.7 -- 5.6 (42)
cluster #5: 5.8 -- 7.7 (30)
cluster #0: 7.8 -- 9.6 (37)
cluster #4: 9.8 -- 11.8 (32)
cluster #8: 11.9 -- 13.9 (48)
cluster #3: 14.0 -- 16.0 (37)

score even distribution (SED) MAX: 3.79e+15
score even distribution (SED) MAX: 3789728837959680.0
SED number of digits: 16

number of used clusters (NUC) MAX: 1.0

sum variances (SV) MIN: 102.61818132532923
sum variances (SV) MIN: 1.03e+02
ratio between SED and sv digits MAX: 0
SUM: NUC(MAX): 1.0	 SED(MAX): 3.79e+15	 SV(MIN): 1.03e+02

Mean Silhouette Coefficient of all clusters MSC(MAX): 0.44
(best value is 1 and the worst value is -1. Values near 0 indicate overlapping clusters)

Davies-Bouldin score DB(MIN): 4.3
(The minimum score is zero, with lower values indicating better clustering.)

overlapping range found in clusters!!


TRIAL: 3
***********


starting algorithm at: 09:59:01.055895
[1] "[R] success: found arguments for clusters and trim factor"
[1] "[R] clusters:"
[1] 9
[1] "[R] trim-factor:"
[1] 0.1
[1] "[R] script finished"
[6. 4. 9. 7. 3. 3. 3. 6. 6. 6. 6. 6. 8. 7. 8. 7. 9. 7. 7. 4. 4. 9. 7. 7.
 4. 4. 7. 7. 4. 7. 4. 7. 9. 7. 4. 9. 9. 9. 4. 4. 7. 7. 8. 6. 8. 4. 8. 3.
 7. 7. 4. 9. 6. 7. 8. 8. 4. 4. 4. 4. 9. 7. 4. 4. 9. 7. 4. 9. 9. 9. 4. 9.
 9. 9. 4. 4. 9. 4. 4. 4. 9. 4. 8. 8. 8. 4. 7. 7. 4. 9. 9. 9. 4. 4. 9. 9.
 9. 7. 4. 7. 8. 6. 6. 4. 7. 6. 8. 8. 7. 8. 8. 7. 9. 7. 7. 7. 7. 7. 7. 4.
 6. 5. 3. 6. 8. 7. 7. 8. 8. 7. 7. 9. 7. 7. 7. 9. 8. 7. 7. 4. 7. 7. 7. 7.
 4. 7. 7. 5. 5. 3. 5. 8. 2. 5. 3. 0. 2. 3. 6. 3. 5. 3. 3. 3. 3. 5. 5. 3.
 5. 6. 6. 6. 2. 5. 3. 2. 5. 5. 6. 5. 1. 1. 5. 2. 0. 1. 0. 3. 6. 0. 0. 0.
 6. 6. 0. 2. 0. 5. 6. 5. 1. 0. 5. 2. 0. 0. 0. 5. 5. 0. 2. 0. 1. 0. 5. 8.
 8. 6. 5. 0. 5. 3. 6. 8. 3. 6. 0. 2. 3. 5. 0. 5. 6. 0. 5. 0. 0. 5. 3. 2.
 1. 0. 0. 5. 3. 1. 9. 0. 0. 2. 2. 1. 2. 2. 1. 0. 2. 1. 1. 1. 0. 2. 1. 2.
 1. 9. 1. 1. 1. 1. 1. 0. 1. 1. 2. 5. 2. 1. 1. 5. 0. 2. 1. 9. 0. 0. 2. 2.
 5. 5. 1. 9. 9. 0. 2. 0. 2. 9. 1. 1. 9. 0. 0. 0. 3. 5. 0. 2. 5. 3. 3. 1.
 0. 9. 1. 1. 0. 6. 7. 6. 5. 0. 0. 5. 3. 5. 2. 6. 2. 2. 2. 3. 4. 5. 2. 0.
 5. 9. 4. 8. 8. 0. 0. 0. 5. 6. 5. 3. 7. 6. 5. 5. 3. 6. 8. 6. 2. 2. 0. 2.
 6. 6. 3. 7. 7. 7.]
finishing algorithm at: 09:59:24.858897

running time of algorithm: 0:00:23.803002


frquencies result
[(6,  8. ) (4, 14. ) (9, 13.7) (7, 13.3) (3,  7.6) (3,  6.2) (3,  6.1)
 (6,  8.3) (6,  8.8) (6,  8.4) (6,  9.1) (6,  8.5) (8, 10.1) (7, 12.1)
 (8, 10.1) (7, 12.4) (9, 13.8) (7, 11.7) (7, 12.4) (4, 15.6) (4, 15.3)
 (9, 16.4) (7, 12.8) (7, 12. ) (4, 15.4) (4, 15.6) (7, 13.3) (7, 12.9)
 (4, 15.1) (7, 13.6) (4, 15.1) (7, 11.6) (9, 16.6) (7, 13.3) (4, 14.5)
 (9, 16.3) (9, 17.2) (9, 16.5) (4, 15. ) (4, 14.9) (7, 11.8) (7, 11.7)
 (8,  9.6) (6,  8.9) (8, 10.1) (4, 15.5) (8, 10.8) (3,  7.5) (7, 12.8)
 (7, 12.6) (4, 14.8) (9, 19.9) (6,  9.2) (7, 12.4) (8, 11.3) (8,  9.8)
 (4, 14.3) (4, 15.1) (4, 14.4) (4, 15.4) (9, 13.8) (7, 13.6) (4, 14.3)
 (4, 15.9) (9, 16.7) (7, 12.1) (4, 14.3) (9, 16.5) (9, 16.5) (9, 17.5)
 (4, 14.7) (9, 17.5) (9, 20.9) (9, 17. ) (4, 16. ) (4, 15.4) (9, 17.9)
 (4, 15.2) (4, 15.1) (4, 15.3) (9, 17.2) (4, 15.9) (8, 10. ) (8,  9.9)
 (8, 10.3) (4, 15.4) (7, 12.7) (7, 13.2) (4, 15.3) (9, 17.9) (9, 18. )
 (9, 17.6) (4, 16. ) (4, 14.9) (9, 17.1) (9, 18.2) (9, 16.8) (7, 13.6)
 (4, 14.5) (7, 12.4) (8, 10.4) (6,  9.1) (6,  8.9) (4, 14.5) (7, 12.6)
 (6,  8.6) (8, 10.8) (8, 11.2) (7, 12.1) (8, 10.8) (8, 11.4) (7, 12. )
 (9, 16.3) (7, 12.7) (7, 12.7) (7, 12. ) (7, 11.5) (7, 13. ) (7, 11.7)
 (4, 14.8) (6,  7.7) (5,  4.4) (3,  7.4) (6,  8.3) (8, 10.1) (7, 12. )
 (7, 12.9) (8, 10.8) (8,  9.5) (7, 12.1) (7, 12.5) (9, 13.9) (7, 13.3)
 (7, 13.2) (7, 12.3) (9, 13.8) (8, 11.3) (7, 11.7) (7, 12.5) (4, 15.1)
 (7, 11.5) (7, 13. ) (7, 11.6) (7, 12.8) (4, 15.5) (7, 13.1) (7, 12.6)
 (5,  4.4) (5,  4.4) (3,  7.1) (5,  4.2) (8,  9.6) (2,  3.5) (5,  5.3)
 (3,  7. ) (0,  0.4) (2,  3.2) (3,  5.9) (6,  8.1) (3,  6.9) (5,  5.6)
 (3,  7.2) (3,  7.1) (3,  6.1) (3,  7.1) (5,  5.6) (5,  5.4) (3,  6.3)
 (5,  5.3) (6,  7.9) (6,  8.4) (6,  8.1) (2,  2.4) (5,  5.6) (3,  7.5)
 (2,  2.5) (5,  5. ) (5,  3.8) (6,  7.9) (5,  4.3) (1, -2.1) (1, -1.8)
 (5,  3.8) (2,  2.1) (0,  0.5) (1, -0.9) (0,  0.4) (3,  7.5) (6,  8.3)
 (0, -0.2) (0,  0.1) (0,  1.5) (6,  8.3) (6,  9.4) (0,  1.3) (2,  2.2)
 (0, -0.4) (5,  4.5) (6,  7.9) (5,  4.3) (1, -2.7) (0,  0.3) (5,  3.8)
 (2,  2.4) (0,  1.2) (0,  1.2) (0, -0.3) (5,  4.7) (5,  4.9) (0,  1.4)
 (2,  2.2) (0, -0.1) (1, -0.9) (0,  0.6) (5,  4.6) (8,  9.8) (8, 10.6)
 (6,  7.8) (5,  4.4) (0, -0.2) (5,  4.3) (3,  7.4) (6,  8.6) (8, 10.2)
 (3,  7.3) (6,  8.7) (0,  1. ) (2,  2.1) (3,  6.4) (5,  5.4) (0,  0.4)
 (5,  4. ) (6,  8.4) (0,  0.4) (5,  4.2) (0,  0.9) (0,  0.8) (5,  4.3)
 (3,  6.3) (2,  3.5) (1, -1.5) (0,  1.2) (0,  0.5) (5,  5.3) (3,  6.6)
 (1, -1.6) (9, -3.1) (0, -0.1) (0, -0.6) (2,  3. ) (2,  2.9) (1, -1.3)
 (2,  1.8) (2,  2.9) (1, -2.6) (0,  0.5) (2,  2.7) (1, -1.7) (1, -0.9)
 (1, -1.8) (0,  1.3) (2,  2.4) (1, -1.1) (2,  2.3) (1, -2.2) (9, -3.5)
 (1, -1. ) (1, -2.1) (1, -2. ) (1, -2.3) (1, -1.6) (0,  0.8) (1, -2.8)
 (1, -2.8) (2,  3. ) (5,  4.4) (2,  2.3) (1, -2. ) (1, -1.9) (5,  4.8)
 (0, -0.6) (2,  3.1) (1, -2.9) (9, -3.5) (0, -0.3) (0,  0.1) (2,  2.3)
 (2,  2.1) (5,  4.6) (5,  3.7) (1, -1.3) (9, -3.4) (9, -5.3) (0,  0. )
 (2,  2.4) (0, -0.6) (2,  2.3) (9, -3.7) (1, -0.9) (1, -1.5) (9, -3.3)
 (0, -0.1) (0, -0.2) (0,  0.5) (3,  6.1) (5,  4.1) (0,  0.1) (2,  3.2)
 (5,  5.4) (3,  5.8) (3,  6.3) (1, -0.9) (0,  0.2) (9, -3.7) (1, -2.7)
 (1, -2.5) (0, -0.5) (6,  9. ) (7, 13.1) (6,  8.7) (5,  3.9) (0,  0.7)
 (0,  1.1) (5,  5.1) (3,  7.5) (5,  4.7) (2,  3.2) (6,  7.8) (2,  2.4)
 (2,  3.2) (2,  2.5) (3,  6.5) (4, 14.4) (5,  4.9) (2,  2.3) (0,  1.4)
 (5,  5.6) (9, 16.8) (4, 14.4) (8, 10.3) (8, 11.2) (0,  0.3) (0,  0.5)
 (0,  0.5) (5,  4.6) (6,  8.2) (5,  4.5) (3,  6.7) (7, 11.9) (6,  9.2)
 (5,  4.4) (5,  5. ) (3,  6.7) (6,  8.3) (8, 11.3) (6,  9. ) (2,  3.4)
 (2,  3.2) (0,  0.9) (2,  3.3) (6,  7.9) (6,  9. ) (3,  7.1) (7, 12.5)
 (7, 12.5) (7, 12.3)]

36 determined outlier frequencies:
[13.7 13.8 16.4 16.6 16.3 17.2 16.5 19.9 13.8 16.7 16.5 16.5 17.5 17.5
 20.9 17.  17.9 17.2 17.9 18.  17.6 17.1 18.2 16.8 16.3 13.9 13.8 -3.1
 -3.5 -3.5 -3.4 -5.3 -3.7 -3.3 -3.7 16.8]
analyze method containing outliers


analyzing the results:
number of max cluster size: 10
number of actually used clusters: 10
min value of all elements: -5.3
max value of all elements: 20.9
mean of all elements: 7.2655737704918035
median of all elements: 7.45
standard deviation of all elements: 6.017562236643698
variance of all elements: 36.21105527188031
distribution of all clusters: [0 0 0 0 0 0 0 0 0 0 0 0 0 0 0 0 0 0 0 0 0 0 0 0 0 0 0 0 0 0 0 0 0 0 0 0 0
 0 0 0 0 0 0 0 0 0 1 1 1 1 1 1 1 1 1 1 1 1 1 1 1 1 1 1 1 1 1 1 1 1 1 1 1 1
 1 1 2 2 2 2 2 2 2 2 2 2 2 2 2 2 2 2 2 2 2 2 2 2 2 2 2 2 2 2 2 2 2 2 2 3 3
 3 3 3 3 3 3 3 3 3 3 3 3 3 3 3 3 3 3 3 3 3 3 3 3 3 3 3 4 4 4 4 4 4 4 4 4 4
 4 4 4 4 4 4 4 4 4 4 4 4 4 4 4 4 4 4 4 4 4 4 4 4 4 4 4 5 5 5 5 5 5 5 5 5 5
 5 5 5 5 5 5 5 5 5 5 5 5 5 5 5 5 5 5 5 5 5 5 5 5 5 5 5 5 5 5 5 5 6 6 6 6 6
 6 6 6 6 6 6 6 6 6 6 6 6 6 6 6 6 6 6 6 6 6 6 6 6 6 6 6 6 6 6 7 7 7 7 7 7 7
 7 7 7 7 7 7 7 7 7 7 7 7 7 7 7 7 7 7 7 7 7 7 7 7 7 7 7 7 7 7 7 7 7 7 7 7 7
 7 7 7 7 7 7 7 7 8 8 8 8 8 8 8 8 8 8 8 8 8 8 8 8 8 8 8 8 8 8 8 8 8 8 9 9 9
 9 9 9 9 9 9 9 9 9 9 9 9 9 9 9 9 9 9 9 9 9 9 9 9 9 9 9 9 9 9 9 9 9]

cluster #0: 	sum elements:46  	min value: -0.6 	max value: 1.5 	mean: 0.4 	std deviation: 0.603 	median: 0.4
cluster #0 homoscedasticity given with ratio = 1.2100000000000002
cluster #1: 	sum elements:30  	min value: -2.9 	max value: -0.9 	mean: -1.8 	std deviation: 0.659 	median: -1.8
cluster #1 homoscedasticity given with ratio = 1.4938271604938267
cluster #2: 	sum elements:33  	min value: 1.8 	max value: 3.5 	mean: 2.7 	std deviation: 0.484 	median: 2.5
cluster #2 homoscedasticity given with ratio = 1.265625000000001
cluster #3: 	sum elements:29  	min value: 5.8 	max value: 7.6 	mean: 6.8 	std deviation: 0.562 	median: 6.9
cluster #3 homoscedasticity NOT given with ratio = 1.5625000000000009
cluster #4: 	sum elements:37  	min value: 14.0 	max value: 16.0 	mean: 15.1 	std deviation: 0.533 	median: 15.1
cluster #4 homoscedasticity given with ratio = 1.4938271604938251
cluster #5: 	sum elements:42  	min value: 3.7 	max value: 5.6 	mean: 4.7 	std deviation: 0.56 	median: 4.55
cluster #5 homoscedasticity given with ratio = 1.2345679012345694
cluster #6: 	sum elements:35  	min value: 7.7 	max value: 9.4 	mean: 8.5 	std deviation: 0.476 	median: 8.4
cluster #6 homoscedasticity given with ratio = 1.2656250000000016
cluster #7: 	sum elements:52  	min value: 11.5 	max value: 13.6 	mean: 12.5 	std deviation: 0.593 	median: 12.5
cluster #7 homoscedasticity given with ratio = 1.2099999999999993
cluster #8: 	sum elements:26  	min value: 9.5 	max value: 11.4 	mean: 10.4 	std deviation: 0.6 	median: 10.3
cluster #8 homoscedasticity given with ratio = 1.234567901234567
cluster #9: 	sum elements:36  	min value: -5.3 	max value: 20.9 	mean: 12.2 	std deviation: 8.744 	median: 16.5
cluster #9 homoscedasticity NOT given with ratio = 4.0461091293433755
homoscedasticity given for 8 of 10 used clusters

number of elements: 366

built clusters:
cluster #9: -5.3 -- 20.9 (36)
cluster #1: -2.9 -- -0.9 (30)
cluster #0: -0.6 -- 1.5 (46)
cluster #2: 1.8 -- 3.5 (33)
cluster #5: 3.7 -- 5.6 (42)
cluster #3: 5.8 -- 7.6 (29)
cluster #6: 7.7 -- 9.4 (35)
cluster #8: 9.5 -- 11.4 (26)
cluster #7: 11.5 -- 13.6 (52)
cluster #4: 14.0 -- 16.0 (37)

score even distribution (SED) MAX: 3.50e+15
score even distribution (SED) MAX: 3496143703852800.0
SED number of digits: 16

number of used clusters (NUC) MAX: 1.0

sum variances (SV) MIN: 77.13416405442707
sum variances (SV) MIN: 7.71e+01
ratio between SED and sv digits MAX: 0
SUM: NUC(MAX): 1.0	 SED(MAX): 3.50e+15	 SV(MIN): 7.71e+01

Mean Silhouette Coefficient of all clusters MSC(MAX): 0.46
(best value is 1 and the worst value is -1. Values near 0 indicate overlapping clusters)

Davies-Bouldin score DB(MIN): 6.2
(The minimum score is zero, with lower values indicating better clustering.)

overlapping range found in clusters!!


TRIAL: 4
***********


starting algorithm at: 09:59:24.879120
[1] "[R] success: found arguments for clusters and trim factor"
[1] "[R] clusters:"
[1] 9
[1] "[R] trim-factor:"
[1] 0.1
[1] "[R] script finished"
[2. 6. 9. 5. 0. 0. 0. 2. 2. 2. 2. 2. 8. 5. 8. 5. 9. 5. 5. 6. 6. 9. 5. 5.
 6. 6. 5. 5. 6. 5. 6. 5. 9. 5. 6. 9. 9. 9. 6. 6. 5. 5. 8. 2. 8. 6. 8. 0.
 5. 5. 6. 9. 2. 5. 8. 8. 6. 6. 6. 6. 9. 5. 6. 6. 9. 5. 6. 9. 9. 9. 6. 9.
 9. 9. 6. 6. 9. 6. 6. 6. 9. 6. 8. 8. 8. 6. 5. 5. 6. 9. 9. 9. 6. 6. 9. 9.
 9. 5. 6. 5. 8. 2. 2. 6. 5. 2. 8. 8. 5. 8. 8. 5. 9. 5. 5. 5. 8. 5. 5. 6.
 2. 1. 0. 2. 8. 5. 5. 8. 2. 5. 5. 9. 5. 5. 5. 9. 8. 5. 5. 6. 8. 5. 5. 5.
 6. 5. 5. 1. 1. 0. 1. 8. 3. 1. 0. 7. 3. 0. 2. 0. 1. 0. 0. 0. 0. 1. 1. 0.
 1. 2. 2. 2. 3. 1. 0. 3. 1. 1. 2. 1. 4. 4. 1. 3. 7. 4. 7. 0. 2. 7. 7. 7.
 2. 2. 7. 3. 7. 1. 2. 1. 4. 7. 1. 3. 7. 7. 7. 1. 1. 7. 3. 7. 4. 7. 1. 8.
 8. 2. 1. 7. 1. 0. 2. 8. 0. 2. 7. 3. 0. 1. 7. 1. 2. 7. 1. 7. 7. 1. 0. 3.
 4. 7. 7. 1. 0. 4. 9. 7. 7. 3. 3. 4. 3. 3. 4. 7. 3. 4. 4. 4. 7. 3. 4. 3.
 4. 9. 4. 4. 4. 4. 4. 7. 4. 4. 3. 1. 3. 4. 4. 1. 7. 3. 4. 9. 7. 7. 3. 3.
 1. 1. 4. 9. 9. 7. 3. 7. 3. 9. 4. 4. 9. 7. 7. 7. 0. 1. 7. 3. 1. 0. 0. 4.
 7. 9. 4. 4. 7. 2. 5. 2. 1. 7. 7. 1. 0. 1. 3. 2. 3. 3. 3. 0. 6. 1. 3. 7.
 1. 9. 6. 8. 8. 7. 7. 7. 1. 2. 1. 0. 5. 2. 1. 1. 0. 2. 8. 2. 3. 3. 7. 3.
 2. 2. 0. 5. 5. 5.]
finishing algorithm at: 09:59:49.748875

running time of algorithm: 0:00:24.869755


frquencies result
[(2,  8. ) (6, 14. ) (9, 13.7) (5, 13.3) (0,  7.6) (0,  6.2) (0,  6.1)
 (2,  8.3) (2,  8.8) (2,  8.4) (2,  9.1) (2,  8.5) (8, 10.1) (5, 12.1)
 (8, 10.1) (5, 12.4) (9, 13.8) (5, 11.7) (5, 12.4) (6, 15.6) (6, 15.3)
 (9, 16.4) (5, 12.8) (5, 12. ) (6, 15.4) (6, 15.6) (5, 13.3) (5, 12.9)
 (6, 15.1) (5, 13.6) (6, 15.1) (5, 11.6) (9, 16.6) (5, 13.3) (6, 14.5)
 (9, 16.3) (9, 17.2) (9, 16.5) (6, 15. ) (6, 14.9) (5, 11.8) (5, 11.7)
 (8,  9.6) (2,  8.9) (8, 10.1) (6, 15.5) (8, 10.8) (0,  7.5) (5, 12.8)
 (5, 12.6) (6, 14.8) (9, 19.9) (2,  9.2) (5, 12.4) (8, 11.3) (8,  9.8)
 (6, 14.3) (6, 15.1) (6, 14.4) (6, 15.4) (9, 13.8) (5, 13.6) (6, 14.3)
 (6, 15.9) (9, 16.7) (5, 12.1) (6, 14.3) (9, 16.5) (9, 16.5) (9, 17.5)
 (6, 14.7) (9, 17.5) (9, 20.9) (9, 17. ) (6, 16. ) (6, 15.4) (9, 17.9)
 (6, 15.2) (6, 15.1) (6, 15.3) (9, 17.2) (6, 15.9) (8, 10. ) (8,  9.9)
 (8, 10.3) (6, 15.4) (5, 12.7) (5, 13.2) (6, 15.3) (9, 17.9) (9, 18. )
 (9, 17.6) (6, 16. ) (6, 14.9) (9, 17.1) (9, 18.2) (9, 16.8) (5, 13.6)
 (6, 14.5) (5, 12.4) (8, 10.4) (2,  9.1) (2,  8.9) (6, 14.5) (5, 12.6)
 (2,  8.6) (8, 10.8) (8, 11.2) (5, 12.1) (8, 10.8) (8, 11.4) (5, 12. )
 (9, 16.3) (5, 12.7) (5, 12.7) (5, 12. ) (8, 11.5) (5, 13. ) (5, 11.7)
 (6, 14.8) (2,  7.7) (1,  4.4) (0,  7.4) (2,  8.3) (8, 10.1) (5, 12. )
 (5, 12.9) (8, 10.8) (2,  9.5) (5, 12.1) (5, 12.5) (9, 13.9) (5, 13.3)
 (5, 13.2) (5, 12.3) (9, 13.8) (8, 11.3) (5, 11.7) (5, 12.5) (6, 15.1)
 (8, 11.5) (5, 13. ) (5, 11.6) (5, 12.8) (6, 15.5) (5, 13.1) (5, 12.6)
 (1,  4.4) (1,  4.4) (0,  7.1) (1,  4.2) (8,  9.6) (3,  3.5) (1,  5.3)
 (0,  7. ) (7,  0.4) (3,  3.2) (0,  5.9) (2,  8.1) (0,  6.9) (1,  5.6)
 (0,  7.2) (0,  7.1) (0,  6.1) (0,  7.1) (1,  5.6) (1,  5.4) (0,  6.3)
 (1,  5.3) (2,  7.9) (2,  8.4) (2,  8.1) (3,  2.4) (1,  5.6) (0,  7.5)
 (3,  2.5) (1,  5. ) (1,  3.8) (2,  7.9) (1,  4.3) (4, -2.1) (4, -1.8)
 (1,  3.8) (3,  2.1) (7,  0.5) (4, -0.9) (7,  0.4) (0,  7.5) (2,  8.3)
 (7, -0.2) (7,  0.1) (7,  1.5) (2,  8.3) (2,  9.4) (7,  1.3) (3,  2.2)
 (7, -0.4) (1,  4.5) (2,  7.9) (1,  4.3) (4, -2.7) (7,  0.3) (1,  3.8)
 (3,  2.4) (7,  1.2) (7,  1.2) (7, -0.3) (1,  4.7) (1,  4.9) (7,  1.4)
 (3,  2.2) (7, -0.1) (4, -0.9) (7,  0.6) (1,  4.6) (8,  9.8) (8, 10.6)
 (2,  7.8) (1,  4.4) (7, -0.2) (1,  4.3) (0,  7.4) (2,  8.6) (8, 10.2)
 (0,  7.3) (2,  8.7) (7,  1. ) (3,  2.1) (0,  6.4) (1,  5.4) (7,  0.4)
 (1,  4. ) (2,  8.4) (7,  0.4) (1,  4.2) (7,  0.9) (7,  0.8) (1,  4.3)
 (0,  6.3) (3,  3.5) (4, -1.5) (7,  1.2) (7,  0.5) (1,  5.3) (0,  6.6)
 (4, -1.6) (9, -3.1) (7, -0.1) (7, -0.6) (3,  3. ) (3,  2.9) (4, -1.3)
 (3,  1.8) (3,  2.9) (4, -2.6) (7,  0.5) (3,  2.7) (4, -1.7) (4, -0.9)
 (4, -1.8) (7,  1.3) (3,  2.4) (4, -1.1) (3,  2.3) (4, -2.2) (9, -3.5)
 (4, -1. ) (4, -2.1) (4, -2. ) (4, -2.3) (4, -1.6) (7,  0.8) (4, -2.8)
 (4, -2.8) (3,  3. ) (1,  4.4) (3,  2.3) (4, -2. ) (4, -1.9) (1,  4.8)
 (7, -0.6) (3,  3.1) (4, -2.9) (9, -3.5) (7, -0.3) (7,  0.1) (3,  2.3)
 (3,  2.1) (1,  4.6) (1,  3.7) (4, -1.3) (9, -3.4) (9, -5.3) (7,  0. )
 (3,  2.4) (7, -0.6) (3,  2.3) (9, -3.7) (4, -0.9) (4, -1.5) (9, -3.3)
 (7, -0.1) (7, -0.2) (7,  0.5) (0,  6.1) (1,  4.1) (7,  0.1) (3,  3.2)
 (1,  5.4) (0,  5.8) (0,  6.3) (4, -0.9) (7,  0.2) (9, -3.7) (4, -2.7)
 (4, -2.5) (7, -0.5) (2,  9. ) (5, 13.1) (2,  8.7) (1,  3.9) (7,  0.7)
 (7,  1.1) (1,  5.1) (0,  7.5) (1,  4.7) (3,  3.2) (2,  7.8) (3,  2.4)
 (3,  3.2) (3,  2.5) (0,  6.5) (6, 14.4) (1,  4.9) (3,  2.3) (7,  1.4)
 (1,  5.6) (9, 16.8) (6, 14.4) (8, 10.3) (8, 11.2) (7,  0.3) (7,  0.5)
 (7,  0.5) (1,  4.6) (2,  8.2) (1,  4.5) (0,  6.7) (5, 11.9) (2,  9.2)
 (1,  4.4) (1,  5. ) (0,  6.7) (2,  8.3) (8, 11.3) (2,  9. ) (3,  3.4)
 (3,  3.2) (7,  0.9) (3,  3.3) (2,  7.9) (2,  9. ) (0,  7.1) (5, 12.5)
 (5, 12.5) (5, 12.3)]

36 determined outlier frequencies:
[13.7 13.8 16.4 16.6 16.3 17.2 16.5 19.9 13.8 16.7 16.5 16.5 17.5 17.5
 20.9 17.  17.9 17.2 17.9 18.  17.6 17.1 18.2 16.8 16.3 13.9 13.8 -3.1
 -3.5 -3.5 -3.4 -5.3 -3.7 -3.3 -3.7 16.8]
analyze method containing outliers


analyzing the results:
number of max cluster size: 10
number of actually used clusters: 10
min value of all elements: -5.3
max value of all elements: 20.9
mean of all elements: 7.2655737704918035
median of all elements: 7.45
standard deviation of all elements: 6.017562236643699
variance of all elements: 36.21105527188032
distribution of all clusters: [0 0 0 0 0 0 0 0 0 0 0 0 0 0 0 0 0 0 0 0 0 0 0 0 0 0 0 0 0 1 1 1 1 1 1 1 1
 1 1 1 1 1 1 1 1 1 1 1 1 1 1 1 1 1 1 1 1 1 1 1 1 1 1 1 1 1 1 1 1 1 1 2 2 2
 2 2 2 2 2 2 2 2 2 2 2 2 2 2 2 2 2 2 2 2 2 2 2 2 2 2 2 2 2 2 2 2 2 3 3 3 3
 3 3 3 3 3 3 3 3 3 3 3 3 3 3 3 3 3 3 3 3 3 3 3 3 3 3 3 3 3 4 4 4 4 4 4 4 4
 4 4 4 4 4 4 4 4 4 4 4 4 4 4 4 4 4 4 4 4 4 4 5 5 5 5 5 5 5 5 5 5 5 5 5 5 5
 5 5 5 5 5 5 5 5 5 5 5 5 5 5 5 5 5 5 5 5 5 5 5 5 5 5 5 5 5 5 5 5 5 5 5 6 6
 6 6 6 6 6 6 6 6 6 6 6 6 6 6 6 6 6 6 6 6 6 6 6 6 6 6 6 6 6 6 6 6 6 6 6 7 7
 7 7 7 7 7 7 7 7 7 7 7 7 7 7 7 7 7 7 7 7 7 7 7 7 7 7 7 7 7 7 7 7 7 7 7 7 7
 7 7 7 7 7 7 7 8 8 8 8 8 8 8 8 8 8 8 8 8 8 8 8 8 8 8 8 8 8 8 8 8 8 8 9 9 9
 9 9 9 9 9 9 9 9 9 9 9 9 9 9 9 9 9 9 9 9 9 9 9 9 9 9 9 9 9 9 9 9 9]

cluster #0: 	sum elements:29  	min value: 5.8 	max value: 7.6 	mean: 6.8 	std deviation: 0.562 	median: 6.9
cluster #0 homoscedasticity NOT given with ratio = 1.5625000000000009
cluster #1: 	sum elements:42  	min value: 3.7 	max value: 5.6 	mean: 4.7 	std deviation: 0.56 	median: 4.55
cluster #1 homoscedasticity given with ratio = 1.2345679012345694
cluster #2: 	sum elements:36  	min value: 7.7 	max value: 9.5 	mean: 8.5 	std deviation: 0.499 	median: 8.4
cluster #2 homoscedasticity NOT given with ratio = 1.5625000000000009
cluster #3: 	sum elements:33  	min value: 1.8 	max value: 3.5 	mean: 2.7 	std deviation: 0.484 	median: 2.5
cluster #3 homoscedasticity given with ratio = 1.265625000000001
cluster #4: 	sum elements:30  	min value: -2.9 	max value: -0.9 	mean: -1.8 	std deviation: 0.659 	median: -1.8
cluster #4 homoscedasticity given with ratio = 1.4938271604938267
cluster #5: 	sum elements:50  	min value: 11.6 	max value: 13.6 	mean: 12.5 	std deviation: 0.569 	median: 12.5
cluster #5 homoscedasticity given with ratio = 1.4938271604938251
cluster #6: 	sum elements:37  	min value: 14.0 	max value: 16.0 	mean: 15.1 	std deviation: 0.533 	median: 15.1
cluster #6 homoscedasticity given with ratio = 1.4938271604938251
cluster #7: 	sum elements:46  	min value: -0.6 	max value: 1.5 	mean: 0.4 	std deviation: 0.603 	median: 0.4
cluster #7 homoscedasticity given with ratio = 1.2100000000000002
cluster #8: 	sum elements:27  	min value: 9.6 	max value: 11.5 	mean: 10.5 	std deviation: 0.622 	median: 10.4
cluster #8 homoscedasticity given with ratio = 1.234567901234567
cluster #9: 	sum elements:36  	min value: -5.3 	max value: 20.9 	mean: 12.2 	std deviation: 8.744 	median: 16.5
cluster #9 homoscedasticity NOT given with ratio = 4.0461091293433755
homoscedasticity given for 7 of 10 used clusters

number of elements: 366

built clusters:
cluster #9: -5.3 -- 20.9 (36)
cluster #4: -2.9 -- -0.9 (30)
cluster #7: -0.6 -- 1.5 (46)
cluster #3: 1.8 -- 3.5 (33)
cluster #1: 3.7 -- 5.6 (42)
cluster #0: 5.8 -- 7.6 (29)
cluster #2: 7.7 -- 9.5 (36)
cluster #8: 9.6 -- 11.5 (27)
cluster #5: 11.6 -- 13.6 (50)
cluster #6: 14.0 -- 16.0 (37)

score even distribution (SED) MAX: 3.59e+15
score even distribution (SED) MAX: 3590713947744000.0
SED number of digits: 16

number of used clusters (NUC) MAX: 1.0

sum variances (SV) MIN: 77.15450778106327
sum variances (SV) MIN: 7.72e+01
ratio between SED and sv digits MAX: 0
SUM: NUC(MAX): 1.0	 SED(MAX): 3.59e+15	 SV(MIN): 7.72e+01

Mean Silhouette Coefficient of all clusters MSC(MAX): 0.46
(best value is 1 and the worst value is -1. Values near 0 indicate overlapping clusters)

Davies-Bouldin score DB(MIN): 5.7
(The minimum score is zero, with lower values indicating better clustering.)

overlapping range found in clusters!!


TRIAL: 5
***********


starting algorithm at: 09:59:49.771361
[1] "[R] success: found arguments for clusters and trim factor"
[1] "[R] clusters:"
[1] 9
[1] "[R] trim-factor:"
[1] 0.1
[1] "[R] script finished"
[3. 7. 9. 0. 5. 5. 5. 3. 3. 3. 3. 3. 8. 0. 8. 0. 9. 0. 0. 7. 7. 9. 0. 0.
 7. 7. 0. 0. 7. 0. 7. 0. 9. 0. 7. 9. 9. 9. 7. 7. 0. 0. 8. 3. 8. 7. 8. 5.
 0. 0. 7. 9. 3. 0. 8. 8. 7. 7. 7. 7. 9. 0. 7. 7. 9. 0. 7. 9. 9. 9. 7. 9.
 9. 9. 7. 7. 9. 7. 7. 7. 9. 7. 8. 8. 8. 7. 0. 0. 7. 9. 9. 9. 7. 7. 9. 9.
 9. 0. 7. 0. 8. 3. 3. 7. 0. 3. 8. 8. 0. 8. 8. 0. 9. 0. 0. 0. 0. 0. 0. 7.
 3. 6. 5. 3. 8. 0. 0. 8. 8. 0. 0. 9. 0. 0. 0. 9. 8. 0. 0. 7. 0. 0. 0. 0.
 7. 0. 0. 6. 6. 5. 6. 8. 4. 6. 5. 1. 4. 5. 3. 5. 6. 5. 5. 5. 5. 6. 6. 5.
 6. 3. 3. 3. 4. 6. 5. 4. 6. 6. 3. 6. 2. 2. 6. 4. 1. 2. 1. 5. 3. 1. 1. 1.
 3. 3. 1. 4. 1. 6. 3. 6. 2. 1. 6. 4. 1. 1. 1. 6. 6. 1. 4. 1. 2. 1. 6. 8.
 8. 3. 6. 1. 6. 5. 3. 8. 5. 3. 1. 4. 5. 6. 1. 6. 3. 1. 6. 1. 1. 6. 5. 4.
 2. 1. 1. 6. 5. 2. 9. 1. 1. 4. 4. 2. 4. 4. 2. 1. 4. 2. 2. 2. 1. 4. 2. 4.
 2. 9. 2. 2. 2. 2. 2. 1. 2. 2. 4. 6. 4. 2. 2. 6. 1. 4. 2. 9. 1. 1. 4. 4.
 6. 6. 2. 9. 9. 1. 4. 1. 4. 9. 2. 2. 9. 1. 1. 1. 5. 6. 1. 4. 6. 5. 5. 2.
 1. 9. 2. 2. 1. 3. 0. 3. 6. 1. 1. 6. 5. 6. 4. 3. 4. 4. 4. 5. 7. 6. 4. 1.
 6. 9. 7. 8. 8. 1. 1. 1. 6. 3. 6. 5. 0. 3. 6. 6. 5. 3. 8. 3. 4. 4. 1. 4.
 3. 3. 5. 0. 0. 0.]
finishing algorithm at: 10:00:15.061641

running time of algorithm: 0:00:25.290280


frquencies result
[(3,  8. ) (7, 14. ) (9, 13.7) (0, 13.3) (5,  7.6) (5,  6.2) (5,  6.1)
 (3,  8.3) (3,  8.8) (3,  8.4) (3,  9.1) (3,  8.5) (8, 10.1) (0, 12.1)
 (8, 10.1) (0, 12.4) (9, 13.8) (0, 11.7) (0, 12.4) (7, 15.6) (7, 15.3)
 (9, 16.4) (0, 12.8) (0, 12. ) (7, 15.4) (7, 15.6) (0, 13.3) (0, 12.9)
 (7, 15.1) (0, 13.6) (7, 15.1) (0, 11.6) (9, 16.6) (0, 13.3) (7, 14.5)
 (9, 16.3) (9, 17.2) (9, 16.5) (7, 15. ) (7, 14.9) (0, 11.8) (0, 11.7)
 (8,  9.6) (3,  8.9) (8, 10.1) (7, 15.5) (8, 10.8) (5,  7.5) (0, 12.8)
 (0, 12.6) (7, 14.8) (9, 19.9) (3,  9.2) (0, 12.4) (8, 11.3) (8,  9.8)
 (7, 14.3) (7, 15.1) (7, 14.4) (7, 15.4) (9, 13.8) (0, 13.6) (7, 14.3)
 (7, 15.9) (9, 16.7) (0, 12.1) (7, 14.3) (9, 16.5) (9, 16.5) (9, 17.5)
 (7, 14.7) (9, 17.5) (9, 20.9) (9, 17. ) (7, 16. ) (7, 15.4) (9, 17.9)
 (7, 15.2) (7, 15.1) (7, 15.3) (9, 17.2) (7, 15.9) (8, 10. ) (8,  9.9)
 (8, 10.3) (7, 15.4) (0, 12.7) (0, 13.2) (7, 15.3) (9, 17.9) (9, 18. )
 (9, 17.6) (7, 16. ) (7, 14.9) (9, 17.1) (9, 18.2) (9, 16.8) (0, 13.6)
 (7, 14.5) (0, 12.4) (8, 10.4) (3,  9.1) (3,  8.9) (7, 14.5) (0, 12.6)
 (3,  8.6) (8, 10.8) (8, 11.2) (0, 12.1) (8, 10.8) (8, 11.4) (0, 12. )
 (9, 16.3) (0, 12.7) (0, 12.7) (0, 12. ) (0, 11.5) (0, 13. ) (0, 11.7)
 (7, 14.8) (3,  7.7) (6,  4.4) (5,  7.4) (3,  8.3) (8, 10.1) (0, 12. )
 (0, 12.9) (8, 10.8) (8,  9.5) (0, 12.1) (0, 12.5) (9, 13.9) (0, 13.3)
 (0, 13.2) (0, 12.3) (9, 13.8) (8, 11.3) (0, 11.7) (0, 12.5) (7, 15.1)
 (0, 11.5) (0, 13. ) (0, 11.6) (0, 12.8) (7, 15.5) (0, 13.1) (0, 12.6)
 (6,  4.4) (6,  4.4) (5,  7.1) (6,  4.2) (8,  9.6) (4,  3.5) (6,  5.3)
 (5,  7. ) (1,  0.4) (4,  3.2) (5,  5.9) (3,  8.1) (5,  6.9) (6,  5.6)
 (5,  7.2) (5,  7.1) (5,  6.1) (5,  7.1) (6,  5.6) (6,  5.4) (5,  6.3)
 (6,  5.3) (3,  7.9) (3,  8.4) (3,  8.1) (4,  2.4) (6,  5.6) (5,  7.5)
 (4,  2.5) (6,  5. ) (6,  3.8) (3,  7.9) (6,  4.3) (2, -2.1) (2, -1.8)
 (6,  3.8) (4,  2.1) (1,  0.5) (2, -0.9) (1,  0.4) (5,  7.5) (3,  8.3)
 (1, -0.2) (1,  0.1) (1,  1.5) (3,  8.3) (3,  9.4) (1,  1.3) (4,  2.2)
 (1, -0.4) (6,  4.5) (3,  7.9) (6,  4.3) (2, -2.7) (1,  0.3) (6,  3.8)
 (4,  2.4) (1,  1.2) (1,  1.2) (1, -0.3) (6,  4.7) (6,  4.9) (1,  1.4)
 (4,  2.2) (1, -0.1) (2, -0.9) (1,  0.6) (6,  4.6) (8,  9.8) (8, 10.6)
 (3,  7.8) (6,  4.4) (1, -0.2) (6,  4.3) (5,  7.4) (3,  8.6) (8, 10.2)
 (5,  7.3) (3,  8.7) (1,  1. ) (4,  2.1) (5,  6.4) (6,  5.4) (1,  0.4)
 (6,  4. ) (3,  8.4) (1,  0.4) (6,  4.2) (1,  0.9) (1,  0.8) (6,  4.3)
 (5,  6.3) (4,  3.5) (2, -1.5) (1,  1.2) (1,  0.5) (6,  5.3) (5,  6.6)
 (2, -1.6) (9, -3.1) (1, -0.1) (1, -0.6) (4,  3. ) (4,  2.9) (2, -1.3)
 (4,  1.8) (4,  2.9) (2, -2.6) (1,  0.5) (4,  2.7) (2, -1.7) (2, -0.9)
 (2, -1.8) (1,  1.3) (4,  2.4) (2, -1.1) (4,  2.3) (2, -2.2) (9, -3.5)
 (2, -1. ) (2, -2.1) (2, -2. ) (2, -2.3) (2, -1.6) (1,  0.8) (2, -2.8)
 (2, -2.8) (4,  3. ) (6,  4.4) (4,  2.3) (2, -2. ) (2, -1.9) (6,  4.8)
 (1, -0.6) (4,  3.1) (2, -2.9) (9, -3.5) (1, -0.3) (1,  0.1) (4,  2.3)
 (4,  2.1) (6,  4.6) (6,  3.7) (2, -1.3) (9, -3.4) (9, -5.3) (1,  0. )
 (4,  2.4) (1, -0.6) (4,  2.3) (9, -3.7) (2, -0.9) (2, -1.5) (9, -3.3)
 (1, -0.1) (1, -0.2) (1,  0.5) (5,  6.1) (6,  4.1) (1,  0.1) (4,  3.2)
 (6,  5.4) (5,  5.8) (5,  6.3) (2, -0.9) (1,  0.2) (9, -3.7) (2, -2.7)
 (2, -2.5) (1, -0.5) (3,  9. ) (0, 13.1) (3,  8.7) (6,  3.9) (1,  0.7)
 (1,  1.1) (6,  5.1) (5,  7.5) (6,  4.7) (4,  3.2) (3,  7.8) (4,  2.4)
 (4,  3.2) (4,  2.5) (5,  6.5) (7, 14.4) (6,  4.9) (4,  2.3) (1,  1.4)
 (6,  5.6) (9, 16.8) (7, 14.4) (8, 10.3) (8, 11.2) (1,  0.3) (1,  0.5)
 (1,  0.5) (6,  4.6) (3,  8.2) (6,  4.5) (5,  6.7) (0, 11.9) (3,  9.2)
 (6,  4.4) (6,  5. ) (5,  6.7) (3,  8.3) (8, 11.3) (3,  9. ) (4,  3.4)
 (4,  3.2) (1,  0.9) (4,  3.3) (3,  7.9) (3,  9. ) (5,  7.1) (0, 12.5)
 (0, 12.5) (0, 12.3)]

36 determined outlier frequencies:
[13.7 13.8 16.4 16.6 16.3 17.2 16.5 19.9 13.8 16.7 16.5 16.5 17.5 17.5
 20.9 17.  17.9 17.2 17.9 18.  17.6 17.1 18.2 16.8 16.3 13.9 13.8 -3.1
 -3.5 -3.5 -3.4 -5.3 -3.7 -3.3 -3.7 16.8]
analyze method containing outliers


analyzing the results:
number of max cluster size: 10
number of actually used clusters: 10
min value of all elements: -5.3
max value of all elements: 20.9
mean of all elements: 7.2655737704918035
median of all elements: 7.45
standard deviation of all elements: 6.017562236643699
variance of all elements: 36.21105527188032
distribution of all clusters: [0 0 0 0 0 0 0 0 0 0 0 0 0 0 0 0 0 0 0 0 0 0 0 0 0 0 0 0 0 0 0 0 0 0 0 0 0
 0 0 0 0 0 0 0 0 0 0 0 0 0 0 0 1 1 1 1 1 1 1 1 1 1 1 1 1 1 1 1 1 1 1 1 1 1
 1 1 1 1 1 1 1 1 1 1 1 1 1 1 1 1 1 1 1 1 1 1 1 1 2 2 2 2 2 2 2 2 2 2 2 2 2
 2 2 2 2 2 2 2 2 2 2 2 2 2 2 2 2 2 3 3 3 3 3 3 3 3 3 3 3 3 3 3 3 3 3 3 3 3
 3 3 3 3 3 3 3 3 3 3 3 3 3 3 3 4 4 4 4 4 4 4 4 4 4 4 4 4 4 4 4 4 4 4 4 4 4
 4 4 4 4 4 4 4 4 4 4 4 5 5 5 5 5 5 5 5 5 5 5 5 5 5 5 5 5 5 5 5 5 5 5 5 5 5
 5 5 5 6 6 6 6 6 6 6 6 6 6 6 6 6 6 6 6 6 6 6 6 6 6 6 6 6 6 6 6 6 6 6 6 6 6
 6 6 6 6 6 6 6 6 7 7 7 7 7 7 7 7 7 7 7 7 7 7 7 7 7 7 7 7 7 7 7 7 7 7 7 7 7
 7 7 7 7 7 7 7 7 8 8 8 8 8 8 8 8 8 8 8 8 8 8 8 8 8 8 8 8 8 8 8 8 8 8 9 9 9
 9 9 9 9 9 9 9 9 9 9 9 9 9 9 9 9 9 9 9 9 9 9 9 9 9 9 9 9 9 9 9 9 9]

cluster #0: 	sum elements:52  	min value: 11.5 	max value: 13.6 	mean: 12.5 	std deviation: 0.593 	median: 12.5
cluster #0 homoscedasticity given with ratio = 1.2099999999999993
cluster #1: 	sum elements:46  	min value: -0.6 	max value: 1.5 	mean: 0.4 	std deviation: 0.603 	median: 0.4
cluster #1 homoscedasticity given with ratio = 1.2100000000000002
cluster #2: 	sum elements:30  	min value: -2.9 	max value: -0.9 	mean: -1.8 	std deviation: 0.659 	median: -1.8
cluster #2 homoscedasticity given with ratio = 1.4938271604938267
cluster #3: 	sum elements:35  	min value: 7.7 	max value: 9.4 	mean: 8.5 	std deviation: 0.476 	median: 8.4
cluster #3 homoscedasticity given with ratio = 1.2656250000000016
cluster #4: 	sum elements:33  	min value: 1.8 	max value: 3.5 	mean: 2.7 	std deviation: 0.484 	median: 2.5
cluster #4 homoscedasticity given with ratio = 1.265625000000001
cluster #5: 	sum elements:29  	min value: 5.8 	max value: 7.6 	mean: 6.8 	std deviation: 0.562 	median: 6.9
cluster #5 homoscedasticity NOT given with ratio = 1.5625000000000009
cluster #6: 	sum elements:42  	min value: 3.7 	max value: 5.6 	mean: 4.7 	std deviation: 0.56 	median: 4.55
cluster #6 homoscedasticity given with ratio = 1.2345679012345694
cluster #7: 	sum elements:37  	min value: 14.0 	max value: 16.0 	mean: 15.1 	std deviation: 0.533 	median: 15.1
cluster #7 homoscedasticity given with ratio = 1.4938271604938251
cluster #8: 	sum elements:26  	min value: 9.5 	max value: 11.4 	mean: 10.4 	std deviation: 0.6 	median: 10.3
cluster #8 homoscedasticity given with ratio = 1.234567901234567
cluster #9: 	sum elements:36  	min value: -5.3 	max value: 20.9 	mean: 12.2 	std deviation: 8.744 	median: 16.5
cluster #9 homoscedasticity NOT given with ratio = 4.0461091293433755
homoscedasticity given for 8 of 10 used clusters

number of elements: 366

built clusters:
cluster #9: -5.3 -- 20.9 (36)
cluster #2: -2.9 -- -0.9 (30)
cluster #1: -0.6 -- 1.5 (46)
cluster #4: 1.8 -- 3.5 (33)
cluster #6: 3.7 -- 5.6 (42)
cluster #5: 5.8 -- 7.6 (29)
cluster #3: 7.7 -- 9.4 (35)
cluster #8: 9.5 -- 11.4 (26)
cluster #0: 11.5 -- 13.6 (52)
cluster #7: 14.0 -- 16.0 (37)

score even distribution (SED) MAX: 3.50e+15
score even distribution (SED) MAX: 3496143703852800.0
SED number of digits: 16

number of used clusters (NUC) MAX: 1.0

sum variances (SV) MIN: 77.13416405442707
sum variances (SV) MIN: 7.71e+01
ratio between SED and sv digits MAX: 0
SUM: NUC(MAX): 1.0	 SED(MAX): 3.50e+15	 SV(MIN): 7.71e+01

Mean Silhouette Coefficient of all clusters MSC(MAX): 0.46
(best value is 1 and the worst value is -1. Values near 0 indicate overlapping clusters)

Davies-Bouldin score DB(MIN): 6.2
(The minimum score is zero, with lower values indicating better clustering.)

overlapping range found in clusters!!


TRIAL: 6
***********


starting algorithm at: 10:00:15.083691
[1] "[R] success: found arguments for clusters and trim factor"
[1] "[R] clusters:"
[1] 9
[1] "[R] trim-factor:"
[1] 0.1
[1] "[R] script finished"
[3. 5. 9. 6. 2. 2. 2. 3. 3. 3. 3. 3. 0. 6. 0. 6. 9. 6. 6. 5. 5. 9. 6. 6.
 5. 5. 6. 6. 5. 6. 5. 6. 9. 6. 5. 9. 9. 9. 5. 5. 6. 6. 0. 3. 0. 5. 0. 2.
 6. 6. 5. 9. 3. 6. 0. 0. 5. 5. 5. 5. 9. 6. 5. 5. 9. 6. 5. 9. 9. 9. 5. 9.
 9. 9. 5. 5. 9. 5. 5. 5. 9. 5. 0. 0. 0. 5. 6. 6. 5. 9. 9. 9. 5. 5. 9. 9.
 9. 6. 5. 6. 0. 3. 3. 5. 6. 3. 0. 0. 6. 0. 0. 6. 9. 6. 6. 6. 6. 6. 6. 5.
 3. 4. 2. 3. 0. 6. 6. 0. 0. 6. 6. 9. 6. 6. 6. 9. 0. 6. 6. 5. 6. 6. 6. 6.
 5. 6. 6. 4. 4. 2. 4. 0. 8. 4. 2. 7. 8. 2. 3. 2. 4. 2. 2. 2. 2. 4. 4. 2.
 4. 3. 3. 3. 8. 4. 2. 8. 4. 4. 3. 4. 1. 1. 4. 8. 7. 1. 7. 2. 3. 7. 7. 7.
 3. 3. 7. 8. 7. 4. 3. 4. 1. 7. 4. 8. 7. 7. 7. 4. 4. 7. 8. 7. 1. 7. 4. 0.
 0. 3. 4. 7. 4. 2. 3. 0. 2. 3. 7. 8. 2. 4. 7. 4. 3. 7. 4. 7. 7. 4. 2. 8.
 1. 7. 7. 4. 2. 1. 9. 7. 7. 8. 8. 1. 8. 8. 1. 7. 8. 1. 1. 1. 7. 8. 1. 8.
 1. 9. 1. 1. 1. 1. 1. 7. 1. 1. 8. 4. 8. 1. 1. 4. 7. 8. 1. 9. 7. 7. 8. 8.
 4. 4. 1. 9. 9. 7. 8. 7. 8. 9. 1. 1. 9. 7. 7. 7. 2. 4. 7. 8. 4. 2. 2. 1.
 7. 9. 1. 1. 7. 3. 6. 3. 4. 7. 7. 4. 2. 4. 8. 3. 8. 8. 8. 2. 5. 4. 8. 7.
 4. 9. 5. 0. 0. 7. 7. 7. 4. 3. 4. 2. 6. 3. 4. 4. 2. 3. 0. 3. 8. 8. 7. 8.
 3. 3. 2. 6. 6. 6.]
finishing algorithm at: 10:00:39.945534

running time of algorithm: 0:00:24.861843


frquencies result
[(3,  8. ) (5, 14. ) (9, 13.7) (6, 13.3) (2,  7.6) (2,  6.2) (2,  6.1)
 (3,  8.3) (3,  8.8) (3,  8.4) (3,  9.1) (3,  8.5) (0, 10.1) (6, 12.1)
 (0, 10.1) (6, 12.4) (9, 13.8) (6, 11.7) (6, 12.4) (5, 15.6) (5, 15.3)
 (9, 16.4) (6, 12.8) (6, 12. ) (5, 15.4) (5, 15.6) (6, 13.3) (6, 12.9)
 (5, 15.1) (6, 13.6) (5, 15.1) (6, 11.6) (9, 16.6) (6, 13.3) (5, 14.5)
 (9, 16.3) (9, 17.2) (9, 16.5) (5, 15. ) (5, 14.9) (6, 11.8) (6, 11.7)
 (0,  9.6) (3,  8.9) (0, 10.1) (5, 15.5) (0, 10.8) (2,  7.5) (6, 12.8)
 (6, 12.6) (5, 14.8) (9, 19.9) (3,  9.2) (6, 12.4) (0, 11.3) (0,  9.8)
 (5, 14.3) (5, 15.1) (5, 14.4) (5, 15.4) (9, 13.8) (6, 13.6) (5, 14.3)
 (5, 15.9) (9, 16.7) (6, 12.1) (5, 14.3) (9, 16.5) (9, 16.5) (9, 17.5)
 (5, 14.7) (9, 17.5) (9, 20.9) (9, 17. ) (5, 16. ) (5, 15.4) (9, 17.9)
 (5, 15.2) (5, 15.1) (5, 15.3) (9, 17.2) (5, 15.9) (0, 10. ) (0,  9.9)
 (0, 10.3) (5, 15.4) (6, 12.7) (6, 13.2) (5, 15.3) (9, 17.9) (9, 18. )
 (9, 17.6) (5, 16. ) (5, 14.9) (9, 17.1) (9, 18.2) (9, 16.8) (6, 13.6)
 (5, 14.5) (6, 12.4) (0, 10.4) (3,  9.1) (3,  8.9) (5, 14.5) (6, 12.6)
 (3,  8.6) (0, 10.8) (0, 11.2) (6, 12.1) (0, 10.8) (0, 11.4) (6, 12. )
 (9, 16.3) (6, 12.7) (6, 12.7) (6, 12. ) (6, 11.5) (6, 13. ) (6, 11.7)
 (5, 14.8) (3,  7.7) (4,  4.4) (2,  7.4) (3,  8.3) (0, 10.1) (6, 12. )
 (6, 12.9) (0, 10.8) (0,  9.5) (6, 12.1) (6, 12.5) (9, 13.9) (6, 13.3)
 (6, 13.2) (6, 12.3) (9, 13.8) (0, 11.3) (6, 11.7) (6, 12.5) (5, 15.1)
 (6, 11.5) (6, 13. ) (6, 11.6) (6, 12.8) (5, 15.5) (6, 13.1) (6, 12.6)
 (4,  4.4) (4,  4.4) (2,  7.1) (4,  4.2) (0,  9.6) (8,  3.5) (4,  5.3)
 (2,  7. ) (7,  0.4) (8,  3.2) (2,  5.9) (3,  8.1) (2,  6.9) (4,  5.6)
 (2,  7.2) (2,  7.1) (2,  6.1) (2,  7.1) (4,  5.6) (4,  5.4) (2,  6.3)
 (4,  5.3) (3,  7.9) (3,  8.4) (3,  8.1) (8,  2.4) (4,  5.6) (2,  7.5)
 (8,  2.5) (4,  5. ) (4,  3.8) (3,  7.9) (4,  4.3) (1, -2.1) (1, -1.8)
 (4,  3.8) (8,  2.1) (7,  0.5) (1, -0.9) (7,  0.4) (2,  7.5) (3,  8.3)
 (7, -0.2) (7,  0.1) (7,  1.5) (3,  8.3) (3,  9.4) (7,  1.3) (8,  2.2)
 (7, -0.4) (4,  4.5) (3,  7.9) (4,  4.3) (1, -2.7) (7,  0.3) (4,  3.8)
 (8,  2.4) (7,  1.2) (7,  1.2) (7, -0.3) (4,  4.7) (4,  4.9) (7,  1.4)
 (8,  2.2) (7, -0.1) (1, -0.9) (7,  0.6) (4,  4.6) (0,  9.8) (0, 10.6)
 (3,  7.8) (4,  4.4) (7, -0.2) (4,  4.3) (2,  7.4) (3,  8.6) (0, 10.2)
 (2,  7.3) (3,  8.7) (7,  1. ) (8,  2.1) (2,  6.4) (4,  5.4) (7,  0.4)
 (4,  4. ) (3,  8.4) (7,  0.4) (4,  4.2) (7,  0.9) (7,  0.8) (4,  4.3)
 (2,  6.3) (8,  3.5) (1, -1.5) (7,  1.2) (7,  0.5) (4,  5.3) (2,  6.6)
 (1, -1.6) (9, -3.1) (7, -0.1) (7, -0.6) (8,  3. ) (8,  2.9) (1, -1.3)
 (8,  1.8) (8,  2.9) (1, -2.6) (7,  0.5) (8,  2.7) (1, -1.7) (1, -0.9)
 (1, -1.8) (7,  1.3) (8,  2.4) (1, -1.1) (8,  2.3) (1, -2.2) (9, -3.5)
 (1, -1. ) (1, -2.1) (1, -2. ) (1, -2.3) (1, -1.6) (7,  0.8) (1, -2.8)
 (1, -2.8) (8,  3. ) (4,  4.4) (8,  2.3) (1, -2. ) (1, -1.9) (4,  4.8)
 (7, -0.6) (8,  3.1) (1, -2.9) (9, -3.5) (7, -0.3) (7,  0.1) (8,  2.3)
 (8,  2.1) (4,  4.6) (4,  3.7) (1, -1.3) (9, -3.4) (9, -5.3) (7,  0. )
 (8,  2.4) (7, -0.6) (8,  2.3) (9, -3.7) (1, -0.9) (1, -1.5) (9, -3.3)
 (7, -0.1) (7, -0.2) (7,  0.5) (2,  6.1) (4,  4.1) (7,  0.1) (8,  3.2)
 (4,  5.4) (2,  5.8) (2,  6.3) (1, -0.9) (7,  0.2) (9, -3.7) (1, -2.7)
 (1, -2.5) (7, -0.5) (3,  9. ) (6, 13.1) (3,  8.7) (4,  3.9) (7,  0.7)
 (7,  1.1) (4,  5.1) (2,  7.5) (4,  4.7) (8,  3.2) (3,  7.8) (8,  2.4)
 (8,  3.2) (8,  2.5) (2,  6.5) (5, 14.4) (4,  4.9) (8,  2.3) (7,  1.4)
 (4,  5.6) (9, 16.8) (5, 14.4) (0, 10.3) (0, 11.2) (7,  0.3) (7,  0.5)
 (7,  0.5) (4,  4.6) (3,  8.2) (4,  4.5) (2,  6.7) (6, 11.9) (3,  9.2)
 (4,  4.4) (4,  5. ) (2,  6.7) (3,  8.3) (0, 11.3) (3,  9. ) (8,  3.4)
 (8,  3.2) (7,  0.9) (8,  3.3) (3,  7.9) (3,  9. ) (2,  7.1) (6, 12.5)
 (6, 12.5) (6, 12.3)]

36 determined outlier frequencies:
[13.7 13.8 16.4 16.6 16.3 17.2 16.5 19.9 13.8 16.7 16.5 16.5 17.5 17.5
 20.9 17.  17.9 17.2 17.9 18.  17.6 17.1 18.2 16.8 16.3 13.9 13.8 -3.1
 -3.5 -3.5 -3.4 -5.3 -3.7 -3.3 -3.7 16.8]
analyze method containing outliers


analyzing the results:
number of max cluster size: 10
number of actually used clusters: 10
min value of all elements: -5.3
max value of all elements: 20.9
mean of all elements: 7.2655737704918035
median of all elements: 7.45
standard deviation of all elements: 6.017562236643699
variance of all elements: 36.21105527188032
distribution of all clusters: [0 0 0 0 0 0 0 0 0 0 0 0 0 0 0 0 0 0 0 0 0 0 0 0 0 0 1 1 1 1 1 1 1 1 1 1 1
 1 1 1 1 1 1 1 1 1 1 1 1 1 1 1 1 1 1 1 2 2 2 2 2 2 2 2 2 2 2 2 2 2 2 2 2 2
 2 2 2 2 2 2 2 2 2 2 2 3 3 3 3 3 3 3 3 3 3 3 3 3 3 3 3 3 3 3 3 3 3 3 3 3 3
 3 3 3 3 3 3 3 3 3 4 4 4 4 4 4 4 4 4 4 4 4 4 4 4 4 4 4 4 4 4 4 4 4 4 4 4 4
 4 4 4 4 4 4 4 4 4 4 4 4 4 4 5 5 5 5 5 5 5 5 5 5 5 5 5 5 5 5 5 5 5 5 5 5 5
 5 5 5 5 5 5 5 5 5 5 5 5 5 5 6 6 6 6 6 6 6 6 6 6 6 6 6 6 6 6 6 6 6 6 6 6 6
 6 6 6 6 6 6 6 6 6 6 6 6 6 6 6 6 6 6 6 6 6 6 6 6 6 6 6 6 6 7 7 7 7 7 7 7 7
 7 7 7 7 7 7 7 7 7 7 7 7 7 7 7 7 7 7 7 7 7 7 7 7 7 7 7 7 7 7 7 7 7 7 7 7 7
 7 8 8 8 8 8 8 8 8 8 8 8 8 8 8 8 8 8 8 8 8 8 8 8 8 8 8 8 8 8 8 8 8 8 9 9 9
 9 9 9 9 9 9 9 9 9 9 9 9 9 9 9 9 9 9 9 9 9 9 9 9 9 9 9 9 9 9 9 9 9]

cluster #0: 	sum elements:26  	min value: 9.5 	max value: 11.4 	mean: 10.4 	std deviation: 0.6 	median: 10.3
cluster #0 homoscedasticity given with ratio = 1.234567901234567
cluster #1: 	sum elements:30  	min value: -2.9 	max value: -0.9 	mean: -1.8 	std deviation: 0.659 	median: -1.8
cluster #1 homoscedasticity given with ratio = 1.4938271604938267
cluster #2: 	sum elements:29  	min value: 5.8 	max value: 7.6 	mean: 6.8 	std deviation: 0.562 	median: 6.9
cluster #2 homoscedasticity NOT given with ratio = 1.5625000000000009
cluster #3: 	sum elements:35  	min value: 7.7 	max value: 9.4 	mean: 8.5 	std deviation: 0.476 	median: 8.4
cluster #3 homoscedasticity given with ratio = 1.2656250000000016
cluster #4: 	sum elements:42  	min value: 3.7 	max value: 5.6 	mean: 4.7 	std deviation: 0.56 	median: 4.55
cluster #4 homoscedasticity given with ratio = 1.2345679012345694
cluster #5: 	sum elements:37  	min value: 14.0 	max value: 16.0 	mean: 15.1 	std deviation: 0.533 	median: 15.1
cluster #5 homoscedasticity given with ratio = 1.4938271604938251
cluster #6: 	sum elements:52  	min value: 11.5 	max value: 13.6 	mean: 12.5 	std deviation: 0.593 	median: 12.5
cluster #6 homoscedasticity given with ratio = 1.2099999999999993
cluster #7: 	sum elements:46  	min value: -0.6 	max value: 1.5 	mean: 0.4 	std deviation: 0.603 	median: 0.4
cluster #7 homoscedasticity given with ratio = 1.2100000000000002
cluster #8: 	sum elements:33  	min value: 1.8 	max value: 3.5 	mean: 2.7 	std deviation: 0.484 	median: 2.5
cluster #8 homoscedasticity given with ratio = 1.265625000000001
cluster #9: 	sum elements:36  	min value: -5.3 	max value: 20.9 	mean: 12.2 	std deviation: 8.744 	median: 16.5
cluster #9 homoscedasticity NOT given with ratio = 4.0461091293433755
homoscedasticity given for 8 of 10 used clusters

number of elements: 366

built clusters:
cluster #9: -5.3 -- 20.9 (36)
cluster #1: -2.9 -- -0.9 (30)
cluster #7: -0.6 -- 1.5 (46)
cluster #8: 1.8 -- 3.5 (33)
cluster #4: 3.7 -- 5.6 (42)
cluster #2: 5.8 -- 7.6 (29)
cluster #3: 7.7 -- 9.4 (35)
cluster #0: 9.5 -- 11.4 (26)
cluster #6: 11.5 -- 13.6 (52)
cluster #5: 14.0 -- 16.0 (37)

score even distribution (SED) MAX: 3.50e+15
score even distribution (SED) MAX: 3496143703852800.0
SED number of digits: 16

number of used clusters (NUC) MAX: 1.0

sum variances (SV) MIN: 77.13416405442709
sum variances (SV) MIN: 7.71e+01
ratio between SED and sv digits MAX: 0
SUM: NUC(MAX): 1.0	 SED(MAX): 3.50e+15	 SV(MIN): 7.71e+01

Mean Silhouette Coefficient of all clusters MSC(MAX): 0.46
(best value is 1 and the worst value is -1. Values near 0 indicate overlapping clusters)

Davies-Bouldin score DB(MIN): 6.2
(The minimum score is zero, with lower values indicating better clustering.)

overlapping range found in clusters!!


TRIAL: 7
***********


starting algorithm at: 10:00:39.965938
[1] "[R] success: found arguments for clusters and trim factor"
[1] "[R] clusters:"
[1] 9
[1] "[R] trim-factor:"
[1] 0.1
[1] "[R] script finished"
[6. 9. 4. 4. 7. 7. 7. 6. 6. 6. 6. 6. 1. 4. 1. 4. 4. 1. 4. 8. 8. 9. 4. 4.
 8. 8. 4. 4. 8. 4. 8. 1. 9. 4. 8. 9. 9. 9. 8. 8. 1. 1. 6. 6. 1. 8. 1. 7.
 4. 4. 8. 9. 6. 4. 1. 1. 8. 8. 8. 8. 4. 4. 8. 8. 9. 4. 8. 9. 9. 9. 8. 9.
 9. 9. 8. 8. 9. 8. 8. 8. 9. 8. 1. 1. 1. 8. 4. 4. 8. 9. 9. 9. 8. 8. 9. 9.
 9. 4. 8. 4. 1. 6. 6. 8. 4. 6. 1. 1. 4. 1. 1. 4. 9. 4. 4. 4. 1. 4. 1. 8.
 6. 0. 7. 6. 1. 4. 4. 1. 6. 4. 4. 9. 4. 4. 4. 4. 1. 1. 4. 8. 1. 4. 1. 4.
 8. 4. 4. 0. 0. 7. 0. 9. 2. 0. 7. 3. 2. 7. 6. 7. 0. 7. 7. 7. 7. 0. 0. 7.
 0. 6. 6. 6. 2. 0. 7. 2. 0. 0. 6. 0. 5. 5. 0. 2. 3. 5. 3. 7. 6. 3. 3. 9.
 6. 6. 3. 2. 3. 0. 6. 0. 5. 3. 0. 2. 3. 3. 3. 0. 0. 3. 2. 3. 5. 3. 0. 1.
 1. 6. 0. 3. 0. 7. 6. 1. 7. 6. 3. 2. 7. 0. 3. 0. 6. 3. 0. 3. 3. 0. 7. 2.
 5. 3. 3. 0. 7. 5. 9. 3. 3. 2. 2. 5. 2. 2. 5. 3. 2. 5. 5. 5. 3. 2. 5. 2.
 5. 9. 5. 5. 5. 5. 5. 3. 5. 5. 2. 0. 2. 5. 5. 0. 3. 2. 9. 9. 3. 3. 2. 2.
 0. 0. 5. 9. 9. 3. 2. 3. 2. 9. 5. 5. 9. 3. 3. 3. 7. 0. 3. 2. 0. 7. 7. 5.
 3. 9. 5. 5. 3. 6. 4. 6. 0. 3. 3. 0. 7. 0. 2. 6. 2. 2. 2. 7. 8. 0. 2. 3.
 0. 9. 8. 1. 1. 3. 3. 3. 0. 6. 0. 7. 4. 6. 0. 0. 7. 6. 1. 6. 2. 2. 3. 2.
 6. 6. 7. 4. 4. 4.]
finishing algorithm at: 10:01:04.571112

running time of algorithm: 0:00:24.605174


frquencies result
[(6,  8. ) (9, 14. ) (4, 13.7) (4, 13.3) (7,  7.6) (7,  6.2) (7,  6.1)
 (6,  8.3) (6,  8.8) (6,  8.4) (6,  9.1) (6,  8.5) (1, 10.1) (4, 12.1)
 (1, 10.1) (4, 12.4) (4, 13.8) (1, 11.7) (4, 12.4) (8, 15.6) (8, 15.3)
 (9, 16.4) (4, 12.8) (4, 12. ) (8, 15.4) (8, 15.6) (4, 13.3) (4, 12.9)
 (8, 15.1) (4, 13.6) (8, 15.1) (1, 11.6) (9, 16.6) (4, 13.3) (8, 14.5)
 (9, 16.3) (9, 17.2) (9, 16.5) (8, 15. ) (8, 14.9) (1, 11.8) (1, 11.7)
 (6,  9.6) (6,  8.9) (1, 10.1) (8, 15.5) (1, 10.8) (7,  7.5) (4, 12.8)
 (4, 12.6) (8, 14.8) (9, 19.9) (6,  9.2) (4, 12.4) (1, 11.3) (1,  9.8)
 (8, 14.3) (8, 15.1) (8, 14.4) (8, 15.4) (4, 13.8) (4, 13.6) (8, 14.3)
 (8, 15.9) (9, 16.7) (4, 12.1) (8, 14.3) (9, 16.5) (9, 16.5) (9, 17.5)
 (8, 14.7) (9, 17.5) (9, 20.9) (9, 17. ) (8, 16. ) (8, 15.4) (9, 17.9)
 (8, 15.2) (8, 15.1) (8, 15.3) (9, 17.2) (8, 15.9) (1, 10. ) (1,  9.9)
 (1, 10.3) (8, 15.4) (4, 12.7) (4, 13.2) (8, 15.3) (9, 17.9) (9, 18. )
 (9, 17.6) (8, 16. ) (8, 14.9) (9, 17.1) (9, 18.2) (9, 16.8) (4, 13.6)
 (8, 14.5) (4, 12.4) (1, 10.4) (6,  9.1) (6,  8.9) (8, 14.5) (4, 12.6)
 (6,  8.6) (1, 10.8) (1, 11.2) (4, 12.1) (1, 10.8) (1, 11.4) (4, 12. )
 (9, 16.3) (4, 12.7) (4, 12.7) (4, 12. ) (1, 11.5) (4, 13. ) (1, 11.7)
 (8, 14.8) (6,  7.7) (0,  4.4) (7,  7.4) (6,  8.3) (1, 10.1) (4, 12. )
 (4, 12.9) (1, 10.8) (6,  9.5) (4, 12.1) (4, 12.5) (9, 13.9) (4, 13.3)
 (4, 13.2) (4, 12.3) (4, 13.8) (1, 11.3) (1, 11.7) (4, 12.5) (8, 15.1)
 (1, 11.5) (4, 13. ) (1, 11.6) (4, 12.8) (8, 15.5) (4, 13.1) (4, 12.6)
 (0,  4.4) (0,  4.4) (7,  7.1) (0,  4.2) (9,  9.6) (2,  3.5) (0,  5.3)
 (7,  7. ) (3,  0.4) (2,  3.2) (7,  5.9) (6,  8.1) (7,  6.9) (0,  5.6)
 (7,  7.2) (7,  7.1) (7,  6.1) (7,  7.1) (0,  5.6) (0,  5.4) (7,  6.3)
 (0,  5.3) (6,  7.9) (6,  8.4) (6,  8.1) (2,  2.4) (0,  5.6) (7,  7.5)
 (2,  2.5) (0,  5. ) (0,  3.8) (6,  7.9) (0,  4.3) (5, -2.1) (5, -1.8)
 (0,  3.8) (2,  2.1) (3,  0.5) (5, -0.9) (3,  0.4) (7,  7.5) (6,  8.3)
 (3, -0.2) (3,  0.1) (9,  1.5) (6,  8.3) (6,  9.4) (3,  1.3) (2,  2.2)
 (3, -0.4) (0,  4.5) (6,  7.9) (0,  4.3) (5, -2.7) (3,  0.3) (0,  3.8)
 (2,  2.4) (3,  1.2) (3,  1.2) (3, -0.3) (0,  4.7) (0,  4.9) (3,  1.4)
 (2,  2.2) (3, -0.1) (5, -0.9) (3,  0.6) (0,  4.6) (1,  9.8) (1, 10.6)
 (6,  7.8) (0,  4.4) (3, -0.2) (0,  4.3) (7,  7.4) (6,  8.6) (1, 10.2)
 (7,  7.3) (6,  8.7) (3,  1. ) (2,  2.1) (7,  6.4) (0,  5.4) (3,  0.4)
 (0,  4. ) (6,  8.4) (3,  0.4) (0,  4.2) (3,  0.9) (3,  0.8) (0,  4.3)
 (7,  6.3) (2,  3.5) (5, -1.5) (3,  1.2) (3,  0.5) (0,  5.3) (7,  6.6)
 (5, -1.6) (9, -3.1) (3, -0.1) (3, -0.6) (2,  3. ) (2,  2.9) (5, -1.3)
 (2,  1.8) (2,  2.9) (5, -2.6) (3,  0.5) (2,  2.7) (5, -1.7) (5, -0.9)
 (5, -1.8) (3,  1.3) (2,  2.4) (5, -1.1) (2,  2.3) (5, -2.2) (9, -3.5)
 (5, -1. ) (5, -2.1) (5, -2. ) (5, -2.3) (5, -1.6) (3,  0.8) (5, -2.8)
 (5, -2.8) (2,  3. ) (0,  4.4) (2,  2.3) (5, -2. ) (5, -1.9) (0,  4.8)
 (3, -0.6) (2,  3.1) (9, -2.9) (9, -3.5) (3, -0.3) (3,  0.1) (2,  2.3)
 (2,  2.1) (0,  4.6) (0,  3.7) (5, -1.3) (9, -3.4) (9, -5.3) (3,  0. )
 (2,  2.4) (3, -0.6) (2,  2.3) (9, -3.7) (5, -0.9) (5, -1.5) (9, -3.3)
 (3, -0.1) (3, -0.2) (3,  0.5) (7,  6.1) (0,  4.1) (3,  0.1) (2,  3.2)
 (0,  5.4) (7,  5.8) (7,  6.3) (5, -0.9) (3,  0.2) (9, -3.7) (5, -2.7)
 (5, -2.5) (3, -0.5) (6,  9. ) (4, 13.1) (6,  8.7) (0,  3.9) (3,  0.7)
 (3,  1.1) (0,  5.1) (7,  7.5) (0,  4.7) (2,  3.2) (6,  7.8) (2,  2.4)
 (2,  3.2) (2,  2.5) (7,  6.5) (8, 14.4) (0,  4.9) (2,  2.3) (3,  1.4)
 (0,  5.6) (9, 16.8) (8, 14.4) (1, 10.3) (1, 11.2) (3,  0.3) (3,  0.5)
 (3,  0.5) (0,  4.6) (6,  8.2) (0,  4.5) (7,  6.7) (4, 11.9) (6,  9.2)
 (0,  4.4) (0,  5. ) (7,  6.7) (6,  8.3) (1, 11.3) (6,  9. ) (2,  3.4)
 (2,  3.2) (3,  0.9) (2,  3.3) (6,  7.9) (6,  9. ) (7,  7.1) (4, 12.5)
 (4, 12.5) (4, 12.3)]

36 determined outlier frequencies:
[14.  16.4 16.6 16.3 17.2 16.5 19.9 16.7 16.5 16.5 17.5 17.5 20.9 17.
 17.9 17.2 17.9 18.  17.6 17.1 18.2 16.8 16.3 13.9  9.6  1.5 -3.1 -3.5
 -2.9 -3.5 -3.4 -5.3 -3.7 -3.3 -3.7 16.8]
analyze method containing outliers


analyzing the results:
number of max cluster size: 10
number of actually used clusters: 10
min value of all elements: -5.3
max value of all elements: 20.9
mean of all elements: 7.2655737704918035
median of all elements: 7.45
standard deviation of all elements: 6.017562236643699
variance of all elements: 36.21105527188032
distribution of all clusters: [0 0 0 0 0 0 0 0 0 0 0 0 0 0 0 0 0 0 0 0 0 0 0 0 0 0 0 0 0 0 0 0 0 0 0 0 0
 0 0 0 0 0 1 1 1 1 1 1 1 1 1 1 1 1 1 1 1 1 1 1 1 1 1 1 1 1 1 1 1 1 1 1 1 1
 2 2 2 2 2 2 2 2 2 2 2 2 2 2 2 2 2 2 2 2 2 2 2 2 2 2 2 2 2 2 2 2 2 3 3 3 3
 3 3 3 3 3 3 3 3 3 3 3 3 3 3 3 3 3 3 3 3 3 3 3 3 3 3 3 3 3 3 3 3 3 3 3 3 3
 3 3 3 3 4 4 4 4 4 4 4 4 4 4 4 4 4 4 4 4 4 4 4 4 4 4 4 4 4 4 4 4 4 4 4 4 4
 4 4 4 4 4 4 4 4 4 4 4 4 4 4 5 5 5 5 5 5 5 5 5 5 5 5 5 5 5 5 5 5 5 5 5 5 5
 5 5 5 5 5 5 6 6 6 6 6 6 6 6 6 6 6 6 6 6 6 6 6 6 6 6 6 6 6 6 6 6 6 6 6 6 6
 6 6 6 6 6 6 7 7 7 7 7 7 7 7 7 7 7 7 7 7 7 7 7 7 7 7 7 7 7 7 7 7 7 7 7 8 8
 8 8 8 8 8 8 8 8 8 8 8 8 8 8 8 8 8 8 8 8 8 8 8 8 8 8 8 8 8 8 8 8 8 8 9 9 9
 9 9 9 9 9 9 9 9 9 9 9 9 9 9 9 9 9 9 9 9 9 9 9 9 9 9 9 9 9 9 9 9 9]

cluster #0: 	sum elements:42  	min value: 3.7 	max value: 5.6 	mean: 4.7 	std deviation: 0.56 	median: 4.55
cluster #0 homoscedasticity given with ratio = 1.2345679012345694
cluster #1: 	sum elements:32  	min value: 9.8 	max value: 11.8 	mean: 10.9 	std deviation: 0.679 	median: 10.8
cluster #1 homoscedasticity given with ratio = 1.4938271604938251
cluster #2: 	sum elements:33  	min value: 1.8 	max value: 3.5 	mean: 2.7 	std deviation: 0.484 	median: 2.5
cluster #2 homoscedasticity given with ratio = 1.265625000000001
cluster #3: 	sum elements:45  	min value: -0.6 	max value: 1.4 	mean: 0.4 	std deviation: 0.587 	median: 0.4
cluster #3 homoscedasticity given with ratio = 1.0000000000000002
cluster #4: 	sum elements:47  	min value: 11.9 	max value: 13.8 	mean: 12.8 	std deviation: 0.557 	median: 12.7
cluster #4 homoscedasticity given with ratio = 1.234567901234567
cluster #5: 	sum elements:29  	min value: -2.8 	max value: -0.9 	mean: -1.8 	std deviation: 0.637 	median: -1.8
cluster #5 homoscedasticity given with ratio = 1.2345679012345672
cluster #6: 	sum elements:37  	min value: 7.7 	max value: 9.6 	mean: 8.5 	std deviation: 0.524 	median: 8.4
cluster #6 homoscedasticity NOT given with ratio = 1.8906249999999998
cluster #7: 	sum elements:29  	min value: 5.8 	max value: 7.6 	mean: 6.8 	std deviation: 0.562 	median: 6.9
cluster #7 homoscedasticity NOT given with ratio = 1.5625000000000009
cluster #8: 	sum elements:36  	min value: 14.3 	max value: 16.0 	mean: 15.1 	std deviation: 0.51 	median: 15.1
cluster #8 homoscedasticity given with ratio = 1.2656250000000042
cluster #9: 	sum elements:36  	min value: -5.3 	max value: 20.9 	mean: 11.3 	std deviation: 9.239 	median: 16.5
cluster #9 homoscedasticity NOT given with ratio = 2.9900173611111134
homoscedasticity given for 7 of 10 used clusters

number of elements: 366

built clusters:
cluster #9: -5.3 -- 20.9 (36)
cluster #5: -2.8 -- -0.9 (29)
cluster #3: -0.6 -- 1.4 (45)
cluster #2: 1.8 -- 3.5 (33)
cluster #0: 3.7 -- 5.6 (42)
cluster #7: 5.8 -- 7.6 (29)
cluster #6: 7.7 -- 9.6 (37)
cluster #1: 9.8 -- 11.8 (32)
cluster #4: 11.9 -- 13.8 (47)
cluster #8: 14.3 -- 16.0 (36)

score even distribution (SED) MAX: 3.78e+15
score even distribution (SED) MAX: 3782912549391360.0
SED number of digits: 16

number of used clusters (NUC) MAX: 1.0

sum variances (SV) MIN: 85.83046438476151
sum variances (SV) MIN: 8.58e+01
ratio between SED and sv digits MAX: 0
SUM: NUC(MAX): 1.0	 SED(MAX): 3.78e+15	 SV(MIN): 8.58e+01

Mean Silhouette Coefficient of all clusters MSC(MAX): 0.45
(best value is 1 and the worst value is -1. Values near 0 indicate overlapping clusters)

Davies-Bouldin score DB(MIN): 5.8
(The minimum score is zero, with lower values indicating better clustering.)

overlapping range found in clusters!!


TRIAL: 8
***********


starting algorithm at: 10:01:04.595517
[1] "[R] success: found arguments for clusters and trim factor"
[1] "[R] clusters:"
[1] 9
[1] "[R] trim-factor:"
[1] 0.1
[1] "[R] script finished"
[6. 5. 9. 3. 1. 1. 1. 6. 6. 6. 6. 6. 2. 3. 2. 3. 9. 3. 3. 5. 5. 9. 3. 3.
 5. 5. 3. 3. 5. 3. 5. 3. 9. 3. 5. 9. 9. 9. 5. 5. 3. 3. 2. 6. 2. 5. 2. 1.
 3. 3. 5. 9. 6. 3. 2. 2. 5. 5. 5. 5. 9. 3. 5. 5. 9. 3. 5. 9. 9. 9. 5. 9.
 9. 9. 5. 5. 9. 5. 5. 5. 9. 5. 2. 2. 2. 5. 3. 3. 5. 9. 9. 9. 5. 5. 9. 9.
 9. 3. 5. 3. 2. 6. 6. 5. 3. 6. 2. 2. 3. 2. 2. 3. 9. 3. 3. 3. 3. 3. 3. 5.
 6. 7. 1. 6. 2. 3. 3. 2. 2. 3. 3. 9. 3. 3. 3. 9. 2. 3. 3. 5. 3. 3. 3. 3.
 5. 3. 3. 7. 7. 1. 7. 2. 0. 7. 1. 4. 0. 1. 6. 1. 7. 1. 1. 1. 1. 7. 7. 1.
 7. 6. 6. 6. 0. 7. 1. 0. 7. 7. 6. 7. 8. 8. 7. 0. 4. 8. 4. 1. 6. 4. 4. 4.
 6. 6. 4. 0. 4. 7. 6. 7. 8. 4. 7. 0. 4. 4. 4. 7. 7. 4. 0. 4. 8. 4. 7. 2.
 2. 6. 7. 4. 7. 1. 6. 2. 1. 6. 4. 0. 1. 7. 4. 7. 6. 4. 7. 4. 4. 7. 1. 0.
 8. 4. 4. 7. 1. 8. 9. 4. 4. 0. 0. 8. 0. 0. 8. 4. 0. 8. 8. 8. 4. 0. 8. 0.
 8. 9. 8. 8. 8. 8. 8. 4. 8. 8. 0. 7. 0. 8. 8. 7. 4. 0. 8. 9. 4. 4. 0. 0.
 7. 7. 8. 9. 9. 4. 0. 4. 0. 9. 8. 8. 9. 4. 4. 4. 1. 7. 4. 0. 7. 1. 1. 8.
 4. 9. 8. 8. 4. 6. 3. 6. 7. 4. 4. 7. 1. 7. 0. 6. 0. 0. 0. 1. 5. 7. 0. 4.
 7. 9. 5. 2. 2. 4. 4. 4. 7. 6. 7. 1. 3. 6. 7. 7. 1. 6. 2. 6. 0. 0. 4. 0.
 6. 6. 1. 3. 3. 3.]
finishing algorithm at: 10:01:28.952060

running time of algorithm: 0:00:24.356543


frquencies result
[(6,  8. ) (5, 14. ) (9, 13.7) (3, 13.3) (1,  7.6) (1,  6.2) (1,  6.1)
 (6,  8.3) (6,  8.8) (6,  8.4) (6,  9.1) (6,  8.5) (2, 10.1) (3, 12.1)
 (2, 10.1) (3, 12.4) (9, 13.8) (3, 11.7) (3, 12.4) (5, 15.6) (5, 15.3)
 (9, 16.4) (3, 12.8) (3, 12. ) (5, 15.4) (5, 15.6) (3, 13.3) (3, 12.9)
 (5, 15.1) (3, 13.6) (5, 15.1) (3, 11.6) (9, 16.6) (3, 13.3) (5, 14.5)
 (9, 16.3) (9, 17.2) (9, 16.5) (5, 15. ) (5, 14.9) (3, 11.8) (3, 11.7)
 (2,  9.6) (6,  8.9) (2, 10.1) (5, 15.5) (2, 10.8) (1,  7.5) (3, 12.8)
 (3, 12.6) (5, 14.8) (9, 19.9) (6,  9.2) (3, 12.4) (2, 11.3) (2,  9.8)
 (5, 14.3) (5, 15.1) (5, 14.4) (5, 15.4) (9, 13.8) (3, 13.6) (5, 14.3)
 (5, 15.9) (9, 16.7) (3, 12.1) (5, 14.3) (9, 16.5) (9, 16.5) (9, 17.5)
 (5, 14.7) (9, 17.5) (9, 20.9) (9, 17. ) (5, 16. ) (5, 15.4) (9, 17.9)
 (5, 15.2) (5, 15.1) (5, 15.3) (9, 17.2) (5, 15.9) (2, 10. ) (2,  9.9)
 (2, 10.3) (5, 15.4) (3, 12.7) (3, 13.2) (5, 15.3) (9, 17.9) (9, 18. )
 (9, 17.6) (5, 16. ) (5, 14.9) (9, 17.1) (9, 18.2) (9, 16.8) (3, 13.6)
 (5, 14.5) (3, 12.4) (2, 10.4) (6,  9.1) (6,  8.9) (5, 14.5) (3, 12.6)
 (6,  8.6) (2, 10.8) (2, 11.2) (3, 12.1) (2, 10.8) (2, 11.4) (3, 12. )
 (9, 16.3) (3, 12.7) (3, 12.7) (3, 12. ) (3, 11.5) (3, 13. ) (3, 11.7)
 (5, 14.8) (6,  7.7) (7,  4.4) (1,  7.4) (6,  8.3) (2, 10.1) (3, 12. )
 (3, 12.9) (2, 10.8) (2,  9.5) (3, 12.1) (3, 12.5) (9, 13.9) (3, 13.3)
 (3, 13.2) (3, 12.3) (9, 13.8) (2, 11.3) (3, 11.7) (3, 12.5) (5, 15.1)
 (3, 11.5) (3, 13. ) (3, 11.6) (3, 12.8) (5, 15.5) (3, 13.1) (3, 12.6)
 (7,  4.4) (7,  4.4) (1,  7.1) (7,  4.2) (2,  9.6) (0,  3.5) (7,  5.3)
 (1,  7. ) (4,  0.4) (0,  3.2) (1,  5.9) (6,  8.1) (1,  6.9) (7,  5.6)
 (1,  7.2) (1,  7.1) (1,  6.1) (1,  7.1) (7,  5.6) (7,  5.4) (1,  6.3)
 (7,  5.3) (6,  7.9) (6,  8.4) (6,  8.1) (0,  2.4) (7,  5.6) (1,  7.5)
 (0,  2.5) (7,  5. ) (7,  3.8) (6,  7.9) (7,  4.3) (8, -2.1) (8, -1.8)
 (7,  3.8) (0,  2.1) (4,  0.5) (8, -0.9) (4,  0.4) (1,  7.5) (6,  8.3)
 (4, -0.2) (4,  0.1) (4,  1.5) (6,  8.3) (6,  9.4) (4,  1.3) (0,  2.2)
 (4, -0.4) (7,  4.5) (6,  7.9) (7,  4.3) (8, -2.7) (4,  0.3) (7,  3.8)
 (0,  2.4) (4,  1.2) (4,  1.2) (4, -0.3) (7,  4.7) (7,  4.9) (4,  1.4)
 (0,  2.2) (4, -0.1) (8, -0.9) (4,  0.6) (7,  4.6) (2,  9.8) (2, 10.6)
 (6,  7.8) (7,  4.4) (4, -0.2) (7,  4.3) (1,  7.4) (6,  8.6) (2, 10.2)
 (1,  7.3) (6,  8.7) (4,  1. ) (0,  2.1) (1,  6.4) (7,  5.4) (4,  0.4)
 (7,  4. ) (6,  8.4) (4,  0.4) (7,  4.2) (4,  0.9) (4,  0.8) (7,  4.3)
 (1,  6.3) (0,  3.5) (8, -1.5) (4,  1.2) (4,  0.5) (7,  5.3) (1,  6.6)
 (8, -1.6) (9, -3.1) (4, -0.1) (4, -0.6) (0,  3. ) (0,  2.9) (8, -1.3)
 (0,  1.8) (0,  2.9) (8, -2.6) (4,  0.5) (0,  2.7) (8, -1.7) (8, -0.9)
 (8, -1.8) (4,  1.3) (0,  2.4) (8, -1.1) (0,  2.3) (8, -2.2) (9, -3.5)
 (8, -1. ) (8, -2.1) (8, -2. ) (8, -2.3) (8, -1.6) (4,  0.8) (8, -2.8)
 (8, -2.8) (0,  3. ) (7,  4.4) (0,  2.3) (8, -2. ) (8, -1.9) (7,  4.8)
 (4, -0.6) (0,  3.1) (8, -2.9) (9, -3.5) (4, -0.3) (4,  0.1) (0,  2.3)
 (0,  2.1) (7,  4.6) (7,  3.7) (8, -1.3) (9, -3.4) (9, -5.3) (4,  0. )
 (0,  2.4) (4, -0.6) (0,  2.3) (9, -3.7) (8, -0.9) (8, -1.5) (9, -3.3)
 (4, -0.1) (4, -0.2) (4,  0.5) (1,  6.1) (7,  4.1) (4,  0.1) (0,  3.2)
 (7,  5.4) (1,  5.8) (1,  6.3) (8, -0.9) (4,  0.2) (9, -3.7) (8, -2.7)
 (8, -2.5) (4, -0.5) (6,  9. ) (3, 13.1) (6,  8.7) (7,  3.9) (4,  0.7)
 (4,  1.1) (7,  5.1) (1,  7.5) (7,  4.7) (0,  3.2) (6,  7.8) (0,  2.4)
 (0,  3.2) (0,  2.5) (1,  6.5) (5, 14.4) (7,  4.9) (0,  2.3) (4,  1.4)
 (7,  5.6) (9, 16.8) (5, 14.4) (2, 10.3) (2, 11.2) (4,  0.3) (4,  0.5)
 (4,  0.5) (7,  4.6) (6,  8.2) (7,  4.5) (1,  6.7) (3, 11.9) (6,  9.2)
 (7,  4.4) (7,  5. ) (1,  6.7) (6,  8.3) (2, 11.3) (6,  9. ) (0,  3.4)
 (0,  3.2) (4,  0.9) (0,  3.3) (6,  7.9) (6,  9. ) (1,  7.1) (3, 12.5)
 (3, 12.5) (3, 12.3)]

36 determined outlier frequencies:
[13.7 13.8 16.4 16.6 16.3 17.2 16.5 19.9 13.8 16.7 16.5 16.5 17.5 17.5
 20.9 17.  17.9 17.2 17.9 18.  17.6 17.1 18.2 16.8 16.3 13.9 13.8 -3.1
 -3.5 -3.5 -3.4 -5.3 -3.7 -3.3 -3.7 16.8]
analyze method containing outliers


analyzing the results:
number of max cluster size: 10
number of actually used clusters: 10
min value of all elements: -5.3
max value of all elements: 20.9
mean of all elements: 7.2655737704918035
median of all elements: 7.45
standard deviation of all elements: 6.017562236643699
variance of all elements: 36.21105527188032
distribution of all clusters: [0 0 0 0 0 0 0 0 0 0 0 0 0 0 0 0 0 0 0 0 0 0 0 0 0 0 0 0 0 0 0 0 0 1 1 1 1
 1 1 1 1 1 1 1 1 1 1 1 1 1 1 1 1 1 1 1 1 1 1 1 1 1 2 2 2 2 2 2 2 2 2 2 2 2
 2 2 2 2 2 2 2 2 2 2 2 2 2 2 3 3 3 3 3 3 3 3 3 3 3 3 3 3 3 3 3 3 3 3 3 3 3
 3 3 3 3 3 3 3 3 3 3 3 3 3 3 3 3 3 3 3 3 3 3 3 3 3 3 3 3 3 4 4 4 4 4 4 4 4
 4 4 4 4 4 4 4 4 4 4 4 4 4 4 4 4 4 4 4 4 4 4 4 4 4 4 4 4 4 4 4 4 4 4 4 4 4
 4 5 5 5 5 5 5 5 5 5 5 5 5 5 5 5 5 5 5 5 5 5 5 5 5 5 5 5 5 5 5 5 5 5 5 5 5
 5 6 6 6 6 6 6 6 6 6 6 6 6 6 6 6 6 6 6 6 6 6 6 6 6 6 6 6 6 6 6 6 6 6 6 6 7
 7 7 7 7 7 7 7 7 7 7 7 7 7 7 7 7 7 7 7 7 7 7 7 7 7 7 7 7 7 7 7 7 7 7 7 7 7
 7 7 7 7 8 8 8 8 8 8 8 8 8 8 8 8 8 8 8 8 8 8 8 8 8 8 8 8 8 8 8 8 8 8 9 9 9
 9 9 9 9 9 9 9 9 9 9 9 9 9 9 9 9 9 9 9 9 9 9 9 9 9 9 9 9 9 9 9 9 9]

cluster #0: 	sum elements:33  	min value: 1.8 	max value: 3.5 	mean: 2.7 	std deviation: 0.484 	median: 2.5
cluster #0 homoscedasticity given with ratio = 1.265625000000001
cluster #1: 	sum elements:29  	min value: 5.8 	max value: 7.6 	mean: 6.8 	std deviation: 0.562 	median: 6.9
cluster #1 homoscedasticity NOT given with ratio = 1.5625000000000009
cluster #2: 	sum elements:26  	min value: 9.5 	max value: 11.4 	mean: 10.4 	std deviation: 0.6 	median: 10.3
cluster #2 homoscedasticity given with ratio = 1.234567901234567
cluster #3: 	sum elements:52  	min value: 11.5 	max value: 13.6 	mean: 12.5 	std deviation: 0.593 	median: 12.5
cluster #3 homoscedasticity given with ratio = 1.2099999999999993
cluster #4: 	sum elements:46  	min value: -0.6 	max value: 1.5 	mean: 0.4 	std deviation: 0.603 	median: 0.4
cluster #4 homoscedasticity given with ratio = 1.2100000000000002
cluster #5: 	sum elements:37  	min value: 14.0 	max value: 16.0 	mean: 15.1 	std deviation: 0.533 	median: 15.1
cluster #5 homoscedasticity given with ratio = 1.4938271604938251
cluster #6: 	sum elements:35  	min value: 7.7 	max value: 9.4 	mean: 8.5 	std deviation: 0.476 	median: 8.4
cluster #6 homoscedasticity given with ratio = 1.2656250000000016
cluster #7: 	sum elements:42  	min value: 3.7 	max value: 5.6 	mean: 4.7 	std deviation: 0.56 	median: 4.55
cluster #7 homoscedasticity given with ratio = 1.2345679012345694
cluster #8: 	sum elements:30  	min value: -2.9 	max value: -0.9 	mean: -1.8 	std deviation: 0.659 	median: -1.8
cluster #8 homoscedasticity given with ratio = 1.4938271604938267
cluster #9: 	sum elements:36  	min value: -5.3 	max value: 20.9 	mean: 12.2 	std deviation: 8.744 	median: 16.5
cluster #9 homoscedasticity NOT given with ratio = 4.0461091293433755
homoscedasticity given for 8 of 10 used clusters

number of elements: 366

built clusters:
cluster #9: -5.3 -- 20.9 (36)
cluster #8: -2.9 -- -0.9 (30)
cluster #4: -0.6 -- 1.5 (46)
cluster #0: 1.8 -- 3.5 (33)
cluster #7: 3.7 -- 5.6 (42)
cluster #1: 5.8 -- 7.6 (29)
cluster #6: 7.7 -- 9.4 (35)
cluster #2: 9.5 -- 11.4 (26)
cluster #3: 11.5 -- 13.6 (52)
cluster #5: 14.0 -- 16.0 (37)

score even distribution (SED) MAX: 3.50e+15
score even distribution (SED) MAX: 3496143703852800.0
SED number of digits: 16

number of used clusters (NUC) MAX: 1.0

sum variances (SV) MIN: 77.13416405442709
sum variances (SV) MIN: 7.71e+01
ratio between SED and sv digits MAX: 0
SUM: NUC(MAX): 1.0	 SED(MAX): 3.50e+15	 SV(MIN): 7.71e+01

Mean Silhouette Coefficient of all clusters MSC(MAX): 0.46
(best value is 1 and the worst value is -1. Values near 0 indicate overlapping clusters)

Davies-Bouldin score DB(MIN): 6.2
(The minimum score is zero, with lower values indicating better clustering.)

overlapping range found in clusters!!


TRIAL: 9
***********


starting algorithm at: 10:01:28.972619
[1] "[R] success: found arguments for clusters and trim factor"
[1] "[R] clusters:"
[1] 9
[1] "[R] trim-factor:"
[1] 0.1
[1] "[R] script finished"
[0. 5. 9. 8. 7. 7. 7. 0. 0. 0. 0. 0. 4. 8. 4. 8. 9. 8. 8. 5. 5. 9. 8. 8.
 5. 5. 8. 8. 5. 8. 5. 8. 9. 8. 5. 9. 9. 9. 5. 5. 8. 8. 4. 0. 4. 5. 4. 7.
 8. 8. 5. 9. 0. 8. 4. 4. 5. 5. 5. 5. 9. 8. 5. 5. 9. 8. 5. 9. 9. 9. 5. 9.
 9. 9. 5. 5. 9. 5. 5. 5. 9. 5. 4. 4. 4. 5. 8. 8. 5. 9. 9. 9. 5. 5. 9. 9.
 9. 8. 5. 8. 4. 0. 0. 5. 8. 0. 4. 4. 8. 4. 4. 8. 9. 8. 8. 8. 8. 8. 8. 5.
 0. 2. 7. 0. 4. 8. 8. 4. 4. 8. 8. 9. 8. 8. 8. 9. 4. 8. 8. 5. 8. 8. 8. 8.
 5. 8. 8. 2. 2. 7. 2. 4. 1. 2. 7. 3. 1. 7. 0. 7. 2. 7. 7. 7. 7. 2. 2. 7.
 2. 0. 0. 0. 1. 2. 7. 1. 2. 2. 0. 2. 6. 6. 2. 1. 3. 6. 3. 7. 0. 3. 3. 3.
 0. 0. 3. 1. 3. 2. 0. 2. 6. 3. 2. 1. 3. 3. 3. 2. 2. 3. 1. 3. 6. 3. 2. 4.
 4. 0. 2. 3. 2. 7. 0. 4. 7. 0. 3. 1. 7. 2. 3. 2. 0. 3. 2. 3. 3. 2. 7. 1.
 6. 3. 3. 2. 7. 6. 9. 3. 3. 1. 1. 6. 1. 1. 6. 3. 1. 6. 6. 6. 3. 1. 6. 1.
 6. 9. 6. 6. 6. 6. 6. 3. 6. 6. 1. 2. 1. 6. 6. 2. 3. 1. 6. 9. 3. 3. 1. 1.
 2. 2. 6. 9. 9. 3. 1. 3. 1. 9. 6. 6. 9. 3. 3. 3. 7. 2. 3. 1. 2. 7. 7. 6.
 3. 9. 6. 6. 3. 0. 8. 0. 2. 3. 3. 2. 7. 2. 1. 0. 1. 1. 1. 7. 5. 2. 1. 3.
 2. 9. 5. 4. 4. 3. 3. 3. 2. 0. 2. 7. 8. 0. 2. 2. 7. 0. 4. 0. 1. 1. 3. 1.
 0. 0. 7. 8. 8. 8.]
finishing algorithm at: 10:01:53.179463

running time of algorithm: 0:00:24.206844


frquencies result
[(0,  8. ) (5, 14. ) (9, 13.7) (8, 13.3) (7,  7.6) (7,  6.2) (7,  6.1)
 (0,  8.3) (0,  8.8) (0,  8.4) (0,  9.1) (0,  8.5) (4, 10.1) (8, 12.1)
 (4, 10.1) (8, 12.4) (9, 13.8) (8, 11.7) (8, 12.4) (5, 15.6) (5, 15.3)
 (9, 16.4) (8, 12.8) (8, 12. ) (5, 15.4) (5, 15.6) (8, 13.3) (8, 12.9)
 (5, 15.1) (8, 13.6) (5, 15.1) (8, 11.6) (9, 16.6) (8, 13.3) (5, 14.5)
 (9, 16.3) (9, 17.2) (9, 16.5) (5, 15. ) (5, 14.9) (8, 11.8) (8, 11.7)
 (4,  9.6) (0,  8.9) (4, 10.1) (5, 15.5) (4, 10.8) (7,  7.5) (8, 12.8)
 (8, 12.6) (5, 14.8) (9, 19.9) (0,  9.2) (8, 12.4) (4, 11.3) (4,  9.8)
 (5, 14.3) (5, 15.1) (5, 14.4) (5, 15.4) (9, 13.8) (8, 13.6) (5, 14.3)
 (5, 15.9) (9, 16.7) (8, 12.1) (5, 14.3) (9, 16.5) (9, 16.5) (9, 17.5)
 (5, 14.7) (9, 17.5) (9, 20.9) (9, 17. ) (5, 16. ) (5, 15.4) (9, 17.9)
 (5, 15.2) (5, 15.1) (5, 15.3) (9, 17.2) (5, 15.9) (4, 10. ) (4,  9.9)
 (4, 10.3) (5, 15.4) (8, 12.7) (8, 13.2) (5, 15.3) (9, 17.9) (9, 18. )
 (9, 17.6) (5, 16. ) (5, 14.9) (9, 17.1) (9, 18.2) (9, 16.8) (8, 13.6)
 (5, 14.5) (8, 12.4) (4, 10.4) (0,  9.1) (0,  8.9) (5, 14.5) (8, 12.6)
 (0,  8.6) (4, 10.8) (4, 11.2) (8, 12.1) (4, 10.8) (4, 11.4) (8, 12. )
 (9, 16.3) (8, 12.7) (8, 12.7) (8, 12. ) (8, 11.5) (8, 13. ) (8, 11.7)
 (5, 14.8) (0,  7.7) (2,  4.4) (7,  7.4) (0,  8.3) (4, 10.1) (8, 12. )
 (8, 12.9) (4, 10.8) (4,  9.5) (8, 12.1) (8, 12.5) (9, 13.9) (8, 13.3)
 (8, 13.2) (8, 12.3) (9, 13.8) (4, 11.3) (8, 11.7) (8, 12.5) (5, 15.1)
 (8, 11.5) (8, 13. ) (8, 11.6) (8, 12.8) (5, 15.5) (8, 13.1) (8, 12.6)
 (2,  4.4) (2,  4.4) (7,  7.1) (2,  4.2) (4,  9.6) (1,  3.5) (2,  5.3)
 (7,  7. ) (3,  0.4) (1,  3.2) (7,  5.9) (0,  8.1) (7,  6.9) (2,  5.6)
 (7,  7.2) (7,  7.1) (7,  6.1) (7,  7.1) (2,  5.6) (2,  5.4) (7,  6.3)
 (2,  5.3) (0,  7.9) (0,  8.4) (0,  8.1) (1,  2.4) (2,  5.6) (7,  7.5)
 (1,  2.5) (2,  5. ) (2,  3.8) (0,  7.9) (2,  4.3) (6, -2.1) (6, -1.8)
 (2,  3.8) (1,  2.1) (3,  0.5) (6, -0.9) (3,  0.4) (7,  7.5) (0,  8.3)
 (3, -0.2) (3,  0.1) (3,  1.5) (0,  8.3) (0,  9.4) (3,  1.3) (1,  2.2)
 (3, -0.4) (2,  4.5) (0,  7.9) (2,  4.3) (6, -2.7) (3,  0.3) (2,  3.8)
 (1,  2.4) (3,  1.2) (3,  1.2) (3, -0.3) (2,  4.7) (2,  4.9) (3,  1.4)
 (1,  2.2) (3, -0.1) (6, -0.9) (3,  0.6) (2,  4.6) (4,  9.8) (4, 10.6)
 (0,  7.8) (2,  4.4) (3, -0.2) (2,  4.3) (7,  7.4) (0,  8.6) (4, 10.2)
 (7,  7.3) (0,  8.7) (3,  1. ) (1,  2.1) (7,  6.4) (2,  5.4) (3,  0.4)
 (2,  4. ) (0,  8.4) (3,  0.4) (2,  4.2) (3,  0.9) (3,  0.8) (2,  4.3)
 (7,  6.3) (1,  3.5) (6, -1.5) (3,  1.2) (3,  0.5) (2,  5.3) (7,  6.6)
 (6, -1.6) (9, -3.1) (3, -0.1) (3, -0.6) (1,  3. ) (1,  2.9) (6, -1.3)
 (1,  1.8) (1,  2.9) (6, -2.6) (3,  0.5) (1,  2.7) (6, -1.7) (6, -0.9)
 (6, -1.8) (3,  1.3) (1,  2.4) (6, -1.1) (1,  2.3) (6, -2.2) (9, -3.5)
 (6, -1. ) (6, -2.1) (6, -2. ) (6, -2.3) (6, -1.6) (3,  0.8) (6, -2.8)
 (6, -2.8) (1,  3. ) (2,  4.4) (1,  2.3) (6, -2. ) (6, -1.9) (2,  4.8)
 (3, -0.6) (1,  3.1) (6, -2.9) (9, -3.5) (3, -0.3) (3,  0.1) (1,  2.3)
 (1,  2.1) (2,  4.6) (2,  3.7) (6, -1.3) (9, -3.4) (9, -5.3) (3,  0. )
 (1,  2.4) (3, -0.6) (1,  2.3) (9, -3.7) (6, -0.9) (6, -1.5) (9, -3.3)
 (3, -0.1) (3, -0.2) (3,  0.5) (7,  6.1) (2,  4.1) (3,  0.1) (1,  3.2)
 (2,  5.4) (7,  5.8) (7,  6.3) (6, -0.9) (3,  0.2) (9, -3.7) (6, -2.7)
 (6, -2.5) (3, -0.5) (0,  9. ) (8, 13.1) (0,  8.7) (2,  3.9) (3,  0.7)
 (3,  1.1) (2,  5.1) (7,  7.5) (2,  4.7) (1,  3.2) (0,  7.8) (1,  2.4)
 (1,  3.2) (1,  2.5) (7,  6.5) (5, 14.4) (2,  4.9) (1,  2.3) (3,  1.4)
 (2,  5.6) (9, 16.8) (5, 14.4) (4, 10.3) (4, 11.2) (3,  0.3) (3,  0.5)
 (3,  0.5) (2,  4.6) (0,  8.2) (2,  4.5) (7,  6.7) (8, 11.9) (0,  9.2)
 (2,  4.4) (2,  5. ) (7,  6.7) (0,  8.3) (4, 11.3) (0,  9. ) (1,  3.4)
 (1,  3.2) (3,  0.9) (1,  3.3) (0,  7.9) (0,  9. ) (7,  7.1) (8, 12.5)
 (8, 12.5) (8, 12.3)]

36 determined outlier frequencies:
[13.7 13.8 16.4 16.6 16.3 17.2 16.5 19.9 13.8 16.7 16.5 16.5 17.5 17.5
 20.9 17.  17.9 17.2 17.9 18.  17.6 17.1 18.2 16.8 16.3 13.9 13.8 -3.1
 -3.5 -3.5 -3.4 -5.3 -3.7 -3.3 -3.7 16.8]
analyze method containing outliers


analyzing the results:
number of max cluster size: 10
number of actually used clusters: 10
min value of all elements: -5.3
max value of all elements: 20.9
mean of all elements: 7.2655737704918035
median of all elements: 7.45
standard deviation of all elements: 6.017562236643699
variance of all elements: 36.21105527188032
distribution of all clusters: [0 0 0 0 0 0 0 0 0 0 0 0 0 0 0 0 0 0 0 0 0 0 0 0 0 0 0 0 0 0 0 0 0 0 0 1 1
 1 1 1 1 1 1 1 1 1 1 1 1 1 1 1 1 1 1 1 1 1 1 1 1 1 1 1 1 1 1 1 2 2 2 2 2 2
 2 2 2 2 2 2 2 2 2 2 2 2 2 2 2 2 2 2 2 2 2 2 2 2 2 2 2 2 2 2 2 2 2 2 2 2 3
 3 3 3 3 3 3 3 3 3 3 3 3 3 3 3 3 3 3 3 3 3 3 3 3 3 3 3 3 3 3 3 3 3 3 3 3 3
 3 3 3 3 3 3 3 3 4 4 4 4 4 4 4 4 4 4 4 4 4 4 4 4 4 4 4 4 4 4 4 4 4 4 5 5 5
 5 5 5 5 5 5 5 5 5 5 5 5 5 5 5 5 5 5 5 5 5 5 5 5 5 5 5 5 5 5 5 5 5 5 6 6 6
 6 6 6 6 6 6 6 6 6 6 6 6 6 6 6 6 6 6 6 6 6 6 6 6 6 6 6 7 7 7 7 7 7 7 7 7 7
 7 7 7 7 7 7 7 7 7 7 7 7 7 7 7 7 7 7 7 8 8 8 8 8 8 8 8 8 8 8 8 8 8 8 8 8 8
 8 8 8 8 8 8 8 8 8 8 8 8 8 8 8 8 8 8 8 8 8 8 8 8 8 8 8 8 8 8 8 8 8 8 9 9 9
 9 9 9 9 9 9 9 9 9 9 9 9 9 9 9 9 9 9 9 9 9 9 9 9 9 9 9 9 9 9 9 9 9]

cluster #0: 	sum elements:35  	min value: 7.7 	max value: 9.4 	mean: 8.5 	std deviation: 0.476 	median: 8.4
cluster #0 homoscedasticity given with ratio = 1.2656250000000016
cluster #1: 	sum elements:33  	min value: 1.8 	max value: 3.5 	mean: 2.7 	std deviation: 0.484 	median: 2.5
cluster #1 homoscedasticity given with ratio = 1.265625000000001
cluster #2: 	sum elements:42  	min value: 3.7 	max value: 5.6 	mean: 4.7 	std deviation: 0.56 	median: 4.55
cluster #2 homoscedasticity given with ratio = 1.2345679012345694
cluster #3: 	sum elements:46  	min value: -0.6 	max value: 1.5 	mean: 0.4 	std deviation: 0.603 	median: 0.4
cluster #3 homoscedasticity given with ratio = 1.2100000000000002
cluster #4: 	sum elements:26  	min value: 9.5 	max value: 11.4 	mean: 10.4 	std deviation: 0.6 	median: 10.3
cluster #4 homoscedasticity given with ratio = 1.234567901234567
cluster #5: 	sum elements:37  	min value: 14.0 	max value: 16.0 	mean: 15.1 	std deviation: 0.533 	median: 15.1
cluster #5 homoscedasticity given with ratio = 1.4938271604938251
cluster #6: 	sum elements:30  	min value: -2.9 	max value: -0.9 	mean: -1.8 	std deviation: 0.659 	median: -1.8
cluster #6 homoscedasticity given with ratio = 1.4938271604938267
cluster #7: 	sum elements:29  	min value: 5.8 	max value: 7.6 	mean: 6.8 	std deviation: 0.562 	median: 6.9
cluster #7 homoscedasticity NOT given with ratio = 1.5625000000000009
cluster #8: 	sum elements:52  	min value: 11.5 	max value: 13.6 	mean: 12.5 	std deviation: 0.593 	median: 12.5
cluster #8 homoscedasticity given with ratio = 1.2099999999999993
cluster #9: 	sum elements:36  	min value: -5.3 	max value: 20.9 	mean: 12.2 	std deviation: 8.744 	median: 16.5
cluster #9 homoscedasticity NOT given with ratio = 4.0461091293433755
homoscedasticity given for 8 of 10 used clusters

number of elements: 366

built clusters:
cluster #9: -5.3 -- 20.9 (36)
cluster #6: -2.9 -- -0.9 (30)
cluster #3: -0.6 -- 1.5 (46)
cluster #1: 1.8 -- 3.5 (33)
cluster #2: 3.7 -- 5.6 (42)
cluster #7: 5.8 -- 7.6 (29)
cluster #0: 7.7 -- 9.4 (35)
cluster #4: 9.5 -- 11.4 (26)
cluster #8: 11.5 -- 13.6 (52)
cluster #5: 14.0 -- 16.0 (37)

score even distribution (SED) MAX: 3.50e+15
score even distribution (SED) MAX: 3496143703852800.0
SED number of digits: 16

number of used clusters (NUC) MAX: 1.0

sum variances (SV) MIN: 77.13416405442707
sum variances (SV) MIN: 7.71e+01
ratio between SED and sv digits MAX: 0
SUM: NUC(MAX): 1.0	 SED(MAX): 3.50e+15	 SV(MIN): 7.71e+01

Mean Silhouette Coefficient of all clusters MSC(MAX): 0.46
(best value is 1 and the worst value is -1. Values near 0 indicate overlapping clusters)

Davies-Bouldin score DB(MIN): 6.2
(The minimum score is zero, with lower values indicating better clustering.)

overlapping range found in clusters!!


TRIAL: 10
***********


starting algorithm at: 10:01:53.203385
[1] "[R] success: found arguments for clusters and trim factor"
[1] "[R] clusters:"
[1] 9
[1] "[R] trim-factor:"
[1] 0.1
[1] "[R] script finished"
[8. 1. 9. 6. 7. 7. 7. 8. 8. 8. 8. 8. 5. 6. 5. 6. 9. 6. 6. 1. 1. 9. 6. 6.
 1. 1. 6. 6. 1. 6. 1. 6. 9. 6. 1. 9. 9. 9. 1. 1. 6. 6. 5. 8. 5. 1. 5. 7.
 6. 6. 1. 9. 8. 6. 5. 5. 1. 1. 1. 1. 9. 6. 1. 1. 9. 6. 1. 9. 9. 9. 1. 9.
 9. 9. 1. 1. 9. 1. 1. 1. 9. 1. 5. 5. 5. 1. 6. 6. 1. 9. 9. 9. 1. 1. 9. 9.
 9. 6. 1. 6. 5. 8. 8. 1. 6. 8. 5. 5. 6. 5. 5. 6. 9. 6. 6. 6. 5. 6. 6. 1.
 8. 0. 7. 8. 5. 6. 6. 5. 5. 6. 6. 9. 6. 6. 6. 9. 5. 6. 6. 1. 5. 6. 6. 6.
 1. 6. 6. 0. 0. 7. 0. 5. 4. 0. 7. 2. 4. 7. 8. 7. 0. 7. 7. 7. 7. 0. 0. 7.
 0. 8. 8. 8. 4. 0. 7. 4. 0. 0. 8. 0. 3. 3. 0. 4. 2. 3. 2. 7. 8. 2. 2. 2.
 8. 8. 2. 4. 2. 0. 8. 0. 3. 2. 0. 4. 2. 2. 2. 0. 0. 2. 4. 2. 3. 2. 0. 5.
 5. 8. 0. 2. 0. 7. 8. 5. 7. 8. 2. 4. 7. 0. 2. 0. 8. 2. 0. 2. 2. 0. 7. 4.
 3. 2. 2. 0. 7. 3. 9. 2. 2. 4. 4. 3. 4. 4. 3. 2. 4. 3. 3. 3. 2. 4. 3. 4.
 3. 9. 3. 3. 3. 3. 3. 2. 3. 3. 4. 0. 4. 3. 3. 0. 2. 4. 3. 9. 2. 2. 4. 4.
 0. 0. 3. 9. 9. 2. 4. 2. 4. 9. 3. 3. 9. 2. 2. 2. 7. 0. 2. 4. 0. 7. 7. 3.
 2. 9. 3. 3. 2. 8. 6. 8. 0. 2. 2. 0. 7. 0. 4. 8. 4. 4. 4. 7. 1. 0. 4. 2.
 0. 9. 1. 5. 5. 2. 2. 2. 0. 8. 0. 7. 6. 8. 0. 0. 7. 8. 5. 8. 4. 4. 2. 4.
 8. 8. 7. 6. 6. 6.]
finishing algorithm at: 10:02:18.581739

running time of algorithm: 0:00:25.378354


frquencies result
[(8,  8. ) (1, 14. ) (9, 13.7) (6, 13.3) (7,  7.6) (7,  6.2) (7,  6.1)
 (8,  8.3) (8,  8.8) (8,  8.4) (8,  9.1) (8,  8.5) (5, 10.1) (6, 12.1)
 (5, 10.1) (6, 12.4) (9, 13.8) (6, 11.7) (6, 12.4) (1, 15.6) (1, 15.3)
 (9, 16.4) (6, 12.8) (6, 12. ) (1, 15.4) (1, 15.6) (6, 13.3) (6, 12.9)
 (1, 15.1) (6, 13.6) (1, 15.1) (6, 11.6) (9, 16.6) (6, 13.3) (1, 14.5)
 (9, 16.3) (9, 17.2) (9, 16.5) (1, 15. ) (1, 14.9) (6, 11.8) (6, 11.7)
 (5,  9.6) (8,  8.9) (5, 10.1) (1, 15.5) (5, 10.8) (7,  7.5) (6, 12.8)
 (6, 12.6) (1, 14.8) (9, 19.9) (8,  9.2) (6, 12.4) (5, 11.3) (5,  9.8)
 (1, 14.3) (1, 15.1) (1, 14.4) (1, 15.4) (9, 13.8) (6, 13.6) (1, 14.3)
 (1, 15.9) (9, 16.7) (6, 12.1) (1, 14.3) (9, 16.5) (9, 16.5) (9, 17.5)
 (1, 14.7) (9, 17.5) (9, 20.9) (9, 17. ) (1, 16. ) (1, 15.4) (9, 17.9)
 (1, 15.2) (1, 15.1) (1, 15.3) (9, 17.2) (1, 15.9) (5, 10. ) (5,  9.9)
 (5, 10.3) (1, 15.4) (6, 12.7) (6, 13.2) (1, 15.3) (9, 17.9) (9, 18. )
 (9, 17.6) (1, 16. ) (1, 14.9) (9, 17.1) (9, 18.2) (9, 16.8) (6, 13.6)
 (1, 14.5) (6, 12.4) (5, 10.4) (8,  9.1) (8,  8.9) (1, 14.5) (6, 12.6)
 (8,  8.6) (5, 10.8) (5, 11.2) (6, 12.1) (5, 10.8) (5, 11.4) (6, 12. )
 (9, 16.3) (6, 12.7) (6, 12.7) (6, 12. ) (5, 11.5) (6, 13. ) (6, 11.7)
 (1, 14.8) (8,  7.7) (0,  4.4) (7,  7.4) (8,  8.3) (5, 10.1) (6, 12. )
 (6, 12.9) (5, 10.8) (5,  9.5) (6, 12.1) (6, 12.5) (9, 13.9) (6, 13.3)
 (6, 13.2) (6, 12.3) (9, 13.8) (5, 11.3) (6, 11.7) (6, 12.5) (1, 15.1)
 (5, 11.5) (6, 13. ) (6, 11.6) (6, 12.8) (1, 15.5) (6, 13.1) (6, 12.6)
 (0,  4.4) (0,  4.4) (7,  7.1) (0,  4.2) (5,  9.6) (4,  3.5) (0,  5.3)
 (7,  7. ) (2,  0.4) (4,  3.2) (7,  5.9) (8,  8.1) (7,  6.9) (0,  5.6)
 (7,  7.2) (7,  7.1) (7,  6.1) (7,  7.1) (0,  5.6) (0,  5.4) (7,  6.3)
 (0,  5.3) (8,  7.9) (8,  8.4) (8,  8.1) (4,  2.4) (0,  5.6) (7,  7.5)
 (4,  2.5) (0,  5. ) (0,  3.8) (8,  7.9) (0,  4.3) (3, -2.1) (3, -1.8)
 (0,  3.8) (4,  2.1) (2,  0.5) (3, -0.9) (2,  0.4) (7,  7.5) (8,  8.3)
 (2, -0.2) (2,  0.1) (2,  1.5) (8,  8.3) (8,  9.4) (2,  1.3) (4,  2.2)
 (2, -0.4) (0,  4.5) (8,  7.9) (0,  4.3) (3, -2.7) (2,  0.3) (0,  3.8)
 (4,  2.4) (2,  1.2) (2,  1.2) (2, -0.3) (0,  4.7) (0,  4.9) (2,  1.4)
 (4,  2.2) (2, -0.1) (3, -0.9) (2,  0.6) (0,  4.6) (5,  9.8) (5, 10.6)
 (8,  7.8) (0,  4.4) (2, -0.2) (0,  4.3) (7,  7.4) (8,  8.6) (5, 10.2)
 (7,  7.3) (8,  8.7) (2,  1. ) (4,  2.1) (7,  6.4) (0,  5.4) (2,  0.4)
 (0,  4. ) (8,  8.4) (2,  0.4) (0,  4.2) (2,  0.9) (2,  0.8) (0,  4.3)
 (7,  6.3) (4,  3.5) (3, -1.5) (2,  1.2) (2,  0.5) (0,  5.3) (7,  6.6)
 (3, -1.6) (9, -3.1) (2, -0.1) (2, -0.6) (4,  3. ) (4,  2.9) (3, -1.3)
 (4,  1.8) (4,  2.9) (3, -2.6) (2,  0.5) (4,  2.7) (3, -1.7) (3, -0.9)
 (3, -1.8) (2,  1.3) (4,  2.4) (3, -1.1) (4,  2.3) (3, -2.2) (9, -3.5)
 (3, -1. ) (3, -2.1) (3, -2. ) (3, -2.3) (3, -1.6) (2,  0.8) (3, -2.8)
 (3, -2.8) (4,  3. ) (0,  4.4) (4,  2.3) (3, -2. ) (3, -1.9) (0,  4.8)
 (2, -0.6) (4,  3.1) (3, -2.9) (9, -3.5) (2, -0.3) (2,  0.1) (4,  2.3)
 (4,  2.1) (0,  4.6) (0,  3.7) (3, -1.3) (9, -3.4) (9, -5.3) (2,  0. )
 (4,  2.4) (2, -0.6) (4,  2.3) (9, -3.7) (3, -0.9) (3, -1.5) (9, -3.3)
 (2, -0.1) (2, -0.2) (2,  0.5) (7,  6.1) (0,  4.1) (2,  0.1) (4,  3.2)
 (0,  5.4) (7,  5.8) (7,  6.3) (3, -0.9) (2,  0.2) (9, -3.7) (3, -2.7)
 (3, -2.5) (2, -0.5) (8,  9. ) (6, 13.1) (8,  8.7) (0,  3.9) (2,  0.7)
 (2,  1.1) (0,  5.1) (7,  7.5) (0,  4.7) (4,  3.2) (8,  7.8) (4,  2.4)
 (4,  3.2) (4,  2.5) (7,  6.5) (1, 14.4) (0,  4.9) (4,  2.3) (2,  1.4)
 (0,  5.6) (9, 16.8) (1, 14.4) (5, 10.3) (5, 11.2) (2,  0.3) (2,  0.5)
 (2,  0.5) (0,  4.6) (8,  8.2) (0,  4.5) (7,  6.7) (6, 11.9) (8,  9.2)
 (0,  4.4) (0,  5. ) (7,  6.7) (8,  8.3) (5, 11.3) (8,  9. ) (4,  3.4)
 (4,  3.2) (2,  0.9) (4,  3.3) (8,  7.9) (8,  9. ) (7,  7.1) (6, 12.5)
 (6, 12.5) (6, 12.3)]

36 determined outlier frequencies:
[13.7 13.8 16.4 16.6 16.3 17.2 16.5 19.9 13.8 16.7 16.5 16.5 17.5 17.5
 20.9 17.  17.9 17.2 17.9 18.  17.6 17.1 18.2 16.8 16.3 13.9 13.8 -3.1
 -3.5 -3.5 -3.4 -5.3 -3.7 -3.3 -3.7 16.8]
analyze method containing outliers


analyzing the results:
number of max cluster size: 10
number of actually used clusters: 10
min value of all elements: -5.3
max value of all elements: 20.9
mean of all elements: 7.2655737704918035
median of all elements: 7.45
standard deviation of all elements: 6.017562236643699
variance of all elements: 36.21105527188032
distribution of all clusters: [0 0 0 0 0 0 0 0 0 0 0 0 0 0 0 0 0 0 0 0 0 0 0 0 0 0 0 0 0 0 0 0 0 0 0 0 0
 0 0 0 0 0 1 1 1 1 1 1 1 1 1 1 1 1 1 1 1 1 1 1 1 1 1 1 1 1 1 1 1 1 1 1 1 1
 1 1 1 1 1 2 2 2 2 2 2 2 2 2 2 2 2 2 2 2 2 2 2 2 2 2 2 2 2 2 2 2 2 2 2 2 2
 2 2 2 2 2 2 2 2 2 2 2 2 2 2 3 3 3 3 3 3 3 3 3 3 3 3 3 3 3 3 3 3 3 3 3 3 3
 3 3 3 3 3 3 3 4 4 4 4 4 4 4 4 4 4 4 4 4 4 4 4 4 4 4 4 4 4 4 4 4 4 4 4 4 4
 4 4 4 5 5 5 5 5 5 5 5 5 5 5 5 5 5 5 5 5 5 5 5 5 5 5 5 5 5 5 5 6 6 6 6 6 6
 6 6 6 6 6 6 6 6 6 6 6 6 6 6 6 6 6 6 6 6 6 6 6 6 6 6 6 6 6 6 6 6 6 6 6 6 6
 6 6 6 6 6 6 6 7 7 7 7 7 7 7 7 7 7 7 7 7 7 7 7 7 7 7 7 7 7 7 7 7 7 7 7 7 8
 8 8 8 8 8 8 8 8 8 8 8 8 8 8 8 8 8 8 8 8 8 8 8 8 8 8 8 8 8 8 8 8 8 8 9 9 9
 9 9 9 9 9 9 9 9 9 9 9 9 9 9 9 9 9 9 9 9 9 9 9 9 9 9 9 9 9 9 9 9 9]

cluster #0: 	sum elements:42  	min value: 3.7 	max value: 5.6 	mean: 4.7 	std deviation: 0.56 	median: 4.55
cluster #0 homoscedasticity given with ratio = 1.2345679012345694
cluster #1: 	sum elements:37  	min value: 14.0 	max value: 16.0 	mean: 15.1 	std deviation: 0.533 	median: 15.1
cluster #1 homoscedasticity given with ratio = 1.4938271604938251
cluster #2: 	sum elements:46  	min value: -0.6 	max value: 1.5 	mean: 0.4 	std deviation: 0.603 	median: 0.4
cluster #2 homoscedasticity given with ratio = 1.2100000000000002
cluster #3: 	sum elements:30  	min value: -2.9 	max value: -0.9 	mean: -1.8 	std deviation: 0.659 	median: -1.8
cluster #3 homoscedasticity given with ratio = 1.4938271604938267
cluster #4: 	sum elements:33  	min value: 1.8 	max value: 3.5 	mean: 2.7 	std deviation: 0.484 	median: 2.5
cluster #4 homoscedasticity given with ratio = 1.265625000000001
cluster #5: 	sum elements:28  	min value: 9.5 	max value: 11.5 	mean: 10.5 	std deviation: 0.641 	median: 10.350000000000001
cluster #5 homoscedasticity given with ratio = 0
cluster #6: 	sum elements:50  	min value: 11.6 	max value: 13.6 	mean: 12.5 	std deviation: 0.569 	median: 12.5
cluster #6 homoscedasticity given with ratio = 1.4938271604938251
cluster #7: 	sum elements:29  	min value: 5.8 	max value: 7.6 	mean: 6.8 	std deviation: 0.562 	median: 6.9
cluster #7 homoscedasticity NOT given with ratio = 1.5625000000000009
cluster #8: 	sum elements:35  	min value: 7.7 	max value: 9.4 	mean: 8.5 	std deviation: 0.476 	median: 8.4
cluster #8 homoscedasticity given with ratio = 1.2656250000000016
cluster #9: 	sum elements:36  	min value: -5.3 	max value: 20.9 	mean: 12.2 	std deviation: 8.744 	median: 16.5
cluster #9 homoscedasticity NOT given with ratio = 4.0461091293433755
homoscedasticity given for 8 of 10 used clusters

number of elements: 366

built clusters:
cluster #9: -5.3 -- 20.9 (36)
cluster #3: -2.9 -- -0.9 (30)
cluster #2: -0.6 -- 1.5 (46)
cluster #4: 1.8 -- 3.5 (33)
cluster #0: 3.7 -- 5.6 (42)
cluster #7: 5.8 -- 7.6 (29)
cluster #8: 7.7 -- 9.4 (35)
cluster #5: 9.5 -- 11.5 (28)
cluster #6: 11.6 -- 13.6 (50)
cluster #1: 14.0 -- 16.0 (37)

score even distribution (SED) MAX: 3.62e+15
score even distribution (SED) MAX: 3620267148960000.0
SED number of digits: 16

number of used clusters (NUC) MAX: 1.0

sum variances (SV) MIN: 77.15691012072342
sum variances (SV) MIN: 7.72e+01
ratio between SED and sv digits MAX: 0
SUM: NUC(MAX): 1.0	 SED(MAX): 3.62e+15	 SV(MIN): 7.72e+01

Mean Silhouette Coefficient of all clusters MSC(MAX): 0.46
(best value is 1 and the worst value is -1. Values near 0 indicate overlapping clusters)

Davies-Bouldin score DB(MIN): 5.6
(The minimum score is zero, with lower values indicating better clustering.)

overlapping range found in clusters!!

finished all 10 trials


Variances (Population):
 NUC: 0.0
 SED: 1.29e+28
 SV: 6.08e+01
 MSC: 5.21e-05



TEST NUCs: [1. 1. 1. 1. 1. 1. 1. 1. 1. 1.]

Process finished with exit code 0
