

TRIAL: 1
***********


starting algorithm at: 10:03:09.071471
[1] "[R] success: found arguments for clusters and trim factor"
[1] "[R] clusters:"
[1] 10
[1] "[R] trim-factor:"
[1] 0.1
[1] "[R] script finished"
[ 2.  4.  4.  4.  2.  0.  0.  2.  7.  2.  7.  2.  7.  9.  7.  4.  4.  9.
  4.  6.  6. 10.  4.  9.  6.  6.  4.  4.  6.  4.  6.  9. 10.  4.  6. 10.
 10. 10.  6.  6.  9.  9.  7.  7.  7.  6.  9.  2.  4.  4.  6. 10.  7.  4.
  9.  7.  6.  6.  6.  6.  4.  4.  6.  6. 10.  9.  6. 10. 10. 10.  6. 10.
 10. 10.  6.  6. 10.  6.  6.  6. 10.  6.  7.  7.  7.  6.  4.  4.  6. 10.
 10. 10.  6.  6. 10. 10. 10.  4.  6.  4.  7.  7.  7.  6.  4.  2.  9.  9.
  9.  9.  9.  9. 10.  4.  4.  9.  9.  4.  9.  6.  2.  5.  2.  2.  7.  9.
  4.  9.  7.  9.  4.  4.  4.  4.  4.  4.  9.  9.  4.  6.  9.  4.  9.  4.
  6.  4.  4.  5.  5.  2.  5.  7.  3.  0.  2.  8.  3.  0.  2.  2.  0.  2.
  2.  0.  2.  0.  0.  0.  0.  2.  2.  2.  3.  0.  2.  3.  5.  5.  2.  5.
  1.  1.  5.  3.  8.  1.  8.  2.  2.  8.  8.  8.  2.  7.  8.  3.  8.  5.
  2.  5. 10.  8.  5.  3.  8.  8.  8.  5.  5.  8.  3.  8.  1.  8.  5.  7.
  9.  2.  5.  8.  5.  2.  2.  7.  2.  7.  8.  3.  0.  0.  8.  5.  2.  8.
  5.  8.  8.  5.  0.  3.  1.  8.  8.  0.  0.  1. 10.  8.  1.  3.  3.  1.
  3.  3.  1.  8.  3.  1.  1.  1.  8.  3.  1.  3.  1. 10.  1.  1.  1.  1.
  1.  8. 10. 10.  3.  5.  3.  1.  1.  5.  1.  3. 10. 10.  8.  8.  3.  3.
  5.  5.  1. 10. 10.  8.  3.  1.  3. 10.  1.  1. 10.  8.  8.  8.  0.  5.
  8.  3.  0.  0.  0.  1.  8. 10. 10.  1.  1.  7.  4.  7.  5.  8.  8.  5.
  2.  5.  3.  2.  3.  3.  3.  0.  6.  5.  3.  8.  0. 10.  6.  7.  9.  8.
  8.  8.  5.  2.  5.  0.  9.  7.  5.  5.  0.  2.  9.  7.  3.  3.  8.  3.
  2.  7.  2.  4.  4.  4.]
finishing algorithm at: 10:03:34.531275

running time of algorithm: 0:00:25.459804


frquencies result
[( 2,  8. ) ( 4, 14. ) ( 4, 13.7) ( 4, 13.3) ( 2,  7.6) ( 0,  6.2)
 ( 0,  6.1) ( 2,  8.3) ( 7,  8.8) ( 2,  8.4) ( 7,  9.1) ( 2,  8.5)
 ( 7, 10.1) ( 9, 12.1) ( 7, 10.1) ( 4, 12.4) ( 4, 13.8) ( 9, 11.7)
 ( 4, 12.4) ( 6, 15.6) ( 6, 15.3) (10, 16.4) ( 4, 12.8) ( 9, 12. )
 ( 6, 15.4) ( 6, 15.6) ( 4, 13.3) ( 4, 12.9) ( 6, 15.1) ( 4, 13.6)
 ( 6, 15.1) ( 9, 11.6) (10, 16.6) ( 4, 13.3) ( 6, 14.5) (10, 16.3)
 (10, 17.2) (10, 16.5) ( 6, 15. ) ( 6, 14.9) ( 9, 11.8) ( 9, 11.7)
 ( 7,  9.6) ( 7,  8.9) ( 7, 10.1) ( 6, 15.5) ( 9, 10.8) ( 2,  7.5)
 ( 4, 12.8) ( 4, 12.6) ( 6, 14.8) (10, 19.9) ( 7,  9.2) ( 4, 12.4)
 ( 9, 11.3) ( 7,  9.8) ( 6, 14.3) ( 6, 15.1) ( 6, 14.4) ( 6, 15.4)
 ( 4, 13.8) ( 4, 13.6) ( 6, 14.3) ( 6, 15.9) (10, 16.7) ( 9, 12.1)
 ( 6, 14.3) (10, 16.5) (10, 16.5) (10, 17.5) ( 6, 14.7) (10, 17.5)
 (10, 20.9) (10, 17. ) ( 6, 16. ) ( 6, 15.4) (10, 17.9) ( 6, 15.2)
 ( 6, 15.1) ( 6, 15.3) (10, 17.2) ( 6, 15.9) ( 7, 10. ) ( 7,  9.9)
 ( 7, 10.3) ( 6, 15.4) ( 4, 12.7) ( 4, 13.2) ( 6, 15.3) (10, 17.9)
 (10, 18. ) (10, 17.6) ( 6, 16. ) ( 6, 14.9) (10, 17.1) (10, 18.2)
 (10, 16.8) ( 4, 13.6) ( 6, 14.5) ( 4, 12.4) ( 7, 10.4) ( 7,  9.1)
 ( 7,  8.9) ( 6, 14.5) ( 4, 12.6) ( 2,  8.6) ( 9, 10.8) ( 9, 11.2)
 ( 9, 12.1) ( 9, 10.8) ( 9, 11.4) ( 9, 12. ) (10, 16.3) ( 4, 12.7)
 ( 4, 12.7) ( 9, 12. ) ( 9, 11.5) ( 4, 13. ) ( 9, 11.7) ( 6, 14.8)
 ( 2,  7.7) ( 5,  4.4) ( 2,  7.4) ( 2,  8.3) ( 7, 10.1) ( 9, 12. )
 ( 4, 12.9) ( 9, 10.8) ( 7,  9.5) ( 9, 12.1) ( 4, 12.5) ( 4, 13.9)
 ( 4, 13.3) ( 4, 13.2) ( 4, 12.3) ( 4, 13.8) ( 9, 11.3) ( 9, 11.7)
 ( 4, 12.5) ( 6, 15.1) ( 9, 11.5) ( 4, 13. ) ( 9, 11.6) ( 4, 12.8)
 ( 6, 15.5) ( 4, 13.1) ( 4, 12.6) ( 5,  4.4) ( 5,  4.4) ( 2,  7.1)
 ( 5,  4.2) ( 7,  9.6) ( 3,  3.5) ( 0,  5.3) ( 2,  7. ) ( 8,  0.4)
 ( 3,  3.2) ( 0,  5.9) ( 2,  8.1) ( 2,  6.9) ( 0,  5.6) ( 2,  7.2)
 ( 2,  7.1) ( 0,  6.1) ( 2,  7.1) ( 0,  5.6) ( 0,  5.4) ( 0,  6.3)
 ( 0,  5.3) ( 2,  7.9) ( 2,  8.4) ( 2,  8.1) ( 3,  2.4) ( 0,  5.6)
 ( 2,  7.5) ( 3,  2.5) ( 5,  5. ) ( 5,  3.8) ( 2,  7.9) ( 5,  4.3)
 ( 1, -2.1) ( 1, -1.8) ( 5,  3.8) ( 3,  2.1) ( 8,  0.5) ( 1, -0.9)
 ( 8,  0.4) ( 2,  7.5) ( 2,  8.3) ( 8, -0.2) ( 8,  0.1) ( 8,  1.5)
 ( 2,  8.3) ( 7,  9.4) ( 8,  1.3) ( 3,  2.2) ( 8, -0.4) ( 5,  4.5)
 ( 2,  7.9) ( 5,  4.3) (10, -2.7) ( 8,  0.3) ( 5,  3.8) ( 3,  2.4)
 ( 8,  1.2) ( 8,  1.2) ( 8, -0.3) ( 5,  4.7) ( 5,  4.9) ( 8,  1.4)
 ( 3,  2.2) ( 8, -0.1) ( 1, -0.9) ( 8,  0.6) ( 5,  4.6) ( 7,  9.8)
 ( 9, 10.6) ( 2,  7.8) ( 5,  4.4) ( 8, -0.2) ( 5,  4.3) ( 2,  7.4)
 ( 2,  8.6) ( 7, 10.2) ( 2,  7.3) ( 7,  8.7) ( 8,  1. ) ( 3,  2.1)
 ( 0,  6.4) ( 0,  5.4) ( 8,  0.4) ( 5,  4. ) ( 2,  8.4) ( 8,  0.4)
 ( 5,  4.2) ( 8,  0.9) ( 8,  0.8) ( 5,  4.3) ( 0,  6.3) ( 3,  3.5)
 ( 1, -1.5) ( 8,  1.2) ( 8,  0.5) ( 0,  5.3) ( 0,  6.6) ( 1, -1.6)
 (10, -3.1) ( 8, -0.1) ( 1, -0.6) ( 3,  3. ) ( 3,  2.9) ( 1, -1.3)
 ( 3,  1.8) ( 3,  2.9) ( 1, -2.6) ( 8,  0.5) ( 3,  2.7) ( 1, -1.7)
 ( 1, -0.9) ( 1, -1.8) ( 8,  1.3) ( 3,  2.4) ( 1, -1.1) ( 3,  2.3)
 ( 1, -2.2) (10, -3.5) ( 1, -1. ) ( 1, -2.1) ( 1, -2. ) ( 1, -2.3)
 ( 1, -1.6) ( 8,  0.8) (10, -2.8) (10, -2.8) ( 3,  3. ) ( 5,  4.4)
 ( 3,  2.3) ( 1, -2. ) ( 1, -1.9) ( 5,  4.8) ( 1, -0.6) ( 3,  3.1)
 (10, -2.9) (10, -3.5) ( 8, -0.3) ( 8,  0.1) ( 3,  2.3) ( 3,  2.1)
 ( 5,  4.6) ( 5,  3.7) ( 1, -1.3) (10, -3.4) (10, -5.3) ( 8,  0. )
 ( 3,  2.4) ( 1, -0.6) ( 3,  2.3) (10, -3.7) ( 1, -0.9) ( 1, -1.5)
 (10, -3.3) ( 8, -0.1) ( 8, -0.2) ( 8,  0.5) ( 0,  6.1) ( 5,  4.1)
 ( 8,  0.1) ( 3,  3.2) ( 0,  5.4) ( 0,  5.8) ( 0,  6.3) ( 1, -0.9)
 ( 8,  0.2) (10, -3.7) (10, -2.7) ( 1, -2.5) ( 1, -0.5) ( 7,  9. )
 ( 4, 13.1) ( 7,  8.7) ( 5,  3.9) ( 8,  0.7) ( 8,  1.1) ( 5,  5.1)
 ( 2,  7.5) ( 5,  4.7) ( 3,  3.2) ( 2,  7.8) ( 3,  2.4) ( 3,  3.2)
 ( 3,  2.5) ( 0,  6.5) ( 6, 14.4) ( 5,  4.9) ( 3,  2.3) ( 8,  1.4)
 ( 0,  5.6) (10, 16.8) ( 6, 14.4) ( 7, 10.3) ( 9, 11.2) ( 8,  0.3)
 ( 8,  0.5) ( 8,  0.5) ( 5,  4.6) ( 2,  8.2) ( 5,  4.5) ( 0,  6.7)
 ( 9, 11.9) ( 7,  9.2) ( 5,  4.4) ( 5,  5. ) ( 0,  6.7) ( 2,  8.3)
 ( 9, 11.3) ( 7,  9. ) ( 3,  3.4) ( 3,  3.2) ( 8,  0.9) ( 3,  3.3)
 ( 2,  7.9) ( 7,  9. ) ( 2,  7.1) ( 4, 12.5) ( 4, 12.5) ( 4, 12.3)]

36 determined outlier frequencies:
[16.4 16.6 16.3 17.2 16.5 19.9 16.7 16.5 16.5 17.5 17.5 20.9 17.  17.9
 17.2 17.9 18.  17.6 17.1 18.2 16.8 16.3 -2.7 -3.1 -3.5 -2.8 -2.8 -2.9
 -3.5 -3.4 -5.3 -3.7 -3.3 -3.7 -2.7 16.8]
analyze method without outliers


analyzing the results:
number of max cluster size: 10
number of actually used clusters: 10
min value of all elements: -2.6
max value of all elements: 16.0
mean of all elements: 6.9796969696969695
median of all elements: 7.1
standard deviation of all elements: 5.333306998901927
variance of all elements: 28.444163544536273
distribution of all clusters: [0 0 0 0 0 0 0 0 0 0 0 0 0 0 0 0 0 0 0 0 0 0 0 0 1 1 1 1 1 1 1 1 1 1 1 1 1
 1 1 1 1 1 1 1 1 1 1 1 1 1 1 1 1 2 2 2 2 2 2 2 2 2 2 2 2 2 2 2 2 2 2 2 2 2
 2 2 2 2 2 2 2 2 2 2 2 2 2 2 2 2 3 3 3 3 3 3 3 3 3 3 3 3 3 3 3 3 3 3 3 3 3
 3 3 3 3 3 3 3 3 3 3 3 3 4 4 4 4 4 4 4 4 4 4 4 4 4 4 4 4 4 4 4 4 4 4 4 4 4
 4 4 4 4 4 4 4 4 4 4 4 4 4 4 4 5 5 5 5 5 5 5 5 5 5 5 5 5 5 5 5 5 5 5 5 5 5
 5 5 5 5 5 5 5 5 5 5 6 6 6 6 6 6 6 6 6 6 6 6 6 6 6 6 6 6 6 6 6 6 6 6 6 6 6
 6 6 6 6 6 6 6 6 6 7 7 7 7 7 7 7 7 7 7 7 7 7 7 7 7 7 7 7 7 7 7 7 7 7 7 7 7
 8 8 8 8 8 8 8 8 8 8 8 8 8 8 8 8 8 8 8 8 8 8 8 8 8 8 8 8 8 8 8 8 8 8 8 8 8
 8 8 8 8 8 9 9 9 9 9 9 9 9 9 9 9 9 9 9 9 9 9 9 9 9 9 9 9 9 9 9 9 9 9]

cluster #0: 	sum elements:24  	min value: 5.3 	max value: 6.7 	mean: 5.9 	std deviation: 0.477 	median: 6.0
cluster #0 homoscedasticity NOT given with ratio = 1.7777777777777737
cluster #1: 	sum elements:29  	min value: -2.6 	max value: -0.5 	mean: -1.5 	std deviation: 0.617 	median: -1.5
cluster #1 homoscedasticity given with ratio = 1.2100000000000002
cluster #2: 	sum elements:37  	min value: 6.9 	max value: 8.6 	mean: 7.8 	std deviation: 0.507 	median: 7.9
cluster #2 homoscedasticity given with ratio = 1.2656249999999991
cluster #3: 	sum elements:33  	min value: 1.8 	max value: 3.5 	mean: 2.7 	std deviation: 0.484 	median: 2.5
cluster #3 homoscedasticity given with ratio = 1.265625000000001
cluster #4: 	sum elements:40  	min value: 12.3 	max value: 14.0 	mean: 13.0 	std deviation: 0.508 	median: 12.9
cluster #4 homoscedasticity NOT given with ratio = 2.0408163265306163
cluster #5: 	sum elements:32  	min value: 3.7 	max value: 5.1 	mean: 4.4 	std deviation: 0.376 	median: 4.4
cluster #5 homoscedasticity given with ratio = 1.0000000000000027
cluster #6: 	sum elements:36  	min value: 14.3 	max value: 16.0 	mean: 15.1 	std deviation: 0.51 	median: 15.1
cluster #6 homoscedasticity given with ratio = 1.2656250000000042
cluster #7: 	sum elements:28  	min value: 8.7 	max value: 10.4 	mean: 9.5 	std deviation: 0.556 	median: 9.55
cluster #7 homoscedasticity given with ratio = 1.2656249999999987
cluster #8: 	sum elements:42  	min value: -0.4 	max value: 1.5 	mean: 0.5 	std deviation: 0.543 	median: 0.5
cluster #8 homoscedasticity given with ratio = 1.2345679012345678
cluster #9: 	sum elements:29  	min value: 10.6 	max value: 12.1 	mean: 11.5 	std deviation: 0.459 	median: 11.6
cluster #9 homoscedasticity NOT given with ratio = 2.250000000000004
homoscedasticity given for 7 of 10 used clusters

number of elements: 330

built clusters:
cluster #1: -2.6 -- -0.5 (29)
cluster #8: -0.4 -- 1.5 (42)
cluster #3: 1.8 -- 3.5 (33)
cluster #5: 3.7 -- 5.1 (32)
cluster #0: 5.3 -- 6.7 (24)
cluster #2: 6.9 -- 8.6 (37)
cluster #7: 8.7 -- 10.4 (28)
cluster #9: 10.6 -- 12.1 (29)
cluster #4: 12.3 -- 14.0 (40)
cluster #6: 14.3 -- 16.0 (36)

score even distribution (SED) MAX: 1.34e+15
score even distribution (SED) MAX: 1335496313733120.0
SED number of digits: 16

number of used clusters (NUC) MAX: 1.0

sum variances (SV) MIN: 2.495245697666614
sum variances (SV) MIN: 2.50e+00
ratio between SED and sv digits MAX: 0
SUM: NUC(MAX): 1.0	 SED(MAX): 1.34e+15	 SV(MIN): 2.50e+00

Mean Silhouette Coefficient of all clusters MSC(MAX): 0.57
(best value is 1 and the worst value is -1. Values near 0 indicate overlapping clusters)

Davies-Bouldin score DB(MIN): 0.49
(The minimum score is zero, with lower values indicating better clustering.)


TRIAL: 2
***********


starting algorithm at: 10:03:34.561815
[1] "[R] success: found arguments for clusters and trim factor"
[1] "[R] clusters:"
[1] 10
[1] "[R] trim-factor:"
[1] 0.1
[1] "[R] script finished"
[ 3.  6.  6.  6.  3.  2.  2.  3.  7.  3.  7.  3.  7.  8.  7.  6.  6.  8.
  6.  5.  5. 10.  6.  8.  5.  5.  6.  6.  5.  6.  5.  8. 10.  6.  5. 10.
 10. 10.  5.  5.  8.  8.  7.  7.  7.  5.  8.  3.  6.  6.  5. 10.  7.  6.
  8.  7.  5.  5.  5.  5.  6.  6.  5.  5. 10.  8.  5. 10. 10. 10.  5. 10.
 10. 10.  5.  5. 10.  5.  5.  5. 10.  5.  7.  7.  7.  5.  6.  6.  5. 10.
 10. 10.  5.  5. 10. 10. 10.  6.  5.  6.  7.  7.  7.  5.  6.  3.  8.  8.
  8.  8.  8.  8. 10.  6.  6.  8.  8.  6.  8.  5.  3.  9.  3.  3.  7.  8.
  6.  8.  7.  8.  6.  6.  6.  6.  6.  6.  8.  8.  6.  5.  8.  6.  8.  6.
  5.  6.  6.  9.  9.  3.  9.  7.  1.  2.  3.  4.  1.  2.  3.  3.  2.  3.
  3.  2.  3.  2.  2.  2.  2.  3.  3.  3.  1.  2.  3.  1.  9.  9.  3.  9.
  0.  0.  9.  1.  4.  0.  4.  3.  3.  4.  4.  4.  3.  7.  4.  1.  4.  9.
  3.  9. 10.  4.  9.  1.  4.  4.  4.  9.  9.  4.  1.  4.  0.  4.  9.  7.
  8.  3.  9.  4.  9.  3.  3.  7.  3.  7.  4.  1.  2.  2.  4.  9.  3.  4.
  9.  4.  4.  9.  2.  1.  0.  4.  4.  2.  2.  0. 10.  4.  0.  1.  1.  0.
  1.  1.  0.  4.  1.  0.  0.  0.  4.  1.  0.  1.  0. 10.  0.  0.  0.  0.
  0.  4. 10. 10.  1.  9.  1.  0.  0.  9.  0.  1. 10. 10.  4.  4.  1.  1.
  9.  9.  0. 10. 10.  4.  1.  0.  1. 10.  0.  0. 10.  4.  4.  4.  2.  9.
  4.  1.  2.  2.  2.  0.  4. 10. 10.  0.  0.  7.  6.  7.  9.  4.  4.  9.
  3.  9.  1.  3.  1.  1.  1.  2.  5.  9.  1.  4.  2. 10.  5.  7.  8.  4.
  4.  4.  9.  3.  9.  2.  8.  7.  9.  9.  2.  3.  8.  7.  1.  1.  4.  1.
  3.  7.  3.  6.  6.  6.]
finishing algorithm at: 10:03:59.431387

running time of algorithm: 0:00:24.869572


frquencies result
[( 3,  8. ) ( 6, 14. ) ( 6, 13.7) ( 6, 13.3) ( 3,  7.6) ( 2,  6.2)
 ( 2,  6.1) ( 3,  8.3) ( 7,  8.8) ( 3,  8.4) ( 7,  9.1) ( 3,  8.5)
 ( 7, 10.1) ( 8, 12.1) ( 7, 10.1) ( 6, 12.4) ( 6, 13.8) ( 8, 11.7)
 ( 6, 12.4) ( 5, 15.6) ( 5, 15.3) (10, 16.4) ( 6, 12.8) ( 8, 12. )
 ( 5, 15.4) ( 5, 15.6) ( 6, 13.3) ( 6, 12.9) ( 5, 15.1) ( 6, 13.6)
 ( 5, 15.1) ( 8, 11.6) (10, 16.6) ( 6, 13.3) ( 5, 14.5) (10, 16.3)
 (10, 17.2) (10, 16.5) ( 5, 15. ) ( 5, 14.9) ( 8, 11.8) ( 8, 11.7)
 ( 7,  9.6) ( 7,  8.9) ( 7, 10.1) ( 5, 15.5) ( 8, 10.8) ( 3,  7.5)
 ( 6, 12.8) ( 6, 12.6) ( 5, 14.8) (10, 19.9) ( 7,  9.2) ( 6, 12.4)
 ( 8, 11.3) ( 7,  9.8) ( 5, 14.3) ( 5, 15.1) ( 5, 14.4) ( 5, 15.4)
 ( 6, 13.8) ( 6, 13.6) ( 5, 14.3) ( 5, 15.9) (10, 16.7) ( 8, 12.1)
 ( 5, 14.3) (10, 16.5) (10, 16.5) (10, 17.5) ( 5, 14.7) (10, 17.5)
 (10, 20.9) (10, 17. ) ( 5, 16. ) ( 5, 15.4) (10, 17.9) ( 5, 15.2)
 ( 5, 15.1) ( 5, 15.3) (10, 17.2) ( 5, 15.9) ( 7, 10. ) ( 7,  9.9)
 ( 7, 10.3) ( 5, 15.4) ( 6, 12.7) ( 6, 13.2) ( 5, 15.3) (10, 17.9)
 (10, 18. ) (10, 17.6) ( 5, 16. ) ( 5, 14.9) (10, 17.1) (10, 18.2)
 (10, 16.8) ( 6, 13.6) ( 5, 14.5) ( 6, 12.4) ( 7, 10.4) ( 7,  9.1)
 ( 7,  8.9) ( 5, 14.5) ( 6, 12.6) ( 3,  8.6) ( 8, 10.8) ( 8, 11.2)
 ( 8, 12.1) ( 8, 10.8) ( 8, 11.4) ( 8, 12. ) (10, 16.3) ( 6, 12.7)
 ( 6, 12.7) ( 8, 12. ) ( 8, 11.5) ( 6, 13. ) ( 8, 11.7) ( 5, 14.8)
 ( 3,  7.7) ( 9,  4.4) ( 3,  7.4) ( 3,  8.3) ( 7, 10.1) ( 8, 12. )
 ( 6, 12.9) ( 8, 10.8) ( 7,  9.5) ( 8, 12.1) ( 6, 12.5) ( 6, 13.9)
 ( 6, 13.3) ( 6, 13.2) ( 6, 12.3) ( 6, 13.8) ( 8, 11.3) ( 8, 11.7)
 ( 6, 12.5) ( 5, 15.1) ( 8, 11.5) ( 6, 13. ) ( 8, 11.6) ( 6, 12.8)
 ( 5, 15.5) ( 6, 13.1) ( 6, 12.6) ( 9,  4.4) ( 9,  4.4) ( 3,  7.1)
 ( 9,  4.2) ( 7,  9.6) ( 1,  3.5) ( 2,  5.3) ( 3,  7. ) ( 4,  0.4)
 ( 1,  3.2) ( 2,  5.9) ( 3,  8.1) ( 3,  6.9) ( 2,  5.6) ( 3,  7.2)
 ( 3,  7.1) ( 2,  6.1) ( 3,  7.1) ( 2,  5.6) ( 2,  5.4) ( 2,  6.3)
 ( 2,  5.3) ( 3,  7.9) ( 3,  8.4) ( 3,  8.1) ( 1,  2.4) ( 2,  5.6)
 ( 3,  7.5) ( 1,  2.5) ( 9,  5. ) ( 9,  3.8) ( 3,  7.9) ( 9,  4.3)
 ( 0, -2.1) ( 0, -1.8) ( 9,  3.8) ( 1,  2.1) ( 4,  0.5) ( 0, -0.9)
 ( 4,  0.4) ( 3,  7.5) ( 3,  8.3) ( 4, -0.2) ( 4,  0.1) ( 4,  1.5)
 ( 3,  8.3) ( 7,  9.4) ( 4,  1.3) ( 1,  2.2) ( 4, -0.4) ( 9,  4.5)
 ( 3,  7.9) ( 9,  4.3) (10, -2.7) ( 4,  0.3) ( 9,  3.8) ( 1,  2.4)
 ( 4,  1.2) ( 4,  1.2) ( 4, -0.3) ( 9,  4.7) ( 9,  4.9) ( 4,  1.4)
 ( 1,  2.2) ( 4, -0.1) ( 0, -0.9) ( 4,  0.6) ( 9,  4.6) ( 7,  9.8)
 ( 8, 10.6) ( 3,  7.8) ( 9,  4.4) ( 4, -0.2) ( 9,  4.3) ( 3,  7.4)
 ( 3,  8.6) ( 7, 10.2) ( 3,  7.3) ( 7,  8.7) ( 4,  1. ) ( 1,  2.1)
 ( 2,  6.4) ( 2,  5.4) ( 4,  0.4) ( 9,  4. ) ( 3,  8.4) ( 4,  0.4)
 ( 9,  4.2) ( 4,  0.9) ( 4,  0.8) ( 9,  4.3) ( 2,  6.3) ( 1,  3.5)
 ( 0, -1.5) ( 4,  1.2) ( 4,  0.5) ( 2,  5.3) ( 2,  6.6) ( 0, -1.6)
 (10, -3.1) ( 4, -0.1) ( 0, -0.6) ( 1,  3. ) ( 1,  2.9) ( 0, -1.3)
 ( 1,  1.8) ( 1,  2.9) ( 0, -2.6) ( 4,  0.5) ( 1,  2.7) ( 0, -1.7)
 ( 0, -0.9) ( 0, -1.8) ( 4,  1.3) ( 1,  2.4) ( 0, -1.1) ( 1,  2.3)
 ( 0, -2.2) (10, -3.5) ( 0, -1. ) ( 0, -2.1) ( 0, -2. ) ( 0, -2.3)
 ( 0, -1.6) ( 4,  0.8) (10, -2.8) (10, -2.8) ( 1,  3. ) ( 9,  4.4)
 ( 1,  2.3) ( 0, -2. ) ( 0, -1.9) ( 9,  4.8) ( 0, -0.6) ( 1,  3.1)
 (10, -2.9) (10, -3.5) ( 4, -0.3) ( 4,  0.1) ( 1,  2.3) ( 1,  2.1)
 ( 9,  4.6) ( 9,  3.7) ( 0, -1.3) (10, -3.4) (10, -5.3) ( 4,  0. )
 ( 1,  2.4) ( 0, -0.6) ( 1,  2.3) (10, -3.7) ( 0, -0.9) ( 0, -1.5)
 (10, -3.3) ( 4, -0.1) ( 4, -0.2) ( 4,  0.5) ( 2,  6.1) ( 9,  4.1)
 ( 4,  0.1) ( 1,  3.2) ( 2,  5.4) ( 2,  5.8) ( 2,  6.3) ( 0, -0.9)
 ( 4,  0.2) (10, -3.7) (10, -2.7) ( 0, -2.5) ( 0, -0.5) ( 7,  9. )
 ( 6, 13.1) ( 7,  8.7) ( 9,  3.9) ( 4,  0.7) ( 4,  1.1) ( 9,  5.1)
 ( 3,  7.5) ( 9,  4.7) ( 1,  3.2) ( 3,  7.8) ( 1,  2.4) ( 1,  3.2)
 ( 1,  2.5) ( 2,  6.5) ( 5, 14.4) ( 9,  4.9) ( 1,  2.3) ( 4,  1.4)
 ( 2,  5.6) (10, 16.8) ( 5, 14.4) ( 7, 10.3) ( 8, 11.2) ( 4,  0.3)
 ( 4,  0.5) ( 4,  0.5) ( 9,  4.6) ( 3,  8.2) ( 9,  4.5) ( 2,  6.7)
 ( 8, 11.9) ( 7,  9.2) ( 9,  4.4) ( 9,  5. ) ( 2,  6.7) ( 3,  8.3)
 ( 8, 11.3) ( 7,  9. ) ( 1,  3.4) ( 1,  3.2) ( 4,  0.9) ( 1,  3.3)
 ( 3,  7.9) ( 7,  9. ) ( 3,  7.1) ( 6, 12.5) ( 6, 12.5) ( 6, 12.3)]

36 determined outlier frequencies:
[16.4 16.6 16.3 17.2 16.5 19.9 16.7 16.5 16.5 17.5 17.5 20.9 17.  17.9
 17.2 17.9 18.  17.6 17.1 18.2 16.8 16.3 -2.7 -3.1 -3.5 -2.8 -2.8 -2.9
 -3.5 -3.4 -5.3 -3.7 -3.3 -3.7 -2.7 16.8]
analyze method without outliers


analyzing the results:
number of max cluster size: 10
number of actually used clusters: 10
min value of all elements: -2.6
max value of all elements: 16.0
mean of all elements: 6.9796969696969695
median of all elements: 7.1
standard deviation of all elements: 5.333306998901926
variance of all elements: 28.44416354453627
distribution of all clusters: [0 0 0 0 0 0 0 0 0 0 0 0 0 0 0 0 0 0 0 0 0 0 0 0 0 0 0 0 0 1 1 1 1 1 1 1 1
 1 1 1 1 1 1 1 1 1 1 1 1 1 1 1 1 1 1 1 1 1 1 1 1 1 2 2 2 2 2 2 2 2 2 2 2 2
 2 2 2 2 2 2 2 2 2 2 2 2 3 3 3 3 3 3 3 3 3 3 3 3 3 3 3 3 3 3 3 3 3 3 3 3 3
 3 3 3 3 3 3 3 3 3 3 3 3 4 4 4 4 4 4 4 4 4 4 4 4 4 4 4 4 4 4 4 4 4 4 4 4 4
 4 4 4 4 4 4 4 4 4 4 4 4 4 4 4 4 4 5 5 5 5 5 5 5 5 5 5 5 5 5 5 5 5 5 5 5 5
 5 5 5 5 5 5 5 5 5 5 5 5 5 5 5 5 6 6 6 6 6 6 6 6 6 6 6 6 6 6 6 6 6 6 6 6 6
 6 6 6 6 6 6 6 6 6 6 6 6 6 6 6 6 6 6 6 7 7 7 7 7 7 7 7 7 7 7 7 7 7 7 7 7 7
 7 7 7 7 7 7 7 7 7 7 8 8 8 8 8 8 8 8 8 8 8 8 8 8 8 8 8 8 8 8 8 8 8 8 8 8 8
 8 8 9 9 9 9 9 9 9 9 9 9 9 9 9 9 9 9 9 9 9 9 9 9 9 9 9 9 9 9 9 9 9 9]

cluster #0: 	sum elements:29  	min value: -2.6 	max value: -0.5 	mean: -1.5 	std deviation: 0.617 	median: -1.5
cluster #0 homoscedasticity given with ratio = 1.2100000000000002
cluster #1: 	sum elements:33  	min value: 1.8 	max value: 3.5 	mean: 2.7 	std deviation: 0.484 	median: 2.5
cluster #1 homoscedasticity given with ratio = 1.265625000000001
cluster #2: 	sum elements:24  	min value: 5.3 	max value: 6.7 	mean: 5.9 	std deviation: 0.477 	median: 6.0
cluster #2 homoscedasticity NOT given with ratio = 1.7777777777777737
cluster #3: 	sum elements:37  	min value: 6.9 	max value: 8.6 	mean: 7.8 	std deviation: 0.507 	median: 7.9
cluster #3 homoscedasticity given with ratio = 1.2656249999999991
cluster #4: 	sum elements:42  	min value: -0.4 	max value: 1.5 	mean: 0.5 	std deviation: 0.543 	median: 0.5
cluster #4 homoscedasticity given with ratio = 1.2345679012345678
cluster #5: 	sum elements:36  	min value: 14.3 	max value: 16.0 	mean: 15.1 	std deviation: 0.51 	median: 15.1
cluster #5 homoscedasticity given with ratio = 1.2656250000000042
cluster #6: 	sum elements:40  	min value: 12.3 	max value: 14.0 	mean: 13.0 	std deviation: 0.508 	median: 12.9
cluster #6 homoscedasticity NOT given with ratio = 2.0408163265306163
cluster #7: 	sum elements:28  	min value: 8.7 	max value: 10.4 	mean: 9.5 	std deviation: 0.556 	median: 9.55
cluster #7 homoscedasticity given with ratio = 1.2656249999999987
cluster #8: 	sum elements:29  	min value: 10.6 	max value: 12.1 	mean: 11.5 	std deviation: 0.459 	median: 11.6
cluster #8 homoscedasticity NOT given with ratio = 2.250000000000004
cluster #9: 	sum elements:32  	min value: 3.7 	max value: 5.1 	mean: 4.4 	std deviation: 0.376 	median: 4.4
cluster #9 homoscedasticity given with ratio = 1.0000000000000027
homoscedasticity given for 7 of 10 used clusters

number of elements: 330

built clusters:
cluster #0: -2.6 -- -0.5 (29)
cluster #4: -0.4 -- 1.5 (42)
cluster #1: 1.8 -- 3.5 (33)
cluster #9: 3.7 -- 5.1 (32)
cluster #2: 5.3 -- 6.7 (24)
cluster #3: 6.9 -- 8.6 (37)
cluster #7: 8.7 -- 10.4 (28)
cluster #8: 10.6 -- 12.1 (29)
cluster #6: 12.3 -- 14.0 (40)
cluster #5: 14.3 -- 16.0 (36)

score even distribution (SED) MAX: 1.34e+15
score even distribution (SED) MAX: 1335496313733120.0
SED number of digits: 16

number of used clusters (NUC) MAX: 1.0

sum variances (SV) MIN: 2.495245697666614
sum variances (SV) MIN: 2.50e+00
ratio between SED and sv digits MAX: 0
SUM: NUC(MAX): 1.0	 SED(MAX): 1.34e+15	 SV(MIN): 2.50e+00

Mean Silhouette Coefficient of all clusters MSC(MAX): 0.57
(best value is 1 and the worst value is -1. Values near 0 indicate overlapping clusters)

Davies-Bouldin score DB(MIN): 0.49
(The minimum score is zero, with lower values indicating better clustering.)


TRIAL: 3
***********


starting algorithm at: 10:03:59.450184
[1] "[R] success: found arguments for clusters and trim factor"
[1] "[R] clusters:"
[1] 10
[1] "[R] trim-factor:"
[1] 0.1
[1] "[R] script finished"
[ 2.  0.  0.  0.  5.  5.  5.  2.  2.  2.  2.  2.  4.  6.  4.  6.  0.  6.
  6.  9.  9. 10.  0.  6.  9.  9.  0.  0.  9.  0.  9.  6. 10.  0.  9. 10.
 10. 10.  9.  9.  6.  6.  4.  2.  4.  9.  4.  5.  0.  6.  9. 10.  2.  6.
  6.  4.  9.  9.  9.  9.  0.  0.  9.  9. 10.  6.  9. 10. 10. 10.  9. 10.
 10. 10.  9.  9. 10.  9.  9.  9. 10.  9.  4.  4.  4.  9.  0.  0.  9. 10.
 10. 10.  9.  9. 10. 10. 10.  0.  9.  6.  4.  2.  2.  9.  6.  2.  4.  6.
  6.  4.  6.  6. 10.  0.  0.  6.  6.  0.  6.  9.  2.  8.  5.  2.  4.  6.
  0.  4.  4.  6.  6.  0.  0.  0.  6.  0.  6.  6.  6.  9.  6.  0.  6.  0.
  9.  0.  6.  8.  8.  5.  8.  4.  7.  8.  5.  3.  7.  5.  2.  5.  8.  5.
  5.  5.  5.  8.  8.  5.  8.  2.  2.  2.  7.  8.  5.  7.  8.  8.  2.  8.
  1.  1.  8.  7.  3.  1.  3.  5.  2.  3.  3.  3.  2.  4.  3.  7.  3.  8.
  2.  8. 10.  3.  8.  7.  3.  3.  3.  8.  8.  3.  7.  3.  1.  3.  8.  4.
  4.  2.  8.  3.  8.  5.  2.  4.  5.  2.  3.  7.  5.  8.  3.  8.  2.  3.
  8.  3.  3.  8.  5.  7.  1.  3.  3.  8.  5.  1. 10.  3.  1.  7.  7.  1.
  7.  7.  1.  3.  7.  1.  1.  1.  3.  7.  1.  7.  1. 10.  1.  1.  1.  1.
  1.  3. 10. 10.  7.  8.  7.  1.  1.  8.  1.  7. 10. 10.  3.  3.  7.  7.
  8.  8.  1. 10. 10.  3.  7.  1.  7. 10.  1.  1. 10.  3.  3.  3.  5.  8.
  3.  7.  8.  5.  5.  1.  3. 10. 10.  1.  1.  2.  0.  2.  8.  3.  3.  8.
  5.  8.  7.  2.  7.  7.  7.  5.  9.  8.  7.  3.  8. 10.  9.  4.  6.  3.
  3.  3.  8.  2.  8.  5.  6.  2.  8.  8.  5.  2.  6.  2.  7.  7.  3.  7.
  2.  2.  5.  6.  6.  6.]
finishing algorithm at: 10:04:24.208853

running time of algorithm: 0:00:24.758669


frquencies result
[( 2,  8. ) ( 0, 14. ) ( 0, 13.7) ( 0, 13.3) ( 5,  7.6) ( 5,  6.2)
 ( 5,  6.1) ( 2,  8.3) ( 2,  8.8) ( 2,  8.4) ( 2,  9.1) ( 2,  8.5)
 ( 4, 10.1) ( 6, 12.1) ( 4, 10.1) ( 6, 12.4) ( 0, 13.8) ( 6, 11.7)
 ( 6, 12.4) ( 9, 15.6) ( 9, 15.3) (10, 16.4) ( 0, 12.8) ( 6, 12. )
 ( 9, 15.4) ( 9, 15.6) ( 0, 13.3) ( 0, 12.9) ( 9, 15.1) ( 0, 13.6)
 ( 9, 15.1) ( 6, 11.6) (10, 16.6) ( 0, 13.3) ( 9, 14.5) (10, 16.3)
 (10, 17.2) (10, 16.5) ( 9, 15. ) ( 9, 14.9) ( 6, 11.8) ( 6, 11.7)
 ( 4,  9.6) ( 2,  8.9) ( 4, 10.1) ( 9, 15.5) ( 4, 10.8) ( 5,  7.5)
 ( 0, 12.8) ( 6, 12.6) ( 9, 14.8) (10, 19.9) ( 2,  9.2) ( 6, 12.4)
 ( 6, 11.3) ( 4,  9.8) ( 9, 14.3) ( 9, 15.1) ( 9, 14.4) ( 9, 15.4)
 ( 0, 13.8) ( 0, 13.6) ( 9, 14.3) ( 9, 15.9) (10, 16.7) ( 6, 12.1)
 ( 9, 14.3) (10, 16.5) (10, 16.5) (10, 17.5) ( 9, 14.7) (10, 17.5)
 (10, 20.9) (10, 17. ) ( 9, 16. ) ( 9, 15.4) (10, 17.9) ( 9, 15.2)
 ( 9, 15.1) ( 9, 15.3) (10, 17.2) ( 9, 15.9) ( 4, 10. ) ( 4,  9.9)
 ( 4, 10.3) ( 9, 15.4) ( 0, 12.7) ( 0, 13.2) ( 9, 15.3) (10, 17.9)
 (10, 18. ) (10, 17.6) ( 9, 16. ) ( 9, 14.9) (10, 17.1) (10, 18.2)
 (10, 16.8) ( 0, 13.6) ( 9, 14.5) ( 6, 12.4) ( 4, 10.4) ( 2,  9.1)
 ( 2,  8.9) ( 9, 14.5) ( 6, 12.6) ( 2,  8.6) ( 4, 10.8) ( 6, 11.2)
 ( 6, 12.1) ( 4, 10.8) ( 6, 11.4) ( 6, 12. ) (10, 16.3) ( 0, 12.7)
 ( 0, 12.7) ( 6, 12. ) ( 6, 11.5) ( 0, 13. ) ( 6, 11.7) ( 9, 14.8)
 ( 2,  7.7) ( 8,  4.4) ( 5,  7.4) ( 2,  8.3) ( 4, 10.1) ( 6, 12. )
 ( 0, 12.9) ( 4, 10.8) ( 4,  9.5) ( 6, 12.1) ( 6, 12.5) ( 0, 13.9)
 ( 0, 13.3) ( 0, 13.2) ( 6, 12.3) ( 0, 13.8) ( 6, 11.3) ( 6, 11.7)
 ( 6, 12.5) ( 9, 15.1) ( 6, 11.5) ( 0, 13. ) ( 6, 11.6) ( 0, 12.8)
 ( 9, 15.5) ( 0, 13.1) ( 6, 12.6) ( 8,  4.4) ( 8,  4.4) ( 5,  7.1)
 ( 8,  4.2) ( 4,  9.6) ( 7,  3.5) ( 8,  5.3) ( 5,  7. ) ( 3,  0.4)
 ( 7,  3.2) ( 5,  5.9) ( 2,  8.1) ( 5,  6.9) ( 8,  5.6) ( 5,  7.2)
 ( 5,  7.1) ( 5,  6.1) ( 5,  7.1) ( 8,  5.6) ( 8,  5.4) ( 5,  6.3)
 ( 8,  5.3) ( 2,  7.9) ( 2,  8.4) ( 2,  8.1) ( 7,  2.4) ( 8,  5.6)
 ( 5,  7.5) ( 7,  2.5) ( 8,  5. ) ( 8,  3.8) ( 2,  7.9) ( 8,  4.3)
 ( 1, -2.1) ( 1, -1.8) ( 8,  3.8) ( 7,  2.1) ( 3,  0.5) ( 1, -0.9)
 ( 3,  0.4) ( 5,  7.5) ( 2,  8.3) ( 3, -0.2) ( 3,  0.1) ( 3,  1.5)
 ( 2,  8.3) ( 4,  9.4) ( 3,  1.3) ( 7,  2.2) ( 3, -0.4) ( 8,  4.5)
 ( 2,  7.9) ( 8,  4.3) (10, -2.7) ( 3,  0.3) ( 8,  3.8) ( 7,  2.4)
 ( 3,  1.2) ( 3,  1.2) ( 3, -0.3) ( 8,  4.7) ( 8,  4.9) ( 3,  1.4)
 ( 7,  2.2) ( 3, -0.1) ( 1, -0.9) ( 3,  0.6) ( 8,  4.6) ( 4,  9.8)
 ( 4, 10.6) ( 2,  7.8) ( 8,  4.4) ( 3, -0.2) ( 8,  4.3) ( 5,  7.4)
 ( 2,  8.6) ( 4, 10.2) ( 5,  7.3) ( 2,  8.7) ( 3,  1. ) ( 7,  2.1)
 ( 5,  6.4) ( 8,  5.4) ( 3,  0.4) ( 8,  4. ) ( 2,  8.4) ( 3,  0.4)
 ( 8,  4.2) ( 3,  0.9) ( 3,  0.8) ( 8,  4.3) ( 5,  6.3) ( 7,  3.5)
 ( 1, -1.5) ( 3,  1.2) ( 3,  0.5) ( 8,  5.3) ( 5,  6.6) ( 1, -1.6)
 (10, -3.1) ( 3, -0.1) ( 1, -0.6) ( 7,  3. ) ( 7,  2.9) ( 1, -1.3)
 ( 7,  1.8) ( 7,  2.9) ( 1, -2.6) ( 3,  0.5) ( 7,  2.7) ( 1, -1.7)
 ( 1, -0.9) ( 1, -1.8) ( 3,  1.3) ( 7,  2.4) ( 1, -1.1) ( 7,  2.3)
 ( 1, -2.2) (10, -3.5) ( 1, -1. ) ( 1, -2.1) ( 1, -2. ) ( 1, -2.3)
 ( 1, -1.6) ( 3,  0.8) (10, -2.8) (10, -2.8) ( 7,  3. ) ( 8,  4.4)
 ( 7,  2.3) ( 1, -2. ) ( 1, -1.9) ( 8,  4.8) ( 1, -0.6) ( 7,  3.1)
 (10, -2.9) (10, -3.5) ( 3, -0.3) ( 3,  0.1) ( 7,  2.3) ( 7,  2.1)
 ( 8,  4.6) ( 8,  3.7) ( 1, -1.3) (10, -3.4) (10, -5.3) ( 3,  0. )
 ( 7,  2.4) ( 1, -0.6) ( 7,  2.3) (10, -3.7) ( 1, -0.9) ( 1, -1.5)
 (10, -3.3) ( 3, -0.1) ( 3, -0.2) ( 3,  0.5) ( 5,  6.1) ( 8,  4.1)
 ( 3,  0.1) ( 7,  3.2) ( 8,  5.4) ( 5,  5.8) ( 5,  6.3) ( 1, -0.9)
 ( 3,  0.2) (10, -3.7) (10, -2.7) ( 1, -2.5) ( 1, -0.5) ( 2,  9. )
 ( 0, 13.1) ( 2,  8.7) ( 8,  3.9) ( 3,  0.7) ( 3,  1.1) ( 8,  5.1)
 ( 5,  7.5) ( 8,  4.7) ( 7,  3.2) ( 2,  7.8) ( 7,  2.4) ( 7,  3.2)
 ( 7,  2.5) ( 5,  6.5) ( 9, 14.4) ( 8,  4.9) ( 7,  2.3) ( 3,  1.4)
 ( 8,  5.6) (10, 16.8) ( 9, 14.4) ( 4, 10.3) ( 6, 11.2) ( 3,  0.3)
 ( 3,  0.5) ( 3,  0.5) ( 8,  4.6) ( 2,  8.2) ( 8,  4.5) ( 5,  6.7)
 ( 6, 11.9) ( 2,  9.2) ( 8,  4.4) ( 8,  5. ) ( 5,  6.7) ( 2,  8.3)
 ( 6, 11.3) ( 2,  9. ) ( 7,  3.4) ( 7,  3.2) ( 3,  0.9) ( 7,  3.3)
 ( 2,  7.9) ( 2,  9. ) ( 5,  7.1) ( 6, 12.5) ( 6, 12.5) ( 6, 12.3)]

36 determined outlier frequencies:
[16.4 16.6 16.3 17.2 16.5 19.9 16.7 16.5 16.5 17.5 17.5 20.9 17.  17.9
 17.2 17.9 18.  17.6 17.1 18.2 16.8 16.3 -2.7 -3.1 -3.5 -2.8 -2.8 -2.9
 -3.5 -3.4 -5.3 -3.7 -3.3 -3.7 -2.7 16.8]
analyze method without outliers


analyzing the results:
number of max cluster size: 10
number of actually used clusters: 10
min value of all elements: -2.6
max value of all elements: 16.0
mean of all elements: 6.9796969696969695
median of all elements: 7.1
standard deviation of all elements: 5.333306998901927
variance of all elements: 28.444163544536273
distribution of all clusters: [0 0 0 0 0 0 0 0 0 0 0 0 0 0 0 0 0 0 0 0 0 0 0 0 0 0 0 1 1 1 1 1 1 1 1 1 1
 1 1 1 1 1 1 1 1 1 1 1 1 1 1 1 1 1 1 1 2 2 2 2 2 2 2 2 2 2 2 2 2 2 2 2 2 2
 2 2 2 2 2 2 2 2 2 2 2 2 2 2 2 2 3 3 3 3 3 3 3 3 3 3 3 3 3 3 3 3 3 3 3 3 3
 3 3 3 3 3 3 3 3 3 3 3 3 3 3 3 3 3 3 3 3 3 4 4 4 4 4 4 4 4 4 4 4 4 4 4 4 4
 4 4 4 4 4 5 5 5 5 5 5 5 5 5 5 5 5 5 5 5 5 5 5 5 5 5 5 5 5 5 5 5 5 5 6 6 6
 6 6 6 6 6 6 6 6 6 6 6 6 6 6 6 6 6 6 6 6 6 6 6 6 6 6 6 6 6 6 6 6 6 6 7 7 7
 7 7 7 7 7 7 7 7 7 7 7 7 7 7 7 7 7 7 7 7 7 7 7 7 7 7 7 7 7 7 8 8 8 8 8 8 8
 8 8 8 8 8 8 8 8 8 8 8 8 8 8 8 8 8 8 8 8 8 8 8 8 8 8 8 8 8 8 8 8 8 8 8 9 9
 9 9 9 9 9 9 9 9 9 9 9 9 9 9 9 9 9 9 9 9 9 9 9 9 9 9 9 9 9 9 9 9 9 9]

cluster #0: 	sum elements:27  	min value: 12.7 	max value: 14.0 	mean: 13.3 	std deviation: 0.412 	median: 13.2
cluster #0 homoscedasticity given with ratio = 1.3611111111111018
cluster #1: 	sum elements:29  	min value: -2.6 	max value: -0.5 	mean: -1.5 	std deviation: 0.617 	median: -1.5
cluster #1 homoscedasticity given with ratio = 1.2100000000000002
cluster #2: 	sum elements:34  	min value: 7.7 	max value: 9.2 	mean: 8.4 	std deviation: 0.455 	median: 8.4
cluster #2 homoscedasticity given with ratio = 1.3061224489795877
cluster #3: 	sum elements:42  	min value: -0.4 	max value: 1.5 	mean: 0.5 	std deviation: 0.543 	median: 0.5
cluster #3 homoscedasticity given with ratio = 1.2345679012345678
cluster #4: 	sum elements:21  	min value: 9.4 	max value: 10.8 	mean: 10.1 	std deviation: 0.443 	median: 10.1
cluster #4 homoscedasticity given with ratio = 1.000000000000005
cluster #5: 	sum elements:29  	min value: 5.8 	max value: 7.6 	mean: 6.8 	std deviation: 0.562 	median: 6.9
cluster #5 homoscedasticity NOT given with ratio = 1.5625000000000009
cluster #6: 	sum elements:37  	min value: 11.2 	max value: 12.6 	mean: 12.0 	std deviation: 0.448 	median: 12.0
cluster #6 homoscedasticity NOT given with ratio = 1.7777777777777828
cluster #7: 	sum elements:33  	min value: 1.8 	max value: 3.5 	mean: 2.7 	std deviation: 0.484 	median: 2.5
cluster #7 homoscedasticity given with ratio = 1.265625000000001
cluster #8: 	sum elements:42  	min value: 3.7 	max value: 5.6 	mean: 4.7 	std deviation: 0.56 	median: 4.55
cluster #8 homoscedasticity given with ratio = 1.2345679012345694
cluster #9: 	sum elements:36  	min value: 14.3 	max value: 16.0 	mean: 15.1 	std deviation: 0.51 	median: 15.1
cluster #9 homoscedasticity given with ratio = 1.2656250000000042
homoscedasticity given for 8 of 10 used clusters

number of elements: 330

built clusters:
cluster #1: -2.6 -- -0.5 (29)
cluster #3: -0.4 -- 1.5 (42)
cluster #7: 1.8 -- 3.5 (33)
cluster #8: 3.7 -- 5.6 (42)
cluster #5: 5.8 -- 7.6 (29)
cluster #2: 7.7 -- 9.2 (34)
cluster #4: 9.4 -- 10.8 (21)
cluster #6: 11.2 -- 12.6 (37)
cluster #0: 12.7 -- 14.0 (27)
cluster #9: 14.3 -- 16.0 (36)

score even distribution (SED) MAX: 1.26e+15
score even distribution (SED) MAX: 1257114157038432.0
SED number of digits: 16

number of used clusters (NUC) MAX: 1.0

sum variances (SV) MIN: 2.493310282439699
sum variances (SV) MIN: 2.49e+00
ratio between SED and sv digits MAX: 0
SUM: NUC(MAX): 1.0	 SED(MAX): 1.26e+15	 SV(MIN): 2.49e+00

Mean Silhouette Coefficient of all clusters MSC(MAX): 0.57
(best value is 1 and the worst value is -1. Values near 0 indicate overlapping clusters)

Davies-Bouldin score DB(MIN): 0.49
(The minimum score is zero, with lower values indicating better clustering.)


TRIAL: 4
***********


starting algorithm at: 10:04:24.228122
[1] "[R] success: found arguments for clusters and trim factor"
[1] "[R] clusters:"
[1] 10
[1] "[R] trim-factor:"
[1] 0.1
[1] "[R] script finished"
[ 2.  4.  4.  4.  2.  8.  8.  2.  3.  2.  3.  2.  3.  6.  3.  4.  4.  6.
  4.  0.  0. 10.  4.  6.  0.  0.  4.  4.  0.  4.  0.  6. 10.  4.  0. 10.
 10. 10.  0.  0.  6.  6.  3.  3.  3.  0.  6.  2.  4.  4.  0. 10.  3.  4.
  6.  3.  0.  0.  0.  0.  4.  4.  0.  0. 10.  6.  0. 10. 10. 10.  0. 10.
 10. 10.  0.  0. 10.  0.  0.  0. 10.  0.  3.  3.  3.  0.  4.  4.  0. 10.
 10. 10.  0.  0. 10. 10. 10.  4.  0.  4.  3.  3.  3.  0.  4.  2.  6.  6.
  6.  6.  6.  6. 10.  4.  4.  6.  6.  4.  6.  0.  2.  5.  2.  2.  3.  6.
  4.  6.  3.  6.  4.  4.  4.  4.  4.  4.  6.  6.  4.  0.  6.  4.  6.  4.
  0.  4.  4.  5.  5.  2.  5.  3.  1.  8.  2.  9.  1.  8.  2.  2.  8.  2.
  2.  8.  2.  8.  8.  8.  8.  2.  2.  2.  1.  8.  2.  1.  5.  5.  2.  5.
  7.  7.  5.  1.  9.  7.  9.  2.  2.  9.  9.  9.  2.  3.  9.  1.  9.  5.
  2.  5. 10.  9.  5.  1.  9.  9.  9.  5.  5.  9.  1.  9.  7.  9.  5.  3.
  6.  2.  5.  9.  5.  2.  2.  3.  2.  3.  9.  1.  8.  8.  9.  5.  2.  9.
  5.  9.  9.  5.  8.  1.  7.  9.  9.  8.  8.  7. 10.  9.  7.  1.  1.  7.
  1.  1.  7.  9.  1.  7.  7.  7.  9.  1.  7.  1.  7. 10.  7.  7.  7.  7.
  7.  9. 10. 10.  1.  5.  1.  7.  7.  5.  7.  1. 10. 10.  9.  9.  1.  1.
  5.  5.  7. 10. 10.  9.  1.  7.  1. 10.  7.  7. 10.  9.  9.  9.  8.  5.
  9.  1.  8.  8.  8.  7.  9. 10. 10.  7.  7.  3.  4.  3.  5.  9.  9.  5.
  2.  5.  1.  2.  1.  1.  1.  8.  0.  5.  1.  9.  8. 10.  0.  3.  6.  9.
  9.  9.  5.  2.  5.  8.  6.  3.  5.  5.  8.  2.  6.  3.  1.  1.  9.  1.
  2.  3.  2.  4.  4.  4.]
finishing algorithm at: 10:04:49.711526

running time of algorithm: 0:00:25.483404


frquencies result
[( 2,  8. ) ( 4, 14. ) ( 4, 13.7) ( 4, 13.3) ( 2,  7.6) ( 8,  6.2)
 ( 8,  6.1) ( 2,  8.3) ( 3,  8.8) ( 2,  8.4) ( 3,  9.1) ( 2,  8.5)
 ( 3, 10.1) ( 6, 12.1) ( 3, 10.1) ( 4, 12.4) ( 4, 13.8) ( 6, 11.7)
 ( 4, 12.4) ( 0, 15.6) ( 0, 15.3) (10, 16.4) ( 4, 12.8) ( 6, 12. )
 ( 0, 15.4) ( 0, 15.6) ( 4, 13.3) ( 4, 12.9) ( 0, 15.1) ( 4, 13.6)
 ( 0, 15.1) ( 6, 11.6) (10, 16.6) ( 4, 13.3) ( 0, 14.5) (10, 16.3)
 (10, 17.2) (10, 16.5) ( 0, 15. ) ( 0, 14.9) ( 6, 11.8) ( 6, 11.7)
 ( 3,  9.6) ( 3,  8.9) ( 3, 10.1) ( 0, 15.5) ( 6, 10.8) ( 2,  7.5)
 ( 4, 12.8) ( 4, 12.6) ( 0, 14.8) (10, 19.9) ( 3,  9.2) ( 4, 12.4)
 ( 6, 11.3) ( 3,  9.8) ( 0, 14.3) ( 0, 15.1) ( 0, 14.4) ( 0, 15.4)
 ( 4, 13.8) ( 4, 13.6) ( 0, 14.3) ( 0, 15.9) (10, 16.7) ( 6, 12.1)
 ( 0, 14.3) (10, 16.5) (10, 16.5) (10, 17.5) ( 0, 14.7) (10, 17.5)
 (10, 20.9) (10, 17. ) ( 0, 16. ) ( 0, 15.4) (10, 17.9) ( 0, 15.2)
 ( 0, 15.1) ( 0, 15.3) (10, 17.2) ( 0, 15.9) ( 3, 10. ) ( 3,  9.9)
 ( 3, 10.3) ( 0, 15.4) ( 4, 12.7) ( 4, 13.2) ( 0, 15.3) (10, 17.9)
 (10, 18. ) (10, 17.6) ( 0, 16. ) ( 0, 14.9) (10, 17.1) (10, 18.2)
 (10, 16.8) ( 4, 13.6) ( 0, 14.5) ( 4, 12.4) ( 3, 10.4) ( 3,  9.1)
 ( 3,  8.9) ( 0, 14.5) ( 4, 12.6) ( 2,  8.6) ( 6, 10.8) ( 6, 11.2)
 ( 6, 12.1) ( 6, 10.8) ( 6, 11.4) ( 6, 12. ) (10, 16.3) ( 4, 12.7)
 ( 4, 12.7) ( 6, 12. ) ( 6, 11.5) ( 4, 13. ) ( 6, 11.7) ( 0, 14.8)
 ( 2,  7.7) ( 5,  4.4) ( 2,  7.4) ( 2,  8.3) ( 3, 10.1) ( 6, 12. )
 ( 4, 12.9) ( 6, 10.8) ( 3,  9.5) ( 6, 12.1) ( 4, 12.5) ( 4, 13.9)
 ( 4, 13.3) ( 4, 13.2) ( 4, 12.3) ( 4, 13.8) ( 6, 11.3) ( 6, 11.7)
 ( 4, 12.5) ( 0, 15.1) ( 6, 11.5) ( 4, 13. ) ( 6, 11.6) ( 4, 12.8)
 ( 0, 15.5) ( 4, 13.1) ( 4, 12.6) ( 5,  4.4) ( 5,  4.4) ( 2,  7.1)
 ( 5,  4.2) ( 3,  9.6) ( 1,  3.5) ( 8,  5.3) ( 2,  7. ) ( 9,  0.4)
 ( 1,  3.2) ( 8,  5.9) ( 2,  8.1) ( 2,  6.9) ( 8,  5.6) ( 2,  7.2)
 ( 2,  7.1) ( 8,  6.1) ( 2,  7.1) ( 8,  5.6) ( 8,  5.4) ( 8,  6.3)
 ( 8,  5.3) ( 2,  7.9) ( 2,  8.4) ( 2,  8.1) ( 1,  2.4) ( 8,  5.6)
 ( 2,  7.5) ( 1,  2.5) ( 5,  5. ) ( 5,  3.8) ( 2,  7.9) ( 5,  4.3)
 ( 7, -2.1) ( 7, -1.8) ( 5,  3.8) ( 1,  2.1) ( 9,  0.5) ( 7, -0.9)
 ( 9,  0.4) ( 2,  7.5) ( 2,  8.3) ( 9, -0.2) ( 9,  0.1) ( 9,  1.5)
 ( 2,  8.3) ( 3,  9.4) ( 9,  1.3) ( 1,  2.2) ( 9, -0.4) ( 5,  4.5)
 ( 2,  7.9) ( 5,  4.3) (10, -2.7) ( 9,  0.3) ( 5,  3.8) ( 1,  2.4)
 ( 9,  1.2) ( 9,  1.2) ( 9, -0.3) ( 5,  4.7) ( 5,  4.9) ( 9,  1.4)
 ( 1,  2.2) ( 9, -0.1) ( 7, -0.9) ( 9,  0.6) ( 5,  4.6) ( 3,  9.8)
 ( 6, 10.6) ( 2,  7.8) ( 5,  4.4) ( 9, -0.2) ( 5,  4.3) ( 2,  7.4)
 ( 2,  8.6) ( 3, 10.2) ( 2,  7.3) ( 3,  8.7) ( 9,  1. ) ( 1,  2.1)
 ( 8,  6.4) ( 8,  5.4) ( 9,  0.4) ( 5,  4. ) ( 2,  8.4) ( 9,  0.4)
 ( 5,  4.2) ( 9,  0.9) ( 9,  0.8) ( 5,  4.3) ( 8,  6.3) ( 1,  3.5)
 ( 7, -1.5) ( 9,  1.2) ( 9,  0.5) ( 8,  5.3) ( 8,  6.6) ( 7, -1.6)
 (10, -3.1) ( 9, -0.1) ( 7, -0.6) ( 1,  3. ) ( 1,  2.9) ( 7, -1.3)
 ( 1,  1.8) ( 1,  2.9) ( 7, -2.6) ( 9,  0.5) ( 1,  2.7) ( 7, -1.7)
 ( 7, -0.9) ( 7, -1.8) ( 9,  1.3) ( 1,  2.4) ( 7, -1.1) ( 1,  2.3)
 ( 7, -2.2) (10, -3.5) ( 7, -1. ) ( 7, -2.1) ( 7, -2. ) ( 7, -2.3)
 ( 7, -1.6) ( 9,  0.8) (10, -2.8) (10, -2.8) ( 1,  3. ) ( 5,  4.4)
 ( 1,  2.3) ( 7, -2. ) ( 7, -1.9) ( 5,  4.8) ( 7, -0.6) ( 1,  3.1)
 (10, -2.9) (10, -3.5) ( 9, -0.3) ( 9,  0.1) ( 1,  2.3) ( 1,  2.1)
 ( 5,  4.6) ( 5,  3.7) ( 7, -1.3) (10, -3.4) (10, -5.3) ( 9,  0. )
 ( 1,  2.4) ( 7, -0.6) ( 1,  2.3) (10, -3.7) ( 7, -0.9) ( 7, -1.5)
 (10, -3.3) ( 9, -0.1) ( 9, -0.2) ( 9,  0.5) ( 8,  6.1) ( 5,  4.1)
 ( 9,  0.1) ( 1,  3.2) ( 8,  5.4) ( 8,  5.8) ( 8,  6.3) ( 7, -0.9)
 ( 9,  0.2) (10, -3.7) (10, -2.7) ( 7, -2.5) ( 7, -0.5) ( 3,  9. )
 ( 4, 13.1) ( 3,  8.7) ( 5,  3.9) ( 9,  0.7) ( 9,  1.1) ( 5,  5.1)
 ( 2,  7.5) ( 5,  4.7) ( 1,  3.2) ( 2,  7.8) ( 1,  2.4) ( 1,  3.2)
 ( 1,  2.5) ( 8,  6.5) ( 0, 14.4) ( 5,  4.9) ( 1,  2.3) ( 9,  1.4)
 ( 8,  5.6) (10, 16.8) ( 0, 14.4) ( 3, 10.3) ( 6, 11.2) ( 9,  0.3)
 ( 9,  0.5) ( 9,  0.5) ( 5,  4.6) ( 2,  8.2) ( 5,  4.5) ( 8,  6.7)
 ( 6, 11.9) ( 3,  9.2) ( 5,  4.4) ( 5,  5. ) ( 8,  6.7) ( 2,  8.3)
 ( 6, 11.3) ( 3,  9. ) ( 1,  3.4) ( 1,  3.2) ( 9,  0.9) ( 1,  3.3)
 ( 2,  7.9) ( 3,  9. ) ( 2,  7.1) ( 4, 12.5) ( 4, 12.5) ( 4, 12.3)]

36 determined outlier frequencies:
[16.4 16.6 16.3 17.2 16.5 19.9 16.7 16.5 16.5 17.5 17.5 20.9 17.  17.9
 17.2 17.9 18.  17.6 17.1 18.2 16.8 16.3 -2.7 -3.1 -3.5 -2.8 -2.8 -2.9
 -3.5 -3.4 -5.3 -3.7 -3.3 -3.7 -2.7 16.8]
analyze method without outliers


analyzing the results:
number of max cluster size: 10
number of actually used clusters: 10
min value of all elements: -2.6
max value of all elements: 16.0
mean of all elements: 6.9796969696969695
median of all elements: 7.1
standard deviation of all elements: 5.333306998901927
variance of all elements: 28.444163544536273
distribution of all clusters: [0 0 0 0 0 0 0 0 0 0 0 0 0 0 0 0 0 0 0 0 0 0 0 0 0 0 0 0 0 0 0 0 0 0 0 0 1
 1 1 1 1 1 1 1 1 1 1 1 1 1 1 1 1 1 1 1 1 1 1 1 1 1 1 1 1 1 1 1 1 2 2 2 2 2
 2 2 2 2 2 2 2 2 2 2 2 2 2 2 2 2 2 2 2 2 2 2 2 2 2 2 2 2 2 2 2 2 3 3 3 3 3
 3 3 3 3 3 3 3 3 3 3 3 3 3 3 3 3 3 3 3 3 3 3 3 4 4 4 4 4 4 4 4 4 4 4 4 4 4
 4 4 4 4 4 4 4 4 4 4 4 4 4 4 4 4 4 4 4 4 4 4 4 4 4 4 5 5 5 5 5 5 5 5 5 5 5
 5 5 5 5 5 5 5 5 5 5 5 5 5 5 5 5 5 5 5 5 5 6 6 6 6 6 6 6 6 6 6 6 6 6 6 6 6
 6 6 6 6 6 6 6 6 6 6 6 6 6 7 7 7 7 7 7 7 7 7 7 7 7 7 7 7 7 7 7 7 7 7 7 7 7
 7 7 7 7 7 8 8 8 8 8 8 8 8 8 8 8 8 8 8 8 8 8 8 8 8 8 8 8 8 9 9 9 9 9 9 9 9
 9 9 9 9 9 9 9 9 9 9 9 9 9 9 9 9 9 9 9 9 9 9 9 9 9 9 9 9 9 9 9 9 9 9]

cluster #0: 	sum elements:36  	min value: 14.3 	max value: 16.0 	mean: 15.1 	std deviation: 0.51 	median: 15.1
cluster #0 homoscedasticity given with ratio = 1.2656250000000042
cluster #1: 	sum elements:33  	min value: 1.8 	max value: 3.5 	mean: 2.7 	std deviation: 0.484 	median: 2.5
cluster #1 homoscedasticity given with ratio = 1.265625000000001
cluster #2: 	sum elements:37  	min value: 6.9 	max value: 8.6 	mean: 7.8 	std deviation: 0.507 	median: 7.9
cluster #2 homoscedasticity given with ratio = 1.2656249999999991
cluster #3: 	sum elements:28  	min value: 8.7 	max value: 10.4 	mean: 9.5 	std deviation: 0.556 	median: 9.55
cluster #3 homoscedasticity given with ratio = 1.2656249999999987
cluster #4: 	sum elements:40  	min value: 12.3 	max value: 14.0 	mean: 13.0 	std deviation: 0.508 	median: 12.9
cluster #4 homoscedasticity NOT given with ratio = 2.0408163265306163
cluster #5: 	sum elements:32  	min value: 3.7 	max value: 5.1 	mean: 4.4 	std deviation: 0.376 	median: 4.4
cluster #5 homoscedasticity given with ratio = 1.0000000000000027
cluster #6: 	sum elements:29  	min value: 10.6 	max value: 12.1 	mean: 11.5 	std deviation: 0.459 	median: 11.6
cluster #6 homoscedasticity NOT given with ratio = 2.250000000000004
cluster #7: 	sum elements:29  	min value: -2.6 	max value: -0.5 	mean: -1.5 	std deviation: 0.617 	median: -1.5
cluster #7 homoscedasticity given with ratio = 1.2100000000000002
cluster #8: 	sum elements:24  	min value: 5.3 	max value: 6.7 	mean: 5.9 	std deviation: 0.477 	median: 6.0
cluster #8 homoscedasticity NOT given with ratio = 1.7777777777777737
cluster #9: 	sum elements:42  	min value: -0.4 	max value: 1.5 	mean: 0.5 	std deviation: 0.543 	median: 0.5
cluster #9 homoscedasticity given with ratio = 1.2345679012345678
homoscedasticity given for 7 of 10 used clusters

number of elements: 330

built clusters:
cluster #7: -2.6 -- -0.5 (29)
cluster #9: -0.4 -- 1.5 (42)
cluster #1: 1.8 -- 3.5 (33)
cluster #5: 3.7 -- 5.1 (32)
cluster #8: 5.3 -- 6.7 (24)
cluster #2: 6.9 -- 8.6 (37)
cluster #3: 8.7 -- 10.4 (28)
cluster #6: 10.6 -- 12.1 (29)
cluster #4: 12.3 -- 14.0 (40)
cluster #0: 14.3 -- 16.0 (36)

score even distribution (SED) MAX: 1.34e+15
score even distribution (SED) MAX: 1335496313733120.0
SED number of digits: 16

number of used clusters (NUC) MAX: 1.0

sum variances (SV) MIN: 2.495245697666614
sum variances (SV) MIN: 2.50e+00
ratio between SED and sv digits MAX: 0
SUM: NUC(MAX): 1.0	 SED(MAX): 1.34e+15	 SV(MIN): 2.50e+00

Mean Silhouette Coefficient of all clusters MSC(MAX): 0.57
(best value is 1 and the worst value is -1. Values near 0 indicate overlapping clusters)

Davies-Bouldin score DB(MIN): 0.49
(The minimum score is zero, with lower values indicating better clustering.)


TRIAL: 5
***********


starting algorithm at: 10:04:49.731472
[1] "[R] success: found arguments for clusters and trim factor"
[1] "[R] clusters:"
[1] 10
[1] "[R] trim-factor:"
[1] 0.1
[1] "[R] script finished"
[ 6. 10.  7.  7.  6.  4.  4.  6.  3.  6.  3.  6.  3.  5.  3.  7.  7.  5.
  7.  2.  2. 10.  7.  5.  2.  2.  7.  7.  2.  7.  2.  5. 10.  7.  2. 10.
 10. 10.  2.  2.  5.  5.  3.  3.  3.  2.  5.  6.  7.  7.  2. 10.  3.  7.
  5.  3.  2.  2.  2.  2.  7.  7.  2.  2. 10.  5.  2. 10. 10. 10.  2. 10.
 10. 10.  2.  2. 10.  2.  2.  2. 10.  2.  3.  3.  3.  2.  7.  7.  2. 10.
 10. 10.  2.  2. 10. 10. 10.  7.  2.  7.  3.  3.  3.  2.  7.  6.  5.  5.
  5.  5.  5.  5. 10.  7.  7.  5.  5.  7.  5.  2.  6.  1.  6.  6.  3.  5.
  7.  5.  3.  5.  7.  7.  7.  7.  7.  7.  5.  5.  7.  2.  5.  7.  5.  7.
  2.  7.  7.  1.  1.  6.  1.  3.  8.  4.  6.  9.  8.  4.  6.  4.  4.  6.
  6.  4.  6.  4.  4.  4.  4.  6.  6.  6.  8.  4.  6.  8.  1.  1.  6.  1.
  0.  0.  1.  8.  9.  0.  9.  6.  6.  9.  9.  9.  6.  3.  9.  8.  9.  1.
  6.  1.  0.  9.  1.  8.  9.  9.  9.  1.  1.  9.  8.  9.  0.  9.  1.  3.
  5.  6.  1.  9.  1.  6.  6.  3.  6.  6.  9.  8.  4.  4.  9.  1.  6.  9.
  1.  9.  9.  1.  4.  8.  0.  9.  9.  4.  4.  0. 10.  9. 10.  8.  8.  0.
  8.  8.  0.  9.  8.  0.  0.  0.  9.  8.  0.  8.  0. 10.  0.  0.  0.  0.
  0.  9.  0.  0.  8.  1.  8.  0.  0.  1. 10.  8. 10. 10.  9.  9.  8.  8.
  1.  1.  0. 10. 10.  9.  8. 10.  8. 10.  0.  0. 10.  9.  9.  9.  4.  1.
  9.  8.  4.  4.  4.  0.  9. 10.  0.  0.  9.  3.  7.  6.  1.  9.  9.  1.
  6.  1.  8.  6.  8.  8.  8.  4.  2.  1.  8.  9.  4. 10.  2.  3.  5.  9.
  9.  9.  1.  6.  1.  4.  5.  3.  1.  1.  4.  6.  5.  3.  8.  8.  9.  8.
  6.  3.  6.  7.  7.  7.]
finishing algorithm at: 10:05:15.647391

running time of algorithm: 0:00:25.915919


frquencies result
[( 6,  8. ) (10, 14. ) ( 7, 13.7) ( 7, 13.3) ( 6,  7.6) ( 4,  6.2)
 ( 4,  6.1) ( 6,  8.3) ( 3,  8.8) ( 6,  8.4) ( 3,  9.1) ( 6,  8.5)
 ( 3, 10.1) ( 5, 12.1) ( 3, 10.1) ( 7, 12.4) ( 7, 13.8) ( 5, 11.7)
 ( 7, 12.4) ( 2, 15.6) ( 2, 15.3) (10, 16.4) ( 7, 12.8) ( 5, 12. )
 ( 2, 15.4) ( 2, 15.6) ( 7, 13.3) ( 7, 12.9) ( 2, 15.1) ( 7, 13.6)
 ( 2, 15.1) ( 5, 11.6) (10, 16.6) ( 7, 13.3) ( 2, 14.5) (10, 16.3)
 (10, 17.2) (10, 16.5) ( 2, 15. ) ( 2, 14.9) ( 5, 11.8) ( 5, 11.7)
 ( 3,  9.6) ( 3,  8.9) ( 3, 10.1) ( 2, 15.5) ( 5, 10.8) ( 6,  7.5)
 ( 7, 12.8) ( 7, 12.6) ( 2, 14.8) (10, 19.9) ( 3,  9.2) ( 7, 12.4)
 ( 5, 11.3) ( 3,  9.8) ( 2, 14.3) ( 2, 15.1) ( 2, 14.4) ( 2, 15.4)
 ( 7, 13.8) ( 7, 13.6) ( 2, 14.3) ( 2, 15.9) (10, 16.7) ( 5, 12.1)
 ( 2, 14.3) (10, 16.5) (10, 16.5) (10, 17.5) ( 2, 14.7) (10, 17.5)
 (10, 20.9) (10, 17. ) ( 2, 16. ) ( 2, 15.4) (10, 17.9) ( 2, 15.2)
 ( 2, 15.1) ( 2, 15.3) (10, 17.2) ( 2, 15.9) ( 3, 10. ) ( 3,  9.9)
 ( 3, 10.3) ( 2, 15.4) ( 7, 12.7) ( 7, 13.2) ( 2, 15.3) (10, 17.9)
 (10, 18. ) (10, 17.6) ( 2, 16. ) ( 2, 14.9) (10, 17.1) (10, 18.2)
 (10, 16.8) ( 7, 13.6) ( 2, 14.5) ( 7, 12.4) ( 3, 10.4) ( 3,  9.1)
 ( 3,  8.9) ( 2, 14.5) ( 7, 12.6) ( 6,  8.6) ( 5, 10.8) ( 5, 11.2)
 ( 5, 12.1) ( 5, 10.8) ( 5, 11.4) ( 5, 12. ) (10, 16.3) ( 7, 12.7)
 ( 7, 12.7) ( 5, 12. ) ( 5, 11.5) ( 7, 13. ) ( 5, 11.7) ( 2, 14.8)
 ( 6,  7.7) ( 1,  4.4) ( 6,  7.4) ( 6,  8.3) ( 3, 10.1) ( 5, 12. )
 ( 7, 12.9) ( 5, 10.8) ( 3,  9.5) ( 5, 12.1) ( 7, 12.5) ( 7, 13.9)
 ( 7, 13.3) ( 7, 13.2) ( 7, 12.3) ( 7, 13.8) ( 5, 11.3) ( 5, 11.7)
 ( 7, 12.5) ( 2, 15.1) ( 5, 11.5) ( 7, 13. ) ( 5, 11.6) ( 7, 12.8)
 ( 2, 15.5) ( 7, 13.1) ( 7, 12.6) ( 1,  4.4) ( 1,  4.4) ( 6,  7.1)
 ( 1,  4.2) ( 3,  9.6) ( 8,  3.5) ( 4,  5.3) ( 6,  7. ) ( 9,  0.4)
 ( 8,  3.2) ( 4,  5.9) ( 6,  8.1) ( 4,  6.9) ( 4,  5.6) ( 6,  7.2)
 ( 6,  7.1) ( 4,  6.1) ( 6,  7.1) ( 4,  5.6) ( 4,  5.4) ( 4,  6.3)
 ( 4,  5.3) ( 6,  7.9) ( 6,  8.4) ( 6,  8.1) ( 8,  2.4) ( 4,  5.6)
 ( 6,  7.5) ( 8,  2.5) ( 1,  5. ) ( 1,  3.8) ( 6,  7.9) ( 1,  4.3)
 ( 0, -2.1) ( 0, -1.8) ( 1,  3.8) ( 8,  2.1) ( 9,  0.5) ( 0, -0.9)
 ( 9,  0.4) ( 6,  7.5) ( 6,  8.3) ( 9, -0.2) ( 9,  0.1) ( 9,  1.5)
 ( 6,  8.3) ( 3,  9.4) ( 9,  1.3) ( 8,  2.2) ( 9, -0.4) ( 1,  4.5)
 ( 6,  7.9) ( 1,  4.3) ( 0, -2.7) ( 9,  0.3) ( 1,  3.8) ( 8,  2.4)
 ( 9,  1.2) ( 9,  1.2) ( 9, -0.3) ( 1,  4.7) ( 1,  4.9) ( 9,  1.4)
 ( 8,  2.2) ( 9, -0.1) ( 0, -0.9) ( 9,  0.6) ( 1,  4.6) ( 3,  9.8)
 ( 5, 10.6) ( 6,  7.8) ( 1,  4.4) ( 9, -0.2) ( 1,  4.3) ( 6,  7.4)
 ( 6,  8.6) ( 3, 10.2) ( 6,  7.3) ( 6,  8.7) ( 9,  1. ) ( 8,  2.1)
 ( 4,  6.4) ( 4,  5.4) ( 9,  0.4) ( 1,  4. ) ( 6,  8.4) ( 9,  0.4)
 ( 1,  4.2) ( 9,  0.9) ( 9,  0.8) ( 1,  4.3) ( 4,  6.3) ( 8,  3.5)
 ( 0, -1.5) ( 9,  1.2) ( 9,  0.5) ( 4,  5.3) ( 4,  6.6) ( 0, -1.6)
 (10, -3.1) ( 9, -0.1) (10, -0.6) ( 8,  3. ) ( 8,  2.9) ( 0, -1.3)
 ( 8,  1.8) ( 8,  2.9) ( 0, -2.6) ( 9,  0.5) ( 8,  2.7) ( 0, -1.7)
 ( 0, -0.9) ( 0, -1.8) ( 9,  1.3) ( 8,  2.4) ( 0, -1.1) ( 8,  2.3)
 ( 0, -2.2) (10, -3.5) ( 0, -1. ) ( 0, -2.1) ( 0, -2. ) ( 0, -2.3)
 ( 0, -1.6) ( 9,  0.8) ( 0, -2.8) ( 0, -2.8) ( 8,  3. ) ( 1,  4.4)
 ( 8,  2.3) ( 0, -2. ) ( 0, -1.9) ( 1,  4.8) (10, -0.6) ( 8,  3.1)
 (10, -2.9) (10, -3.5) ( 9, -0.3) ( 9,  0.1) ( 8,  2.3) ( 8,  2.1)
 ( 1,  4.6) ( 1,  3.7) ( 0, -1.3) (10, -3.4) (10, -5.3) ( 9,  0. )
 ( 8,  2.4) (10, -0.6) ( 8,  2.3) (10, -3.7) ( 0, -0.9) ( 0, -1.5)
 (10, -3.3) ( 9, -0.1) ( 9, -0.2) ( 9,  0.5) ( 4,  6.1) ( 1,  4.1)
 ( 9,  0.1) ( 8,  3.2) ( 4,  5.4) ( 4,  5.8) ( 4,  6.3) ( 0, -0.9)
 ( 9,  0.2) (10, -3.7) ( 0, -2.7) ( 0, -2.5) ( 9, -0.5) ( 3,  9. )
 ( 7, 13.1) ( 6,  8.7) ( 1,  3.9) ( 9,  0.7) ( 9,  1.1) ( 1,  5.1)
 ( 6,  7.5) ( 1,  4.7) ( 8,  3.2) ( 6,  7.8) ( 8,  2.4) ( 8,  3.2)
 ( 8,  2.5) ( 4,  6.5) ( 2, 14.4) ( 1,  4.9) ( 8,  2.3) ( 9,  1.4)
 ( 4,  5.6) (10, 16.8) ( 2, 14.4) ( 3, 10.3) ( 5, 11.2) ( 9,  0.3)
 ( 9,  0.5) ( 9,  0.5) ( 1,  4.6) ( 6,  8.2) ( 1,  4.5) ( 4,  6.7)
 ( 5, 11.9) ( 3,  9.2) ( 1,  4.4) ( 1,  5. ) ( 4,  6.7) ( 6,  8.3)
 ( 5, 11.3) ( 3,  9. ) ( 8,  3.4) ( 8,  3.2) ( 9,  0.9) ( 8,  3.3)
 ( 6,  7.9) ( 3,  9. ) ( 6,  7.1) ( 7, 12.5) ( 7, 12.5) ( 7, 12.3)]

36 determined outlier frequencies:
[14.  16.4 16.6 16.3 17.2 16.5 19.9 16.7 16.5 16.5 17.5 17.5 20.9 17.
 17.9 17.2 17.9 18.  17.6 17.1 18.2 16.8 16.3 -3.1 -0.6 -3.5 -0.6 -2.9
 -3.5 -3.4 -5.3 -0.6 -3.7 -3.3 -3.7 16.8]
analyze method without outliers


analyzing the results:
number of max cluster size: 10
number of actually used clusters: 10
min value of all elements: -2.8
max value of all elements: 16.0
mean of all elements: 6.909393939393939
median of all elements: 7.1
standard deviation of all elements: 5.377275664505632
variance of all elements: 28.915093572084483
distribution of all clusters: [0 0 0 0 0 0 0 0 0 0 0 0 0 0 0 0 0 0 0 0 0 0 0 0 0 0 0 0 0 1 1 1 1 1 1 1 1
 1 1 1 1 1 1 1 1 1 1 1 1 1 1 1 1 1 1 1 1 1 1 1 1 2 2 2 2 2 2 2 2 2 2 2 2 2
 2 2 2 2 2 2 2 2 2 2 2 2 2 2 2 2 2 2 2 2 2 2 2 3 3 3 3 3 3 3 3 3 3 3 3 3 3
 3 3 3 3 3 3 3 3 3 3 3 3 4 4 4 4 4 4 4 4 4 4 4 4 4 4 4 4 4 4 4 4 4 4 4 4 4
 5 5 5 5 5 5 5 5 5 5 5 5 5 5 5 5 5 5 5 5 5 5 5 5 5 5 5 5 5 6 6 6 6 6 6 6 6
 6 6 6 6 6 6 6 6 6 6 6 6 6 6 6 6 6 6 6 6 6 6 6 6 6 6 6 6 6 6 7 7 7 7 7 7 7
 7 7 7 7 7 7 7 7 7 7 7 7 7 7 7 7 7 7 7 7 7 7 7 7 7 7 7 7 7 7 7 7 8 8 8 8 8
 8 8 8 8 8 8 8 8 8 8 8 8 8 8 8 8 8 8 8 8 8 8 8 8 8 8 8 8 9 9 9 9 9 9 9 9 9
 9 9 9 9 9 9 9 9 9 9 9 9 9 9 9 9 9 9 9 9 9 9 9 9 9 9 9 9 9 9 9 9 9 9]

cluster #0: 	sum elements:29  	min value: -2.8 	max value: -0.9 	mean: -1.8 	std deviation: 0.637 	median: -1.8
cluster #0 homoscedasticity given with ratio = 1.2345679012345672
cluster #1: 	sum elements:32  	min value: 3.7 	max value: 5.1 	mean: 4.4 	std deviation: 0.376 	median: 4.4
cluster #1 homoscedasticity given with ratio = 1.0000000000000027
cluster #2: 	sum elements:36  	min value: 14.3 	max value: 16.0 	mean: 15.1 	std deviation: 0.51 	median: 15.1
cluster #2 homoscedasticity given with ratio = 1.2656250000000042
cluster #3: 	sum elements:26  	min value: 8.8 	max value: 10.4 	mean: 9.6 	std deviation: 0.525 	median: 9.6
cluster #3 homoscedasticity given with ratio = 1.0000000000000044
cluster #4: 	sum elements:25  	min value: 5.3 	max value: 6.9 	mean: 6.0 	std deviation: 0.505 	median: 6.1
cluster #4 homoscedasticity NOT given with ratio = 1.6530612244897962
cluster #5: 	sum elements:29  	min value: 10.6 	max value: 12.1 	mean: 11.5 	std deviation: 0.459 	median: 11.6
cluster #5 homoscedasticity NOT given with ratio = 2.250000000000004
cluster #6: 	sum elements:38  	min value: 7.0 	max value: 8.7 	mean: 7.9 	std deviation: 0.516 	median: 7.9
cluster #6 homoscedasticity given with ratio = 1.2656250000000042
cluster #7: 	sum elements:39  	min value: 12.3 	max value: 13.9 	mean: 13.0 	std deviation: 0.488 	median: 12.9
cluster #7 homoscedasticity NOT given with ratio = 1.6530612244898006
cluster #8: 	sum elements:33  	min value: 1.8 	max value: 3.5 	mean: 2.7 	std deviation: 0.484 	median: 2.5
cluster #8 homoscedasticity given with ratio = 1.265625000000001
cluster #9: 	sum elements:43  	min value: -0.5 	max value: 1.5 	mean: 0.5 	std deviation: 0.558 	median: 0.5
cluster #9 homoscedasticity given with ratio = 0
homoscedasticity given for 7 of 10 used clusters

number of elements: 330

built clusters:
cluster #0: -2.8 -- -0.9 (29)
cluster #9: -0.5 -- 1.5 (43)
cluster #8: 1.8 -- 3.5 (33)
cluster #1: 3.7 -- 5.1 (32)
cluster #4: 5.3 -- 6.9 (25)
cluster #6: 7.0 -- 8.7 (38)
cluster #3: 8.8 -- 10.4 (26)
cluster #5: 10.6 -- 12.1 (29)
cluster #7: 12.3 -- 13.9 (39)
cluster #2: 14.3 -- 16.0 (36)

score even distribution (SED) MAX: 1.32e+15
score even distribution (SED) MAX: 1324318453286400.0
SED number of digits: 16

number of used clusters (NUC) MAX: 1.0

sum variances (SV) MIN: 2.5170158476243296
sum variances (SV) MIN: 2.52e+00
ratio between SED and sv digits MAX: 0
SUM: NUC(MAX): 1.0	 SED(MAX): 1.32e+15	 SV(MIN): 2.52e+00

Mean Silhouette Coefficient of all clusters MSC(MAX): 0.58
(best value is 1 and the worst value is -1. Values near 0 indicate overlapping clusters)

Davies-Bouldin score DB(MIN): 0.48
(The minimum score is zero, with lower values indicating better clustering.)


TRIAL: 6
***********


starting algorithm at: 10:05:15.666897
[1] "[R] success: found arguments for clusters and trim factor"
[1] "[R] clusters:"
[1] 10
[1] "[R] trim-factor:"
[1] 0.1
[1] "[R] script finished"
[ 4.  6.  6.  6.  4.  7.  7.  4.  8.  4.  8.  4.  8.  5.  8.  6.  6.  5.
  6.  9.  9. 10.  6.  5.  9.  9.  6.  6.  9.  6.  9.  5. 10.  6.  9. 10.
 10. 10.  9.  9.  5.  5.  8.  8.  8.  9.  5.  4.  6.  6.  9. 10.  8.  6.
  5.  8.  9.  9.  9.  9.  6.  6.  9.  9. 10.  5.  9. 10. 10. 10.  9. 10.
 10. 10.  9.  9. 10.  9.  9.  9. 10.  9.  8.  8.  8.  9.  6.  6.  9. 10.
 10. 10.  9.  9. 10. 10. 10.  6.  9.  6.  8.  8.  8.  9.  6.  4.  5.  5.
  5.  5.  5.  5. 10.  6.  6.  5.  5.  6.  5.  9.  4.  1.  4.  4.  8.  5.
  6.  5.  8.  5.  6.  6.  6.  6.  6.  6.  5.  5.  6.  9.  5.  6.  5.  6.
  9.  6.  6.  1.  1.  4.  1.  8.  1.  7.  4.  2.  0.  7.  4.  4.  7.  4.
  4.  7.  4.  7.  7.  7.  7.  4.  4.  4.  0.  7.  4.  0.  1.  1.  4.  1.
  3.  3.  1.  0.  2.  3.  2.  4.  4.  2.  2.  2.  4.  8.  2.  0.  2.  1.
  4.  1. 10.  2.  1.  0.  2.  2.  2.  1.  1.  2.  0.  2.  3.  2.  1.  8.
  5.  4.  1.  2.  1.  4.  4.  8.  4.  8.  2.  0.  7.  7.  2.  1.  4.  2.
  1.  2.  2.  1.  7.  1.  3.  2.  2.  7.  7.  3. 10.  2.  3.  0.  0.  3.
  0.  0.  3.  2.  0.  3.  3.  3.  2.  0.  3.  0.  3. 10.  3.  3.  3.  3.
  3.  2. 10. 10.  0.  1.  0.  3.  3.  1.  3.  0. 10. 10.  2.  2.  0.  0.
  1.  1.  3. 10. 10.  2.  0.  3.  0. 10.  3.  3. 10.  2.  2.  2.  7.  1.
  2.  0.  7.  7.  7.  3.  2. 10. 10.  3.  3.  8.  6.  8.  1.  2.  2.  1.
  4.  1.  0.  4.  0.  0.  0.  7.  9.  1.  0.  2.  7. 10.  9.  8.  5.  2.
  2.  2.  1.  4.  1.  7.  5.  8.  1.  1.  7.  4.  5.  8.  0.  0.  2.  0.
  4.  8.  4.  6.  6.  6.]
finishing algorithm at: 10:05:41.808203

running time of algorithm: 0:00:26.141306


frquencies result
[( 4,  8. ) ( 6, 14. ) ( 6, 13.7) ( 6, 13.3) ( 4,  7.6) ( 7,  6.2)
 ( 7,  6.1) ( 4,  8.3) ( 8,  8.8) ( 4,  8.4) ( 8,  9.1) ( 4,  8.5)
 ( 8, 10.1) ( 5, 12.1) ( 8, 10.1) ( 6, 12.4) ( 6, 13.8) ( 5, 11.7)
 ( 6, 12.4) ( 9, 15.6) ( 9, 15.3) (10, 16.4) ( 6, 12.8) ( 5, 12. )
 ( 9, 15.4) ( 9, 15.6) ( 6, 13.3) ( 6, 12.9) ( 9, 15.1) ( 6, 13.6)
 ( 9, 15.1) ( 5, 11.6) (10, 16.6) ( 6, 13.3) ( 9, 14.5) (10, 16.3)
 (10, 17.2) (10, 16.5) ( 9, 15. ) ( 9, 14.9) ( 5, 11.8) ( 5, 11.7)
 ( 8,  9.6) ( 8,  8.9) ( 8, 10.1) ( 9, 15.5) ( 5, 10.8) ( 4,  7.5)
 ( 6, 12.8) ( 6, 12.6) ( 9, 14.8) (10, 19.9) ( 8,  9.2) ( 6, 12.4)
 ( 5, 11.3) ( 8,  9.8) ( 9, 14.3) ( 9, 15.1) ( 9, 14.4) ( 9, 15.4)
 ( 6, 13.8) ( 6, 13.6) ( 9, 14.3) ( 9, 15.9) (10, 16.7) ( 5, 12.1)
 ( 9, 14.3) (10, 16.5) (10, 16.5) (10, 17.5) ( 9, 14.7) (10, 17.5)
 (10, 20.9) (10, 17. ) ( 9, 16. ) ( 9, 15.4) (10, 17.9) ( 9, 15.2)
 ( 9, 15.1) ( 9, 15.3) (10, 17.2) ( 9, 15.9) ( 8, 10. ) ( 8,  9.9)
 ( 8, 10.3) ( 9, 15.4) ( 6, 12.7) ( 6, 13.2) ( 9, 15.3) (10, 17.9)
 (10, 18. ) (10, 17.6) ( 9, 16. ) ( 9, 14.9) (10, 17.1) (10, 18.2)
 (10, 16.8) ( 6, 13.6) ( 9, 14.5) ( 6, 12.4) ( 8, 10.4) ( 8,  9.1)
 ( 8,  8.9) ( 9, 14.5) ( 6, 12.6) ( 4,  8.6) ( 5, 10.8) ( 5, 11.2)
 ( 5, 12.1) ( 5, 10.8) ( 5, 11.4) ( 5, 12. ) (10, 16.3) ( 6, 12.7)
 ( 6, 12.7) ( 5, 12. ) ( 5, 11.5) ( 6, 13. ) ( 5, 11.7) ( 9, 14.8)
 ( 4,  7.7) ( 1,  4.4) ( 4,  7.4) ( 4,  8.3) ( 8, 10.1) ( 5, 12. )
 ( 6, 12.9) ( 5, 10.8) ( 8,  9.5) ( 5, 12.1) ( 6, 12.5) ( 6, 13.9)
 ( 6, 13.3) ( 6, 13.2) ( 6, 12.3) ( 6, 13.8) ( 5, 11.3) ( 5, 11.7)
 ( 6, 12.5) ( 9, 15.1) ( 5, 11.5) ( 6, 13. ) ( 5, 11.6) ( 6, 12.8)
 ( 9, 15.5) ( 6, 13.1) ( 6, 12.6) ( 1,  4.4) ( 1,  4.4) ( 4,  7.1)
 ( 1,  4.2) ( 8,  9.6) ( 1,  3.5) ( 7,  5.3) ( 4,  7. ) ( 2,  0.4)
 ( 0,  3.2) ( 7,  5.9) ( 4,  8.1) ( 4,  6.9) ( 7,  5.6) ( 4,  7.2)
 ( 4,  7.1) ( 7,  6.1) ( 4,  7.1) ( 7,  5.6) ( 7,  5.4) ( 7,  6.3)
 ( 7,  5.3) ( 4,  7.9) ( 4,  8.4) ( 4,  8.1) ( 0,  2.4) ( 7,  5.6)
 ( 4,  7.5) ( 0,  2.5) ( 1,  5. ) ( 1,  3.8) ( 4,  7.9) ( 1,  4.3)
 ( 3, -2.1) ( 3, -1.8) ( 1,  3.8) ( 0,  2.1) ( 2,  0.5) ( 3, -0.9)
 ( 2,  0.4) ( 4,  7.5) ( 4,  8.3) ( 2, -0.2) ( 2,  0.1) ( 2,  1.5)
 ( 4,  8.3) ( 8,  9.4) ( 2,  1.3) ( 0,  2.2) ( 2, -0.4) ( 1,  4.5)
 ( 4,  7.9) ( 1,  4.3) (10, -2.7) ( 2,  0.3) ( 1,  3.8) ( 0,  2.4)
 ( 2,  1.2) ( 2,  1.2) ( 2, -0.3) ( 1,  4.7) ( 1,  4.9) ( 2,  1.4)
 ( 0,  2.2) ( 2, -0.1) ( 3, -0.9) ( 2,  0.6) ( 1,  4.6) ( 8,  9.8)
 ( 5, 10.6) ( 4,  7.8) ( 1,  4.4) ( 2, -0.2) ( 1,  4.3) ( 4,  7.4)
 ( 4,  8.6) ( 8, 10.2) ( 4,  7.3) ( 8,  8.7) ( 2,  1. ) ( 0,  2.1)
 ( 7,  6.4) ( 7,  5.4) ( 2,  0.4) ( 1,  4. ) ( 4,  8.4) ( 2,  0.4)
 ( 1,  4.2) ( 2,  0.9) ( 2,  0.8) ( 1,  4.3) ( 7,  6.3) ( 1,  3.5)
 ( 3, -1.5) ( 2,  1.2) ( 2,  0.5) ( 7,  5.3) ( 7,  6.6) ( 3, -1.6)
 (10, -3.1) ( 2, -0.1) ( 3, -0.6) ( 0,  3. ) ( 0,  2.9) ( 3, -1.3)
 ( 0,  1.8) ( 0,  2.9) ( 3, -2.6) ( 2,  0.5) ( 0,  2.7) ( 3, -1.7)
 ( 3, -0.9) ( 3, -1.8) ( 2,  1.3) ( 0,  2.4) ( 3, -1.1) ( 0,  2.3)
 ( 3, -2.2) (10, -3.5) ( 3, -1. ) ( 3, -2.1) ( 3, -2. ) ( 3, -2.3)
 ( 3, -1.6) ( 2,  0.8) (10, -2.8) (10, -2.8) ( 0,  3. ) ( 1,  4.4)
 ( 0,  2.3) ( 3, -2. ) ( 3, -1.9) ( 1,  4.8) ( 3, -0.6) ( 0,  3.1)
 (10, -2.9) (10, -3.5) ( 2, -0.3) ( 2,  0.1) ( 0,  2.3) ( 0,  2.1)
 ( 1,  4.6) ( 1,  3.7) ( 3, -1.3) (10, -3.4) (10, -5.3) ( 2,  0. )
 ( 0,  2.4) ( 3, -0.6) ( 0,  2.3) (10, -3.7) ( 3, -0.9) ( 3, -1.5)
 (10, -3.3) ( 2, -0.1) ( 2, -0.2) ( 2,  0.5) ( 7,  6.1) ( 1,  4.1)
 ( 2,  0.1) ( 0,  3.2) ( 7,  5.4) ( 7,  5.8) ( 7,  6.3) ( 3, -0.9)
 ( 2,  0.2) (10, -3.7) (10, -2.7) ( 3, -2.5) ( 3, -0.5) ( 8,  9. )
 ( 6, 13.1) ( 8,  8.7) ( 1,  3.9) ( 2,  0.7) ( 2,  1.1) ( 1,  5.1)
 ( 4,  7.5) ( 1,  4.7) ( 0,  3.2) ( 4,  7.8) ( 0,  2.4) ( 0,  3.2)
 ( 0,  2.5) ( 7,  6.5) ( 9, 14.4) ( 1,  4.9) ( 0,  2.3) ( 2,  1.4)
 ( 7,  5.6) (10, 16.8) ( 9, 14.4) ( 8, 10.3) ( 5, 11.2) ( 2,  0.3)
 ( 2,  0.5) ( 2,  0.5) ( 1,  4.6) ( 4,  8.2) ( 1,  4.5) ( 7,  6.7)
 ( 5, 11.9) ( 8,  9.2) ( 1,  4.4) ( 1,  5. ) ( 7,  6.7) ( 4,  8.3)
 ( 5, 11.3) ( 8,  9. ) ( 0,  3.4) ( 0,  3.2) ( 2,  0.9) ( 0,  3.3)
 ( 4,  7.9) ( 8,  9. ) ( 4,  7.1) ( 6, 12.5) ( 6, 12.5) ( 6, 12.3)]

36 determined outlier frequencies:
[16.4 16.6 16.3 17.2 16.5 19.9 16.7 16.5 16.5 17.5 17.5 20.9 17.  17.9
 17.2 17.9 18.  17.6 17.1 18.2 16.8 16.3 -2.7 -3.1 -3.5 -2.8 -2.8 -2.9
 -3.5 -3.4 -5.3 -3.7 -3.3 -3.7 -2.7 16.8]
analyze method without outliers


analyzing the results:
number of max cluster size: 10
number of actually used clusters: 10
min value of all elements: -2.6
max value of all elements: 16.0
mean of all elements: 6.9796969696969695
median of all elements: 7.1
standard deviation of all elements: 5.333306998901927
variance of all elements: 28.444163544536273
distribution of all clusters: [0 0 0 0 0 0 0 0 0 0 0 0 0 0 0 0 0 0 0 0 0 0 0 0 0 0 0 0 0 0 0 1 1 1 1 1 1
 1 1 1 1 1 1 1 1 1 1 1 1 1 1 1 1 1 1 1 1 1 1 1 1 1 1 1 1 2 2 2 2 2 2 2 2 2
 2 2 2 2 2 2 2 2 2 2 2 2 2 2 2 2 2 2 2 2 2 2 2 2 2 2 2 2 2 2 2 2 2 3 3 3 3
 3 3 3 3 3 3 3 3 3 3 3 3 3 3 3 3 3 3 3 3 3 3 3 3 3 4 4 4 4 4 4 4 4 4 4 4 4
 4 4 4 4 4 4 4 4 4 4 4 4 4 4 4 4 4 4 4 4 4 4 4 4 4 5 5 5 5 5 5 5 5 5 5 5 5
 5 5 5 5 5 5 5 5 5 5 5 5 5 5 5 5 5 6 6 6 6 6 6 6 6 6 6 6 6 6 6 6 6 6 6 6 6
 6 6 6 6 6 6 6 6 6 6 6 6 6 6 6 6 6 6 6 6 7 7 7 7 7 7 7 7 7 7 7 7 7 7 7 7 7
 7 7 7 7 7 7 7 8 8 8 8 8 8 8 8 8 8 8 8 8 8 8 8 8 8 8 8 8 8 8 8 8 8 8 8 9 9
 9 9 9 9 9 9 9 9 9 9 9 9 9 9 9 9 9 9 9 9 9 9 9 9 9 9 9 9 9 9 9 9 9 9]

cluster #0: 	sum elements:31  	min value: 1.8 	max value: 3.4 	mean: 2.6 	std deviation: 0.449 	median: 2.4
cluster #0 homoscedasticity given with ratio = 1.0000000000000007
cluster #1: 	sum elements:34  	min value: 3.5 	max value: 5.1 	mean: 4.4 	std deviation: 0.424 	median: 4.4
cluster #1 homoscedasticity NOT given with ratio = 1.6530612244898006
cluster #2: 	sum elements:42  	min value: -0.4 	max value: 1.5 	mean: 0.5 	std deviation: 0.543 	median: 0.5
cluster #2 homoscedasticity given with ratio = 1.2345679012345678
cluster #3: 	sum elements:29  	min value: -2.6 	max value: -0.5 	mean: -1.5 	std deviation: 0.617 	median: -1.5
cluster #3 homoscedasticity given with ratio = 1.2100000000000002
cluster #4: 	sum elements:37  	min value: 6.9 	max value: 8.6 	mean: 7.8 	std deviation: 0.507 	median: 7.9
cluster #4 homoscedasticity given with ratio = 1.2656249999999991
cluster #5: 	sum elements:29  	min value: 10.6 	max value: 12.1 	mean: 11.5 	std deviation: 0.459 	median: 11.6
cluster #5 homoscedasticity NOT given with ratio = 2.250000000000004
cluster #6: 	sum elements:40  	min value: 12.3 	max value: 14.0 	mean: 13.0 	std deviation: 0.508 	median: 12.9
cluster #6 homoscedasticity NOT given with ratio = 2.0408163265306163
cluster #7: 	sum elements:24  	min value: 5.3 	max value: 6.7 	mean: 5.9 	std deviation: 0.477 	median: 6.0
cluster #7 homoscedasticity NOT given with ratio = 1.7777777777777737
cluster #8: 	sum elements:28  	min value: 8.7 	max value: 10.4 	mean: 9.5 	std deviation: 0.556 	median: 9.55
cluster #8 homoscedasticity given with ratio = 1.2656249999999987
cluster #9: 	sum elements:36  	min value: 14.3 	max value: 16.0 	mean: 15.1 	std deviation: 0.51 	median: 15.1
cluster #9 homoscedasticity given with ratio = 1.2656250000000042
homoscedasticity given for 6 of 10 used clusters

number of elements: 330

built clusters:
cluster #3: -2.6 -- -0.5 (29)
cluster #2: -0.4 -- 1.5 (42)
cluster #0: 1.8 -- 3.4 (31)
cluster #1: 3.5 -- 5.1 (34)
cluster #7: 5.3 -- 6.7 (24)
cluster #4: 6.9 -- 8.6 (37)
cluster #8: 8.7 -- 10.4 (28)
cluster #5: 10.6 -- 12.1 (29)
cluster #6: 12.3 -- 14.0 (40)
cluster #9: 14.3 -- 16.0 (36)

score even distribution (SED) MAX: 1.33e+15
score even distribution (SED) MAX: 1332966964654080.0
SED number of digits: 16

number of used clusters (NUC) MAX: 1.0

sum variances (SV) MIN: 2.500671288861301
sum variances (SV) MIN: 2.50e+00
ratio between SED and sv digits MAX: 0
SUM: NUC(MAX): 1.0	 SED(MAX): 1.33e+15	 SV(MIN): 2.50e+00

Mean Silhouette Coefficient of all clusters MSC(MAX): 0.57
(best value is 1 and the worst value is -1. Values near 0 indicate overlapping clusters)

Davies-Bouldin score DB(MIN): 0.49
(The minimum score is zero, with lower values indicating better clustering.)


TRIAL: 7
***********


starting algorithm at: 10:05:41.827473
[1] "[R] success: found arguments for clusters and trim factor"
[1] "[R] clusters:"
[1] 10
[1] "[R] trim-factor:"
[1] 0.1
[1] "[R] script finished"
[ 5.  9.  9.  9.  5.  7.  7.  5.  0.  5.  0.  5.  0.  3.  0.  9.  9.  3.
  9.  2.  2. 10.  9.  3.  2.  2.  9.  9.  2.  9.  2.  3. 10.  9.  2. 10.
 10. 10.  2.  2.  3.  3.  0.  0.  0.  2.  3.  5.  9.  9.  2. 10.  0.  9.
  3.  0.  2.  2.  2.  2.  9.  9.  2.  2. 10.  3.  2. 10. 10. 10.  2. 10.
 10. 10.  2.  2. 10.  2.  2.  2. 10.  2.  0.  0.  0.  2.  9.  9.  2. 10.
 10. 10.  2.  2. 10. 10. 10.  9.  2.  9.  0.  0.  0.  2.  9.  5.  3.  3.
  3.  3.  3.  3. 10.  9.  9.  3.  3.  9.  3.  2.  5.  4.  5.  5.  0.  3.
  9.  3.  0.  3.  9.  9.  9.  9.  9.  9.  3.  3.  9.  2.  3.  9.  3.  9.
  2.  9.  9.  4.  4.  5.  4.  0.  6.  7.  5.  1.  6.  7.  5.  5.  7.  5.
  5.  7.  5.  7.  7.  7.  7.  5.  5.  5.  6.  7.  5.  6.  4.  4.  5.  4.
  8.  8.  4.  6.  1.  8.  1.  5.  5.  1.  1.  1.  5.  0.  1.  6.  1.  4.
  5.  4. 10.  1.  4.  6.  1.  1.  1.  4.  4.  1.  6.  1.  8.  1.  4.  0.
  3.  5.  4.  1.  4.  5.  5.  0.  5.  0.  1.  6.  7.  7.  1.  4.  5.  1.
  4.  1.  1.  4.  7.  6.  8.  1.  1.  7.  7.  8. 10.  1.  8.  6.  6.  8.
  6.  6.  8.  1.  6.  8.  8.  8.  1.  6.  8.  6.  8. 10.  8.  8.  8.  8.
  8.  1. 10. 10.  6.  4.  6.  8.  8.  4.  8.  6. 10. 10.  1.  1.  6.  6.
  4.  4.  8. 10. 10.  1.  6.  8.  6. 10.  8.  8. 10.  1.  1.  1.  7.  4.
  1.  6.  7.  7.  7.  8.  1. 10. 10.  8.  1.  0.  9.  0.  4.  1.  1.  4.
  5.  4.  6.  5.  6.  6.  6.  7.  2.  4.  6.  1.  7. 10.  2.  0.  3.  1.
  1.  1.  4.  5.  4.  7.  3.  0.  4.  4.  7.  5.  3.  0.  6.  6.  1.  6.
  5.  0.  5.  9.  9.  9.]
finishing algorithm at: 10:06:06.520629

running time of algorithm: 0:00:24.693156


frquencies result
[( 5,  8. ) ( 9, 14. ) ( 9, 13.7) ( 9, 13.3) ( 5,  7.6) ( 7,  6.2)
 ( 7,  6.1) ( 5,  8.3) ( 0,  8.8) ( 5,  8.4) ( 0,  9.1) ( 5,  8.5)
 ( 0, 10.1) ( 3, 12.1) ( 0, 10.1) ( 9, 12.4) ( 9, 13.8) ( 3, 11.7)
 ( 9, 12.4) ( 2, 15.6) ( 2, 15.3) (10, 16.4) ( 9, 12.8) ( 3, 12. )
 ( 2, 15.4) ( 2, 15.6) ( 9, 13.3) ( 9, 12.9) ( 2, 15.1) ( 9, 13.6)
 ( 2, 15.1) ( 3, 11.6) (10, 16.6) ( 9, 13.3) ( 2, 14.5) (10, 16.3)
 (10, 17.2) (10, 16.5) ( 2, 15. ) ( 2, 14.9) ( 3, 11.8) ( 3, 11.7)
 ( 0,  9.6) ( 0,  8.9) ( 0, 10.1) ( 2, 15.5) ( 3, 10.8) ( 5,  7.5)
 ( 9, 12.8) ( 9, 12.6) ( 2, 14.8) (10, 19.9) ( 0,  9.2) ( 9, 12.4)
 ( 3, 11.3) ( 0,  9.8) ( 2, 14.3) ( 2, 15.1) ( 2, 14.4) ( 2, 15.4)
 ( 9, 13.8) ( 9, 13.6) ( 2, 14.3) ( 2, 15.9) (10, 16.7) ( 3, 12.1)
 ( 2, 14.3) (10, 16.5) (10, 16.5) (10, 17.5) ( 2, 14.7) (10, 17.5)
 (10, 20.9) (10, 17. ) ( 2, 16. ) ( 2, 15.4) (10, 17.9) ( 2, 15.2)
 ( 2, 15.1) ( 2, 15.3) (10, 17.2) ( 2, 15.9) ( 0, 10. ) ( 0,  9.9)
 ( 0, 10.3) ( 2, 15.4) ( 9, 12.7) ( 9, 13.2) ( 2, 15.3) (10, 17.9)
 (10, 18. ) (10, 17.6) ( 2, 16. ) ( 2, 14.9) (10, 17.1) (10, 18.2)
 (10, 16.8) ( 9, 13.6) ( 2, 14.5) ( 9, 12.4) ( 0, 10.4) ( 0,  9.1)
 ( 0,  8.9) ( 2, 14.5) ( 9, 12.6) ( 5,  8.6) ( 3, 10.8) ( 3, 11.2)
 ( 3, 12.1) ( 3, 10.8) ( 3, 11.4) ( 3, 12. ) (10, 16.3) ( 9, 12.7)
 ( 9, 12.7) ( 3, 12. ) ( 3, 11.5) ( 9, 13. ) ( 3, 11.7) ( 2, 14.8)
 ( 5,  7.7) ( 4,  4.4) ( 5,  7.4) ( 5,  8.3) ( 0, 10.1) ( 3, 12. )
 ( 9, 12.9) ( 3, 10.8) ( 0,  9.5) ( 3, 12.1) ( 9, 12.5) ( 9, 13.9)
 ( 9, 13.3) ( 9, 13.2) ( 9, 12.3) ( 9, 13.8) ( 3, 11.3) ( 3, 11.7)
 ( 9, 12.5) ( 2, 15.1) ( 3, 11.5) ( 9, 13. ) ( 3, 11.6) ( 9, 12.8)
 ( 2, 15.5) ( 9, 13.1) ( 9, 12.6) ( 4,  4.4) ( 4,  4.4) ( 5,  7.1)
 ( 4,  4.2) ( 0,  9.6) ( 6,  3.5) ( 7,  5.3) ( 5,  7. ) ( 1,  0.4)
 ( 6,  3.2) ( 7,  5.9) ( 5,  8.1) ( 5,  6.9) ( 7,  5.6) ( 5,  7.2)
 ( 5,  7.1) ( 7,  6.1) ( 5,  7.1) ( 7,  5.6) ( 7,  5.4) ( 7,  6.3)
 ( 7,  5.3) ( 5,  7.9) ( 5,  8.4) ( 5,  8.1) ( 6,  2.4) ( 7,  5.6)
 ( 5,  7.5) ( 6,  2.5) ( 4,  5. ) ( 4,  3.8) ( 5,  7.9) ( 4,  4.3)
 ( 8, -2.1) ( 8, -1.8) ( 4,  3.8) ( 6,  2.1) ( 1,  0.5) ( 8, -0.9)
 ( 1,  0.4) ( 5,  7.5) ( 5,  8.3) ( 1, -0.2) ( 1,  0.1) ( 1,  1.5)
 ( 5,  8.3) ( 0,  9.4) ( 1,  1.3) ( 6,  2.2) ( 1, -0.4) ( 4,  4.5)
 ( 5,  7.9) ( 4,  4.3) (10, -2.7) ( 1,  0.3) ( 4,  3.8) ( 6,  2.4)
 ( 1,  1.2) ( 1,  1.2) ( 1, -0.3) ( 4,  4.7) ( 4,  4.9) ( 1,  1.4)
 ( 6,  2.2) ( 1, -0.1) ( 8, -0.9) ( 1,  0.6) ( 4,  4.6) ( 0,  9.8)
 ( 3, 10.6) ( 5,  7.8) ( 4,  4.4) ( 1, -0.2) ( 4,  4.3) ( 5,  7.4)
 ( 5,  8.6) ( 0, 10.2) ( 5,  7.3) ( 0,  8.7) ( 1,  1. ) ( 6,  2.1)
 ( 7,  6.4) ( 7,  5.4) ( 1,  0.4) ( 4,  4. ) ( 5,  8.4) ( 1,  0.4)
 ( 4,  4.2) ( 1,  0.9) ( 1,  0.8) ( 4,  4.3) ( 7,  6.3) ( 6,  3.5)
 ( 8, -1.5) ( 1,  1.2) ( 1,  0.5) ( 7,  5.3) ( 7,  6.6) ( 8, -1.6)
 (10, -3.1) ( 1, -0.1) ( 8, -0.6) ( 6,  3. ) ( 6,  2.9) ( 8, -1.3)
 ( 6,  1.8) ( 6,  2.9) ( 8, -2.6) ( 1,  0.5) ( 6,  2.7) ( 8, -1.7)
 ( 8, -0.9) ( 8, -1.8) ( 1,  1.3) ( 6,  2.4) ( 8, -1.1) ( 6,  2.3)
 ( 8, -2.2) (10, -3.5) ( 8, -1. ) ( 8, -2.1) ( 8, -2. ) ( 8, -2.3)
 ( 8, -1.6) ( 1,  0.8) (10, -2.8) (10, -2.8) ( 6,  3. ) ( 4,  4.4)
 ( 6,  2.3) ( 8, -2. ) ( 8, -1.9) ( 4,  4.8) ( 8, -0.6) ( 6,  3.1)
 (10, -2.9) (10, -3.5) ( 1, -0.3) ( 1,  0.1) ( 6,  2.3) ( 6,  2.1)
 ( 4,  4.6) ( 4,  3.7) ( 8, -1.3) (10, -3.4) (10, -5.3) ( 1,  0. )
 ( 6,  2.4) ( 8, -0.6) ( 6,  2.3) (10, -3.7) ( 8, -0.9) ( 8, -1.5)
 (10, -3.3) ( 1, -0.1) ( 1, -0.2) ( 1,  0.5) ( 7,  6.1) ( 4,  4.1)
 ( 1,  0.1) ( 6,  3.2) ( 7,  5.4) ( 7,  5.8) ( 7,  6.3) ( 8, -0.9)
 ( 1,  0.2) (10, -3.7) (10, -2.7) ( 8, -2.5) ( 1, -0.5) ( 0,  9. )
 ( 9, 13.1) ( 0,  8.7) ( 4,  3.9) ( 1,  0.7) ( 1,  1.1) ( 4,  5.1)
 ( 5,  7.5) ( 4,  4.7) ( 6,  3.2) ( 5,  7.8) ( 6,  2.4) ( 6,  3.2)
 ( 6,  2.5) ( 7,  6.5) ( 2, 14.4) ( 4,  4.9) ( 6,  2.3) ( 1,  1.4)
 ( 7,  5.6) (10, 16.8) ( 2, 14.4) ( 0, 10.3) ( 3, 11.2) ( 1,  0.3)
 ( 1,  0.5) ( 1,  0.5) ( 4,  4.6) ( 5,  8.2) ( 4,  4.5) ( 7,  6.7)
 ( 3, 11.9) ( 0,  9.2) ( 4,  4.4) ( 4,  5. ) ( 7,  6.7) ( 5,  8.3)
 ( 3, 11.3) ( 0,  9. ) ( 6,  3.4) ( 6,  3.2) ( 1,  0.9) ( 6,  3.3)
 ( 5,  7.9) ( 0,  9. ) ( 5,  7.1) ( 9, 12.5) ( 9, 12.5) ( 9, 12.3)]

36 determined outlier frequencies:
[16.4 16.6 16.3 17.2 16.5 19.9 16.7 16.5 16.5 17.5 17.5 20.9 17.  17.9
 17.2 17.9 18.  17.6 17.1 18.2 16.8 16.3 -2.7 -3.1 -3.5 -2.8 -2.8 -2.9
 -3.5 -3.4 -5.3 -3.7 -3.3 -3.7 -2.7 16.8]
analyze method without outliers


analyzing the results:
number of max cluster size: 10
number of actually used clusters: 10
min value of all elements: -2.6
max value of all elements: 16.0
mean of all elements: 6.9796969696969695
median of all elements: 7.1
standard deviation of all elements: 5.333306998901926
variance of all elements: 28.44416354453627
distribution of all clusters: [0 0 0 0 0 0 0 0 0 0 0 0 0 0 0 0 0 0 0 0 0 0 0 0 0 0 0 0 1 1 1 1 1 1 1 1 1
 1 1 1 1 1 1 1 1 1 1 1 1 1 1 1 1 1 1 1 1 1 1 1 1 1 1 1 1 1 1 1 1 1 1 2 2 2
 2 2 2 2 2 2 2 2 2 2 2 2 2 2 2 2 2 2 2 2 2 2 2 2 2 2 2 2 2 2 2 2 2 3 3 3 3
 3 3 3 3 3 3 3 3 3 3 3 3 3 3 3 3 3 3 3 3 3 3 3 3 3 4 4 4 4 4 4 4 4 4 4 4 4
 4 4 4 4 4 4 4 4 4 4 4 4 4 4 4 4 4 4 4 4 5 5 5 5 5 5 5 5 5 5 5 5 5 5 5 5 5
 5 5 5 5 5 5 5 5 5 5 5 5 5 5 5 5 5 5 5 5 6 6 6 6 6 6 6 6 6 6 6 6 6 6 6 6 6
 6 6 6 6 6 6 6 6 6 6 6 6 6 6 6 6 7 7 7 7 7 7 7 7 7 7 7 7 7 7 7 7 7 7 7 7 7
 7 7 7 8 8 8 8 8 8 8 8 8 8 8 8 8 8 8 8 8 8 8 8 8 8 8 8 8 8 8 8 9 9 9 9 9 9
 9 9 9 9 9 9 9 9 9 9 9 9 9 9 9 9 9 9 9 9 9 9 9 9 9 9 9 9 9 9 9 9 9 9]

cluster #0: 	sum elements:28  	min value: 8.7 	max value: 10.4 	mean: 9.5 	std deviation: 0.556 	median: 9.55
cluster #0 homoscedasticity given with ratio = 1.2656249999999987
cluster #1: 	sum elements:43  	min value: -0.5 	max value: 1.5 	mean: 0.5 	std deviation: 0.558 	median: 0.5
cluster #1 homoscedasticity given with ratio = 0
cluster #2: 	sum elements:36  	min value: 14.3 	max value: 16.0 	mean: 15.1 	std deviation: 0.51 	median: 15.1
cluster #2 homoscedasticity given with ratio = 1.2656250000000042
cluster #3: 	sum elements:29  	min value: 10.6 	max value: 12.1 	mean: 11.5 	std deviation: 0.459 	median: 11.6
cluster #3 homoscedasticity NOT given with ratio = 2.250000000000004
cluster #4: 	sum elements:32  	min value: 3.7 	max value: 5.1 	mean: 4.4 	std deviation: 0.376 	median: 4.4
cluster #4 homoscedasticity given with ratio = 1.0000000000000027
cluster #5: 	sum elements:37  	min value: 6.9 	max value: 8.6 	mean: 7.8 	std deviation: 0.507 	median: 7.9
cluster #5 homoscedasticity given with ratio = 1.2656249999999991
cluster #6: 	sum elements:33  	min value: 1.8 	max value: 3.5 	mean: 2.7 	std deviation: 0.484 	median: 2.5
cluster #6 homoscedasticity given with ratio = 1.265625000000001
cluster #7: 	sum elements:24  	min value: 5.3 	max value: 6.7 	mean: 5.9 	std deviation: 0.477 	median: 6.0
cluster #7 homoscedasticity NOT given with ratio = 1.7777777777777737
cluster #8: 	sum elements:28  	min value: -2.6 	max value: -0.6 	mean: -1.5 	std deviation: 0.599 	median: -1.55
cluster #8 homoscedasticity given with ratio = 1.4938271604938274
cluster #9: 	sum elements:40  	min value: 12.3 	max value: 14.0 	mean: 13.0 	std deviation: 0.508 	median: 12.9
cluster #9 homoscedasticity NOT given with ratio = 2.0408163265306163
homoscedasticity given for 7 of 10 used clusters

number of elements: 330

built clusters:
cluster #8: -2.6 -- -0.6 (28)
cluster #1: -0.5 -- 1.5 (43)
cluster #6: 1.8 -- 3.5 (33)
cluster #4: 3.7 -- 5.1 (32)
cluster #7: 5.3 -- 6.7 (24)
cluster #5: 6.9 -- 8.6 (37)
cluster #0: 8.7 -- 10.4 (28)
cluster #3: 10.6 -- 12.1 (29)
cluster #9: 12.3 -- 14.0 (40)
cluster #2: 14.3 -- 16.0 (36)

score even distribution (SED) MAX: 1.32e+15
score even distribution (SED) MAX: 1320145781391360.0
SED number of digits: 16

number of used clusters (NUC) MAX: 1.0

sum variances (SV) MIN: 2.4895120816109126
sum variances (SV) MIN: 2.49e+00
ratio between SED and sv digits MAX: 0
SUM: NUC(MAX): 1.0	 SED(MAX): 1.32e+15	 SV(MIN): 2.49e+00

Mean Silhouette Coefficient of all clusters MSC(MAX): 0.57
(best value is 1 and the worst value is -1. Values near 0 indicate overlapping clusters)

Davies-Bouldin score DB(MIN): 0.49
(The minimum score is zero, with lower values indicating better clustering.)


TRIAL: 8
***********


starting algorithm at: 10:06:06.539425
[1] "[R] success: found arguments for clusters and trim factor"
[1] "[R] clusters:"
[1] 10
[1] "[R] trim-factor:"
[1] 0.1
[1] "[R] script finished"
[ 2.  7.  7.  7.  2.  4.  4.  2.  0.  2.  0.  2.  0.  9.  0.  7.  7.  9.
  7.  8.  8. 10.  7.  9.  8.  8.  7.  7.  8.  7.  8.  9. 10.  7.  8. 10.
 10. 10.  8.  8.  9.  9.  0.  0.  0.  8.  9.  2.  7.  7.  8. 10.  0.  7.
  9.  0.  8.  8.  8.  8.  7.  7.  8.  8. 10.  9.  8. 10. 10. 10.  8. 10.
 10. 10.  8.  8. 10.  8.  8.  8. 10.  8.  0.  0.  0.  8.  7.  7.  8. 10.
 10. 10.  8.  8. 10. 10. 10.  7.  8.  7.  0.  0.  0.  8.  7.  2.  9.  9.
  9.  9.  9.  9. 10.  7.  7.  9.  9.  7.  9.  8.  2.  5.  2.  2.  0.  9.
  7.  9.  0.  9.  7.  7.  7.  7.  7.  7.  9.  9.  7.  8.  9.  7.  9.  7.
  8.  7.  7.  5.  5.  2.  5.  0.  6.  4.  2.  1.  6.  4.  2.  2.  4.  2.
  2.  4.  2.  4.  4.  4.  4.  2.  2.  2.  6.  4.  2.  6.  5.  5.  2.  5.
  3.  3.  5.  6.  1.  3.  1.  2.  2.  1.  1. 10.  2.  0.  1.  6.  1.  5.
  2.  5.  3.  1.  5.  6.  1.  1.  1.  5.  5.  1.  6.  1.  3.  1.  5.  0.
  9.  2.  5.  1.  5.  2.  2.  0.  2.  0.  1.  6.  4.  4.  1.  5.  2.  1.
  5.  1.  1.  5.  4.  6.  3.  1.  1.  4.  4.  3. 10.  1.  1.  6.  6.  3.
  6.  6.  3.  1.  6.  3.  3.  3.  1.  6.  3.  6.  3. 10.  3.  3.  3.  3.
  3.  1. 10. 10.  6.  5.  6.  3.  3.  5.  1.  6. 10. 10.  1.  1.  6.  6.
  5.  5.  3. 10. 10.  1.  6.  1.  6. 10.  3.  3. 10.  1.  1.  1.  4.  5.
  1.  6.  4.  4.  4.  3.  1. 10.  3.  3.  1.  0.  7.  0.  5.  1.  1.  5.
  2.  5.  6.  2.  6.  6.  6.  4.  8.  5.  6. 10.  4. 10.  8.  0.  9.  1.
  1.  1.  5.  2.  5.  4.  9.  0.  5.  5.  4.  2.  9.  0.  6.  6.  1.  6.
  2.  0.  2.  7.  7.  7.]
finishing algorithm at: 10:06:31.515410

running time of algorithm: 0:00:24.975985


frquencies result
[( 2,  8. ) ( 7, 14. ) ( 7, 13.7) ( 7, 13.3) ( 2,  7.6) ( 4,  6.2)
 ( 4,  6.1) ( 2,  8.3) ( 0,  8.8) ( 2,  8.4) ( 0,  9.1) ( 2,  8.5)
 ( 0, 10.1) ( 9, 12.1) ( 0, 10.1) ( 7, 12.4) ( 7, 13.8) ( 9, 11.7)
 ( 7, 12.4) ( 8, 15.6) ( 8, 15.3) (10, 16.4) ( 7, 12.8) ( 9, 12. )
 ( 8, 15.4) ( 8, 15.6) ( 7, 13.3) ( 7, 12.9) ( 8, 15.1) ( 7, 13.6)
 ( 8, 15.1) ( 9, 11.6) (10, 16.6) ( 7, 13.3) ( 8, 14.5) (10, 16.3)
 (10, 17.2) (10, 16.5) ( 8, 15. ) ( 8, 14.9) ( 9, 11.8) ( 9, 11.7)
 ( 0,  9.6) ( 0,  8.9) ( 0, 10.1) ( 8, 15.5) ( 9, 10.8) ( 2,  7.5)
 ( 7, 12.8) ( 7, 12.6) ( 8, 14.8) (10, 19.9) ( 0,  9.2) ( 7, 12.4)
 ( 9, 11.3) ( 0,  9.8) ( 8, 14.3) ( 8, 15.1) ( 8, 14.4) ( 8, 15.4)
 ( 7, 13.8) ( 7, 13.6) ( 8, 14.3) ( 8, 15.9) (10, 16.7) ( 9, 12.1)
 ( 8, 14.3) (10, 16.5) (10, 16.5) (10, 17.5) ( 8, 14.7) (10, 17.5)
 (10, 20.9) (10, 17. ) ( 8, 16. ) ( 8, 15.4) (10, 17.9) ( 8, 15.2)
 ( 8, 15.1) ( 8, 15.3) (10, 17.2) ( 8, 15.9) ( 0, 10. ) ( 0,  9.9)
 ( 0, 10.3) ( 8, 15.4) ( 7, 12.7) ( 7, 13.2) ( 8, 15.3) (10, 17.9)
 (10, 18. ) (10, 17.6) ( 8, 16. ) ( 8, 14.9) (10, 17.1) (10, 18.2)
 (10, 16.8) ( 7, 13.6) ( 8, 14.5) ( 7, 12.4) ( 0, 10.4) ( 0,  9.1)
 ( 0,  8.9) ( 8, 14.5) ( 7, 12.6) ( 2,  8.6) ( 9, 10.8) ( 9, 11.2)
 ( 9, 12.1) ( 9, 10.8) ( 9, 11.4) ( 9, 12. ) (10, 16.3) ( 7, 12.7)
 ( 7, 12.7) ( 9, 12. ) ( 9, 11.5) ( 7, 13. ) ( 9, 11.7) ( 8, 14.8)
 ( 2,  7.7) ( 5,  4.4) ( 2,  7.4) ( 2,  8.3) ( 0, 10.1) ( 9, 12. )
 ( 7, 12.9) ( 9, 10.8) ( 0,  9.5) ( 9, 12.1) ( 7, 12.5) ( 7, 13.9)
 ( 7, 13.3) ( 7, 13.2) ( 7, 12.3) ( 7, 13.8) ( 9, 11.3) ( 9, 11.7)
 ( 7, 12.5) ( 8, 15.1) ( 9, 11.5) ( 7, 13. ) ( 9, 11.6) ( 7, 12.8)
 ( 8, 15.5) ( 7, 13.1) ( 7, 12.6) ( 5,  4.4) ( 5,  4.4) ( 2,  7.1)
 ( 5,  4.2) ( 0,  9.6) ( 6,  3.5) ( 4,  5.3) ( 2,  7. ) ( 1,  0.4)
 ( 6,  3.2) ( 4,  5.9) ( 2,  8.1) ( 2,  6.9) ( 4,  5.6) ( 2,  7.2)
 ( 2,  7.1) ( 4,  6.1) ( 2,  7.1) ( 4,  5.6) ( 4,  5.4) ( 4,  6.3)
 ( 4,  5.3) ( 2,  7.9) ( 2,  8.4) ( 2,  8.1) ( 6,  2.4) ( 4,  5.6)
 ( 2,  7.5) ( 6,  2.5) ( 5,  5. ) ( 5,  3.8) ( 2,  7.9) ( 5,  4.3)
 ( 3, -2.1) ( 3, -1.8) ( 5,  3.8) ( 6,  2.1) ( 1,  0.5) ( 3, -0.9)
 ( 1,  0.4) ( 2,  7.5) ( 2,  8.3) ( 1, -0.2) ( 1,  0.1) (10,  1.5)
 ( 2,  8.3) ( 0,  9.4) ( 1,  1.3) ( 6,  2.2) ( 1, -0.4) ( 5,  4.5)
 ( 2,  7.9) ( 5,  4.3) ( 3, -2.7) ( 1,  0.3) ( 5,  3.8) ( 6,  2.4)
 ( 1,  1.2) ( 1,  1.2) ( 1, -0.3) ( 5,  4.7) ( 5,  4.9) ( 1,  1.4)
 ( 6,  2.2) ( 1, -0.1) ( 3, -0.9) ( 1,  0.6) ( 5,  4.6) ( 0,  9.8)
 ( 9, 10.6) ( 2,  7.8) ( 5,  4.4) ( 1, -0.2) ( 5,  4.3) ( 2,  7.4)
 ( 2,  8.6) ( 0, 10.2) ( 2,  7.3) ( 0,  8.7) ( 1,  1. ) ( 6,  2.1)
 ( 4,  6.4) ( 4,  5.4) ( 1,  0.4) ( 5,  4. ) ( 2,  8.4) ( 1,  0.4)
 ( 5,  4.2) ( 1,  0.9) ( 1,  0.8) ( 5,  4.3) ( 4,  6.3) ( 6,  3.5)
 ( 3, -1.5) ( 1,  1.2) ( 1,  0.5) ( 4,  5.3) ( 4,  6.6) ( 3, -1.6)
 (10, -3.1) ( 1, -0.1) ( 1, -0.6) ( 6,  3. ) ( 6,  2.9) ( 3, -1.3)
 ( 6,  1.8) ( 6,  2.9) ( 3, -2.6) ( 1,  0.5) ( 6,  2.7) ( 3, -1.7)
 ( 3, -0.9) ( 3, -1.8) ( 1,  1.3) ( 6,  2.4) ( 3, -1.1) ( 6,  2.3)
 ( 3, -2.2) (10, -3.5) ( 3, -1. ) ( 3, -2.1) ( 3, -2. ) ( 3, -2.3)
 ( 3, -1.6) ( 1,  0.8) (10, -2.8) (10, -2.8) ( 6,  3. ) ( 5,  4.4)
 ( 6,  2.3) ( 3, -2. ) ( 3, -1.9) ( 5,  4.8) ( 1, -0.6) ( 6,  3.1)
 (10, -2.9) (10, -3.5) ( 1, -0.3) ( 1,  0.1) ( 6,  2.3) ( 6,  2.1)
 ( 5,  4.6) ( 5,  3.7) ( 3, -1.3) (10, -3.4) (10, -5.3) ( 1,  0. )
 ( 6,  2.4) ( 1, -0.6) ( 6,  2.3) (10, -3.7) ( 3, -0.9) ( 3, -1.5)
 (10, -3.3) ( 1, -0.1) ( 1, -0.2) ( 1,  0.5) ( 4,  6.1) ( 5,  4.1)
 ( 1,  0.1) ( 6,  3.2) ( 4,  5.4) ( 4,  5.8) ( 4,  6.3) ( 3, -0.9)
 ( 1,  0.2) (10, -3.7) ( 3, -2.7) ( 3, -2.5) ( 1, -0.5) ( 0,  9. )
 ( 7, 13.1) ( 0,  8.7) ( 5,  3.9) ( 1,  0.7) ( 1,  1.1) ( 5,  5.1)
 ( 2,  7.5) ( 5,  4.7) ( 6,  3.2) ( 2,  7.8) ( 6,  2.4) ( 6,  3.2)
 ( 6,  2.5) ( 4,  6.5) ( 8, 14.4) ( 5,  4.9) ( 6,  2.3) (10,  1.4)
 ( 4,  5.6) (10, 16.8) ( 8, 14.4) ( 0, 10.3) ( 9, 11.2) ( 1,  0.3)
 ( 1,  0.5) ( 1,  0.5) ( 5,  4.6) ( 2,  8.2) ( 5,  4.5) ( 4,  6.7)
 ( 9, 11.9) ( 0,  9.2) ( 5,  4.4) ( 5,  5. ) ( 4,  6.7) ( 2,  8.3)
 ( 9, 11.3) ( 0,  9. ) ( 6,  3.4) ( 6,  3.2) ( 1,  0.9) ( 6,  3.3)
 ( 2,  7.9) ( 0,  9. ) ( 2,  7.1) ( 7, 12.5) ( 7, 12.5) ( 7, 12.3)]

36 determined outlier frequencies:
[16.4 16.6 16.3 17.2 16.5 19.9 16.7 16.5 16.5 17.5 17.5 20.9 17.  17.9
 17.2 17.9 18.  17.6 17.1 18.2 16.8 16.3  1.5 -3.1 -3.5 -2.8 -2.8 -2.9
 -3.5 -3.4 -5.3 -3.7 -3.3 -3.7  1.4 16.8]
analyze method without outliers


analyzing the results:
number of max cluster size: 10
number of actually used clusters: 10
min value of all elements: -2.7
max value of all elements: 16.0
mean of all elements: 6.954545454545454
median of all elements: 7.1
standard deviation of all elements: 5.368990137485702
variance of all elements: 28.826055096418735
distribution of all clusters: [0 0 0 0 0 0 0 0 0 0 0 0 0 0 0 0 0 0 0 0 0 0 0 0 0 0 0 0 1 1 1 1 1 1 1 1 1
 1 1 1 1 1 1 1 1 1 1 1 1 1 1 1 1 1 1 1 1 1 1 1 1 1 1 1 1 1 1 1 1 1 1 1 2 2
 2 2 2 2 2 2 2 2 2 2 2 2 2 2 2 2 2 2 2 2 2 2 2 2 2 2 2 2 2 2 2 2 2 2 2 3 3
 3 3 3 3 3 3 3 3 3 3 3 3 3 3 3 3 3 3 3 3 3 3 3 3 3 4 4 4 4 4 4 4 4 4 4 4 4
 4 4 4 4 4 4 4 4 4 4 4 4 5 5 5 5 5 5 5 5 5 5 5 5 5 5 5 5 5 5 5 5 5 5 5 5 5
 5 5 5 5 5 5 5 6 6 6 6 6 6 6 6 6 6 6 6 6 6 6 6 6 6 6 6 6 6 6 6 6 6 6 6 6 6
 6 6 6 7 7 7 7 7 7 7 7 7 7 7 7 7 7 7 7 7 7 7 7 7 7 7 7 7 7 7 7 7 7 7 7 7 7
 7 7 7 7 7 7 8 8 8 8 8 8 8 8 8 8 8 8 8 8 8 8 8 8 8 8 8 8 8 8 8 8 8 8 8 8 8
 8 8 8 8 8 9 9 9 9 9 9 9 9 9 9 9 9 9 9 9 9 9 9 9 9 9 9 9 9 9 9 9 9 9]

cluster #0: 	sum elements:28  	min value: 8.7 	max value: 10.4 	mean: 9.5 	std deviation: 0.556 	median: 9.55
cluster #0 homoscedasticity given with ratio = 1.2656249999999987
cluster #1: 	sum elements:44  	min value: -0.6 	max value: 1.4 	mean: 0.4 	std deviation: 0.572 	median: 0.4
cluster #1 homoscedasticity given with ratio = 1.0000000000000002
cluster #2: 	sum elements:37  	min value: 6.9 	max value: 8.6 	mean: 7.8 	std deviation: 0.507 	median: 7.9
cluster #2 homoscedasticity given with ratio = 1.2656249999999991
cluster #3: 	sum elements:27  	min value: -2.7 	max value: -0.9 	mean: -1.7 	std deviation: 0.591 	median: -1.7
cluster #3 homoscedasticity NOT given with ratio = 1.5625000000000009
cluster #4: 	sum elements:24  	min value: 5.3 	max value: 6.7 	mean: 5.9 	std deviation: 0.477 	median: 6.0
cluster #4 homoscedasticity NOT given with ratio = 1.7777777777777737
cluster #5: 	sum elements:32  	min value: 3.7 	max value: 5.1 	mean: 4.4 	std deviation: 0.376 	median: 4.4
cluster #5 homoscedasticity given with ratio = 1.0000000000000027
cluster #6: 	sum elements:33  	min value: 1.8 	max value: 3.5 	mean: 2.7 	std deviation: 0.484 	median: 2.5
cluster #6 homoscedasticity given with ratio = 1.265625000000001
cluster #7: 	sum elements:40  	min value: 12.3 	max value: 14.0 	mean: 13.0 	std deviation: 0.508 	median: 12.9
cluster #7 homoscedasticity NOT given with ratio = 2.0408163265306163
cluster #8: 	sum elements:36  	min value: 14.3 	max value: 16.0 	mean: 15.1 	std deviation: 0.51 	median: 15.1
cluster #8 homoscedasticity given with ratio = 1.2656250000000042
cluster #9: 	sum elements:29  	min value: 10.6 	max value: 12.1 	mean: 11.5 	std deviation: 0.459 	median: 11.6
cluster #9 homoscedasticity NOT given with ratio = 2.250000000000004
homoscedasticity given for 6 of 10 used clusters

number of elements: 330

built clusters:
cluster #3: -2.7 -- -0.9 (27)
cluster #1: -0.6 -- 1.4 (44)
cluster #6: 1.8 -- 3.5 (33)
cluster #5: 3.7 -- 5.1 (32)
cluster #4: 5.3 -- 6.7 (24)
cluster #2: 6.9 -- 8.6 (37)
cluster #0: 8.7 -- 10.4 (28)
cluster #9: 10.6 -- 12.1 (29)
cluster #7: 12.3 -- 14.0 (40)
cluster #8: 14.3 -- 16.0 (36)

score even distribution (SED) MAX: 1.30e+15
score even distribution (SED) MAX: 1302602315857920.0
SED number of digits: 16

number of used clusters (NUC) MAX: 1.0

sum variances (SV) MIN: 2.4961542597509045
sum variances (SV) MIN: 2.50e+00
ratio between SED and sv digits MAX: 0
SUM: NUC(MAX): 1.0	 SED(MAX): 1.30e+15	 SV(MIN): 2.50e+00

Mean Silhouette Coefficient of all clusters MSC(MAX): 0.58
(best value is 1 and the worst value is -1. Values near 0 indicate overlapping clusters)

Davies-Bouldin score DB(MIN): 0.49
(The minimum score is zero, with lower values indicating better clustering.)


TRIAL: 9
***********


starting algorithm at: 10:06:31.534901
[1] "[R] success: found arguments for clusters and trim factor"
[1] "[R] clusters:"
[1] 10
[1] "[R] trim-factor:"
[1] 0.1
[1] "[R] script finished"
[ 2.  1.  1.  1.  2.  0.  0.  2.  4.  2.  4.  2.  4.  6.  4.  1.  1.  6.
  1.  5.  5. 10.  1.  6.  5.  5.  1.  1.  5.  1.  5.  6. 10.  1.  5. 10.
 10. 10.  5.  5.  6.  6.  4.  4.  4.  5.  6.  2.  1.  1.  5. 10.  4.  1.
  6.  4.  5.  5.  5.  5.  1.  1.  5.  5. 10.  6.  5. 10. 10. 10.  5. 10.
 10. 10.  5.  5. 10.  5.  5.  5. 10.  5.  4.  4.  4.  5.  1.  1.  5. 10.
 10. 10.  5.  5. 10. 10. 10.  1.  5.  1.  4.  4.  4.  5.  1.  2.  6.  6.
  6.  6.  6.  6. 10.  1.  1.  6.  6.  1.  6.  5.  2.  3.  2.  2.  4.  6.
  1.  6.  4.  6.  1.  1.  1.  1.  1.  1.  6.  6.  1.  5.  6.  1.  6.  1.
  5.  1.  1.  3.  3.  2.  3.  4.  3.  0.  2.  7.  9.  0.  2.  2.  0.  2.
  2.  0.  2.  0.  0.  0.  0.  2.  2.  2.  9.  0.  2.  9.  3.  3.  2.  3.
  8.  8.  3.  9.  7.  8.  7.  2.  2.  7.  7.  7.  2.  4.  7.  9.  7.  3.
  2.  3. 10.  7.  3.  9.  7.  7.  7.  3.  3.  7.  9.  7.  8.  7.  3.  4.
  6.  2.  3.  7.  3.  2.  2.  4.  2.  4.  7.  9.  0.  0.  7.  3.  2.  7.
  3.  7.  7.  3.  0.  3.  8.  7.  7.  0.  0.  8. 10.  7.  8.  9.  9.  8.
  9.  9.  8.  7.  9.  8.  8.  8.  7.  9.  8.  9.  8. 10.  8.  8.  8.  8.
  8.  7. 10. 10.  9.  3.  9.  8.  8.  3.  8.  9. 10. 10.  7.  7.  9.  9.
  3.  3.  8. 10. 10.  7.  9.  8.  9. 10.  8.  8. 10.  7.  7.  7.  0.  3.
  7.  9.  0.  0.  0.  8.  7. 10. 10.  8.  8.  4.  1.  4.  3.  7.  7.  3.
  2.  3.  9.  2.  9.  9.  9.  0.  5.  3.  9.  7.  0. 10.  5.  4.  6.  7.
  7.  7.  3.  2.  3.  0.  6.  4.  3.  3.  0.  2.  6.  4.  9.  9.  7.  9.
  2.  4.  2.  1.  1.  1.]
finishing algorithm at: 10:06:57.671007

running time of algorithm: 0:00:26.136106


frquencies result
[( 2,  8. ) ( 1, 14. ) ( 1, 13.7) ( 1, 13.3) ( 2,  7.6) ( 0,  6.2)
 ( 0,  6.1) ( 2,  8.3) ( 4,  8.8) ( 2,  8.4) ( 4,  9.1) ( 2,  8.5)
 ( 4, 10.1) ( 6, 12.1) ( 4, 10.1) ( 1, 12.4) ( 1, 13.8) ( 6, 11.7)
 ( 1, 12.4) ( 5, 15.6) ( 5, 15.3) (10, 16.4) ( 1, 12.8) ( 6, 12. )
 ( 5, 15.4) ( 5, 15.6) ( 1, 13.3) ( 1, 12.9) ( 5, 15.1) ( 1, 13.6)
 ( 5, 15.1) ( 6, 11.6) (10, 16.6) ( 1, 13.3) ( 5, 14.5) (10, 16.3)
 (10, 17.2) (10, 16.5) ( 5, 15. ) ( 5, 14.9) ( 6, 11.8) ( 6, 11.7)
 ( 4,  9.6) ( 4,  8.9) ( 4, 10.1) ( 5, 15.5) ( 6, 10.8) ( 2,  7.5)
 ( 1, 12.8) ( 1, 12.6) ( 5, 14.8) (10, 19.9) ( 4,  9.2) ( 1, 12.4)
 ( 6, 11.3) ( 4,  9.8) ( 5, 14.3) ( 5, 15.1) ( 5, 14.4) ( 5, 15.4)
 ( 1, 13.8) ( 1, 13.6) ( 5, 14.3) ( 5, 15.9) (10, 16.7) ( 6, 12.1)
 ( 5, 14.3) (10, 16.5) (10, 16.5) (10, 17.5) ( 5, 14.7) (10, 17.5)
 (10, 20.9) (10, 17. ) ( 5, 16. ) ( 5, 15.4) (10, 17.9) ( 5, 15.2)
 ( 5, 15.1) ( 5, 15.3) (10, 17.2) ( 5, 15.9) ( 4, 10. ) ( 4,  9.9)
 ( 4, 10.3) ( 5, 15.4) ( 1, 12.7) ( 1, 13.2) ( 5, 15.3) (10, 17.9)
 (10, 18. ) (10, 17.6) ( 5, 16. ) ( 5, 14.9) (10, 17.1) (10, 18.2)
 (10, 16.8) ( 1, 13.6) ( 5, 14.5) ( 1, 12.4) ( 4, 10.4) ( 4,  9.1)
 ( 4,  8.9) ( 5, 14.5) ( 1, 12.6) ( 2,  8.6) ( 6, 10.8) ( 6, 11.2)
 ( 6, 12.1) ( 6, 10.8) ( 6, 11.4) ( 6, 12. ) (10, 16.3) ( 1, 12.7)
 ( 1, 12.7) ( 6, 12. ) ( 6, 11.5) ( 1, 13. ) ( 6, 11.7) ( 5, 14.8)
 ( 2,  7.7) ( 3,  4.4) ( 2,  7.4) ( 2,  8.3) ( 4, 10.1) ( 6, 12. )
 ( 1, 12.9) ( 6, 10.8) ( 4,  9.5) ( 6, 12.1) ( 1, 12.5) ( 1, 13.9)
 ( 1, 13.3) ( 1, 13.2) ( 1, 12.3) ( 1, 13.8) ( 6, 11.3) ( 6, 11.7)
 ( 1, 12.5) ( 5, 15.1) ( 6, 11.5) ( 1, 13. ) ( 6, 11.6) ( 1, 12.8)
 ( 5, 15.5) ( 1, 13.1) ( 1, 12.6) ( 3,  4.4) ( 3,  4.4) ( 2,  7.1)
 ( 3,  4.2) ( 4,  9.6) ( 3,  3.5) ( 0,  5.3) ( 2,  7. ) ( 7,  0.4)
 ( 9,  3.2) ( 0,  5.9) ( 2,  8.1) ( 2,  6.9) ( 0,  5.6) ( 2,  7.2)
 ( 2,  7.1) ( 0,  6.1) ( 2,  7.1) ( 0,  5.6) ( 0,  5.4) ( 0,  6.3)
 ( 0,  5.3) ( 2,  7.9) ( 2,  8.4) ( 2,  8.1) ( 9,  2.4) ( 0,  5.6)
 ( 2,  7.5) ( 9,  2.5) ( 3,  5. ) ( 3,  3.8) ( 2,  7.9) ( 3,  4.3)
 ( 8, -2.1) ( 8, -1.8) ( 3,  3.8) ( 9,  2.1) ( 7,  0.5) ( 8, -0.9)
 ( 7,  0.4) ( 2,  7.5) ( 2,  8.3) ( 7, -0.2) ( 7,  0.1) ( 7,  1.5)
 ( 2,  8.3) ( 4,  9.4) ( 7,  1.3) ( 9,  2.2) ( 7, -0.4) ( 3,  4.5)
 ( 2,  7.9) ( 3,  4.3) (10, -2.7) ( 7,  0.3) ( 3,  3.8) ( 9,  2.4)
 ( 7,  1.2) ( 7,  1.2) ( 7, -0.3) ( 3,  4.7) ( 3,  4.9) ( 7,  1.4)
 ( 9,  2.2) ( 7, -0.1) ( 8, -0.9) ( 7,  0.6) ( 3,  4.6) ( 4,  9.8)
 ( 6, 10.6) ( 2,  7.8) ( 3,  4.4) ( 7, -0.2) ( 3,  4.3) ( 2,  7.4)
 ( 2,  8.6) ( 4, 10.2) ( 2,  7.3) ( 4,  8.7) ( 7,  1. ) ( 9,  2.1)
 ( 0,  6.4) ( 0,  5.4) ( 7,  0.4) ( 3,  4. ) ( 2,  8.4) ( 7,  0.4)
 ( 3,  4.2) ( 7,  0.9) ( 7,  0.8) ( 3,  4.3) ( 0,  6.3) ( 3,  3.5)
 ( 8, -1.5) ( 7,  1.2) ( 7,  0.5) ( 0,  5.3) ( 0,  6.6) ( 8, -1.6)
 (10, -3.1) ( 7, -0.1) ( 8, -0.6) ( 9,  3. ) ( 9,  2.9) ( 8, -1.3)
 ( 9,  1.8) ( 9,  2.9) ( 8, -2.6) ( 7,  0.5) ( 9,  2.7) ( 8, -1.7)
 ( 8, -0.9) ( 8, -1.8) ( 7,  1.3) ( 9,  2.4) ( 8, -1.1) ( 9,  2.3)
 ( 8, -2.2) (10, -3.5) ( 8, -1. ) ( 8, -2.1) ( 8, -2. ) ( 8, -2.3)
 ( 8, -1.6) ( 7,  0.8) (10, -2.8) (10, -2.8) ( 9,  3. ) ( 3,  4.4)
 ( 9,  2.3) ( 8, -2. ) ( 8, -1.9) ( 3,  4.8) ( 8, -0.6) ( 9,  3.1)
 (10, -2.9) (10, -3.5) ( 7, -0.3) ( 7,  0.1) ( 9,  2.3) ( 9,  2.1)
 ( 3,  4.6) ( 3,  3.7) ( 8, -1.3) (10, -3.4) (10, -5.3) ( 7,  0. )
 ( 9,  2.4) ( 8, -0.6) ( 9,  2.3) (10, -3.7) ( 8, -0.9) ( 8, -1.5)
 (10, -3.3) ( 7, -0.1) ( 7, -0.2) ( 7,  0.5) ( 0,  6.1) ( 3,  4.1)
 ( 7,  0.1) ( 9,  3.2) ( 0,  5.4) ( 0,  5.8) ( 0,  6.3) ( 8, -0.9)
 ( 7,  0.2) (10, -3.7) (10, -2.7) ( 8, -2.5) ( 8, -0.5) ( 4,  9. )
 ( 1, 13.1) ( 4,  8.7) ( 3,  3.9) ( 7,  0.7) ( 7,  1.1) ( 3,  5.1)
 ( 2,  7.5) ( 3,  4.7) ( 9,  3.2) ( 2,  7.8) ( 9,  2.4) ( 9,  3.2)
 ( 9,  2.5) ( 0,  6.5) ( 5, 14.4) ( 3,  4.9) ( 9,  2.3) ( 7,  1.4)
 ( 0,  5.6) (10, 16.8) ( 5, 14.4) ( 4, 10.3) ( 6, 11.2) ( 7,  0.3)
 ( 7,  0.5) ( 7,  0.5) ( 3,  4.6) ( 2,  8.2) ( 3,  4.5) ( 0,  6.7)
 ( 6, 11.9) ( 4,  9.2) ( 3,  4.4) ( 3,  5. ) ( 0,  6.7) ( 2,  8.3)
 ( 6, 11.3) ( 4,  9. ) ( 9,  3.4) ( 9,  3.2) ( 7,  0.9) ( 9,  3.3)
 ( 2,  7.9) ( 4,  9. ) ( 2,  7.1) ( 1, 12.5) ( 1, 12.5) ( 1, 12.3)]

36 determined outlier frequencies:
[16.4 16.6 16.3 17.2 16.5 19.9 16.7 16.5 16.5 17.5 17.5 20.9 17.  17.9
 17.2 17.9 18.  17.6 17.1 18.2 16.8 16.3 -2.7 -3.1 -3.5 -2.8 -2.8 -2.9
 -3.5 -3.4 -5.3 -3.7 -3.3 -3.7 -2.7 16.8]
analyze method without outliers


analyzing the results:
number of max cluster size: 10
number of actually used clusters: 10
min value of all elements: -2.6
max value of all elements: 16.0
mean of all elements: 6.9796969696969695
median of all elements: 7.1
standard deviation of all elements: 5.333306998901926
variance of all elements: 28.44416354453627
distribution of all clusters: [0 0 0 0 0 0 0 0 0 0 0 0 0 0 0 0 0 0 0 0 0 0 0 0 1 1 1 1 1 1 1 1 1 1 1 1 1
 1 1 1 1 1 1 1 1 1 1 1 1 1 1 1 1 1 1 1 1 1 1 1 1 1 1 1 2 2 2 2 2 2 2 2 2 2
 2 2 2 2 2 2 2 2 2 2 2 2 2 2 2 2 2 2 2 2 2 2 2 2 2 2 2 3 3 3 3 3 3 3 3 3 3
 3 3 3 3 3 3 3 3 3 3 3 3 3 3 3 3 3 3 3 3 3 3 3 3 4 4 4 4 4 4 4 4 4 4 4 4 4
 4 4 4 4 4 4 4 4 4 4 4 4 4 4 4 5 5 5 5 5 5 5 5 5 5 5 5 5 5 5 5 5 5 5 5 5 5
 5 5 5 5 5 5 5 5 5 5 5 5 5 5 6 6 6 6 6 6 6 6 6 6 6 6 6 6 6 6 6 6 6 6 6 6 6
 6 6 6 6 6 6 7 7 7 7 7 7 7 7 7 7 7 7 7 7 7 7 7 7 7 7 7 7 7 7 7 7 7 7 7 7 7
 7 7 7 7 7 7 7 7 7 7 7 8 8 8 8 8 8 8 8 8 8 8 8 8 8 8 8 8 8 8 8 8 8 8 8 8 8
 8 8 8 9 9 9 9 9 9 9 9 9 9 9 9 9 9 9 9 9 9 9 9 9 9 9 9 9 9 9 9 9 9 9]

cluster #0: 	sum elements:24  	min value: 5.3 	max value: 6.7 	mean: 5.9 	std deviation: 0.477 	median: 6.0
cluster #0 homoscedasticity NOT given with ratio = 1.7777777777777737
cluster #1: 	sum elements:40  	min value: 12.3 	max value: 14.0 	mean: 13.0 	std deviation: 0.508 	median: 12.9
cluster #1 homoscedasticity NOT given with ratio = 2.0408163265306163
cluster #2: 	sum elements:37  	min value: 6.9 	max value: 8.6 	mean: 7.8 	std deviation: 0.507 	median: 7.9
cluster #2 homoscedasticity given with ratio = 1.2656249999999991
cluster #3: 	sum elements:34  	min value: 3.5 	max value: 5.1 	mean: 4.4 	std deviation: 0.424 	median: 4.4
cluster #3 homoscedasticity NOT given with ratio = 1.6530612244898006
cluster #4: 	sum elements:28  	min value: 8.7 	max value: 10.4 	mean: 9.5 	std deviation: 0.556 	median: 9.55
cluster #4 homoscedasticity given with ratio = 1.2656249999999987
cluster #5: 	sum elements:36  	min value: 14.3 	max value: 16.0 	mean: 15.1 	std deviation: 0.51 	median: 15.1
cluster #5 homoscedasticity given with ratio = 1.2656250000000042
cluster #6: 	sum elements:29  	min value: 10.6 	max value: 12.1 	mean: 11.5 	std deviation: 0.459 	median: 11.6
cluster #6 homoscedasticity NOT given with ratio = 2.250000000000004
cluster #7: 	sum elements:42  	min value: -0.4 	max value: 1.5 	mean: 0.5 	std deviation: 0.543 	median: 0.5
cluster #7 homoscedasticity given with ratio = 1.2345679012345678
cluster #8: 	sum elements:29  	min value: -2.6 	max value: -0.5 	mean: -1.5 	std deviation: 0.617 	median: -1.5
cluster #8 homoscedasticity given with ratio = 1.2100000000000002
cluster #9: 	sum elements:31  	min value: 1.8 	max value: 3.4 	mean: 2.6 	std deviation: 0.449 	median: 2.4
cluster #9 homoscedasticity given with ratio = 1.0000000000000007
homoscedasticity given for 6 of 10 used clusters

number of elements: 330

built clusters:
cluster #8: -2.6 -- -0.5 (29)
cluster #7: -0.4 -- 1.5 (42)
cluster #9: 1.8 -- 3.4 (31)
cluster #3: 3.5 -- 5.1 (34)
cluster #0: 5.3 -- 6.7 (24)
cluster #2: 6.9 -- 8.6 (37)
cluster #4: 8.7 -- 10.4 (28)
cluster #6: 10.6 -- 12.1 (29)
cluster #1: 12.3 -- 14.0 (40)
cluster #5: 14.3 -- 16.0 (36)

score even distribution (SED) MAX: 1.33e+15
score even distribution (SED) MAX: 1332966964654080.0
SED number of digits: 16

number of used clusters (NUC) MAX: 1.0

sum variances (SV) MIN: 2.500671288861301
sum variances (SV) MIN: 2.50e+00
ratio between SED and sv digits MAX: 0
SUM: NUC(MAX): 1.0	 SED(MAX): 1.33e+15	 SV(MIN): 2.50e+00

Mean Silhouette Coefficient of all clusters MSC(MAX): 0.57
(best value is 1 and the worst value is -1. Values near 0 indicate overlapping clusters)

Davies-Bouldin score DB(MIN): 0.49
(The minimum score is zero, with lower values indicating better clustering.)


TRIAL: 10
***********


starting algorithm at: 10:06:57.689402
[1] "[R] success: found arguments for clusters and trim factor"
[1] "[R] clusters:"
[1] 10
[1] "[R] trim-factor:"
[1] 0.1
[1] "[R] script finished"
[ 1.  9.  9.  9.  2.  2.  2.  1.  1.  1.  1.  1.  0.  4.  0.  4.  9.  4.
  4.  3.  3. 10.  9.  4.  3.  3.  9.  9.  3.  9.  3.  4. 10.  9.  3. 10.
 10. 10.  3.  3.  4.  4.  0.  1.  0.  3.  0.  2.  9.  4.  3. 10.  1.  4.
  4.  0.  3.  3.  3.  3.  9.  9.  3.  3. 10.  4.  3. 10. 10. 10.  3. 10.
 10. 10.  3.  3. 10.  3.  3.  3. 10.  3.  0.  0.  0.  3.  9.  9.  3. 10.
 10. 10.  3.  3. 10. 10. 10.  9.  3.  4.  0.  1.  1.  3.  4.  1.  0.  4.
  4.  0.  4.  4. 10.  9.  9.  4.  4.  9.  4.  3.  1.  6.  2.  1.  0.  4.
  9.  0.  0.  4.  4.  9.  9.  9.  4.  9.  4.  4.  4.  3.  4.  9.  4.  9.
  3.  9.  4.  6.  6.  2.  6.  0.  7.  6.  2.  8.  7.  2.  1.  2.  6.  2.
  2.  2.  2.  6.  6.  2.  6.  1.  1.  1.  7.  6.  2.  7.  6.  6.  1.  6.
  5.  5.  6.  7.  8.  5.  8.  2.  1.  8.  8. 10.  1.  0.  8.  7.  8.  6.
  1.  6.  5.  8.  6.  7.  8.  8.  8.  6.  6.  8.  7.  8.  5.  8.  6.  0.
  0.  1.  6.  8.  6.  2.  1.  0.  2.  1.  8.  7.  2.  6.  8.  6.  1.  8.
  6.  8.  8.  6.  2.  7.  5.  8.  8.  6.  2.  5. 10.  8.  8.  7.  7.  5.
  7.  7.  5.  8.  7.  5.  5.  5.  8.  7.  5.  7.  5. 10.  5.  5.  5.  5.
  5.  8. 10. 10.  7.  6.  7.  5.  5.  6.  8.  7. 10. 10.  8.  8.  7.  7.
  6.  6.  5. 10. 10.  8.  7.  8.  7. 10.  5.  5. 10.  8.  8.  8.  2.  6.
  8.  7.  6. 10.  2.  5.  8. 10.  5.  5.  8.  1.  9.  1.  6.  8.  8.  6.
  2.  6.  7.  1.  7.  7.  7.  2.  3.  6.  7.  8.  6. 10.  3.  0.  4.  8.
  8.  8.  6.  1.  6.  2.  4.  1.  6.  6.  2.  1.  4.  1.  7.  7.  8.  7.
  1.  1.  2.  4.  4.  4.]
finishing algorithm at: 10:07:23.003477

running time of algorithm: 0:00:25.314075


frquencies result
[( 1,  8. ) ( 9, 14. ) ( 9, 13.7) ( 9, 13.3) ( 2,  7.6) ( 2,  6.2)
 ( 2,  6.1) ( 1,  8.3) ( 1,  8.8) ( 1,  8.4) ( 1,  9.1) ( 1,  8.5)
 ( 0, 10.1) ( 4, 12.1) ( 0, 10.1) ( 4, 12.4) ( 9, 13.8) ( 4, 11.7)
 ( 4, 12.4) ( 3, 15.6) ( 3, 15.3) (10, 16.4) ( 9, 12.8) ( 4, 12. )
 ( 3, 15.4) ( 3, 15.6) ( 9, 13.3) ( 9, 12.9) ( 3, 15.1) ( 9, 13.6)
 ( 3, 15.1) ( 4, 11.6) (10, 16.6) ( 9, 13.3) ( 3, 14.5) (10, 16.3)
 (10, 17.2) (10, 16.5) ( 3, 15. ) ( 3, 14.9) ( 4, 11.8) ( 4, 11.7)
 ( 0,  9.6) ( 1,  8.9) ( 0, 10.1) ( 3, 15.5) ( 0, 10.8) ( 2,  7.5)
 ( 9, 12.8) ( 4, 12.6) ( 3, 14.8) (10, 19.9) ( 1,  9.2) ( 4, 12.4)
 ( 4, 11.3) ( 0,  9.8) ( 3, 14.3) ( 3, 15.1) ( 3, 14.4) ( 3, 15.4)
 ( 9, 13.8) ( 9, 13.6) ( 3, 14.3) ( 3, 15.9) (10, 16.7) ( 4, 12.1)
 ( 3, 14.3) (10, 16.5) (10, 16.5) (10, 17.5) ( 3, 14.7) (10, 17.5)
 (10, 20.9) (10, 17. ) ( 3, 16. ) ( 3, 15.4) (10, 17.9) ( 3, 15.2)
 ( 3, 15.1) ( 3, 15.3) (10, 17.2) ( 3, 15.9) ( 0, 10. ) ( 0,  9.9)
 ( 0, 10.3) ( 3, 15.4) ( 9, 12.7) ( 9, 13.2) ( 3, 15.3) (10, 17.9)
 (10, 18. ) (10, 17.6) ( 3, 16. ) ( 3, 14.9) (10, 17.1) (10, 18.2)
 (10, 16.8) ( 9, 13.6) ( 3, 14.5) ( 4, 12.4) ( 0, 10.4) ( 1,  9.1)
 ( 1,  8.9) ( 3, 14.5) ( 4, 12.6) ( 1,  8.6) ( 0, 10.8) ( 4, 11.2)
 ( 4, 12.1) ( 0, 10.8) ( 4, 11.4) ( 4, 12. ) (10, 16.3) ( 9, 12.7)
 ( 9, 12.7) ( 4, 12. ) ( 4, 11.5) ( 9, 13. ) ( 4, 11.7) ( 3, 14.8)
 ( 1,  7.7) ( 6,  4.4) ( 2,  7.4) ( 1,  8.3) ( 0, 10.1) ( 4, 12. )
 ( 9, 12.9) ( 0, 10.8) ( 0,  9.5) ( 4, 12.1) ( 4, 12.5) ( 9, 13.9)
 ( 9, 13.3) ( 9, 13.2) ( 4, 12.3) ( 9, 13.8) ( 4, 11.3) ( 4, 11.7)
 ( 4, 12.5) ( 3, 15.1) ( 4, 11.5) ( 9, 13. ) ( 4, 11.6) ( 9, 12.8)
 ( 3, 15.5) ( 9, 13.1) ( 4, 12.6) ( 6,  4.4) ( 6,  4.4) ( 2,  7.1)
 ( 6,  4.2) ( 0,  9.6) ( 7,  3.5) ( 6,  5.3) ( 2,  7. ) ( 8,  0.4)
 ( 7,  3.2) ( 2,  5.9) ( 1,  8.1) ( 2,  6.9) ( 6,  5.6) ( 2,  7.2)
 ( 2,  7.1) ( 2,  6.1) ( 2,  7.1) ( 6,  5.6) ( 6,  5.4) ( 2,  6.3)
 ( 6,  5.3) ( 1,  7.9) ( 1,  8.4) ( 1,  8.1) ( 7,  2.4) ( 6,  5.6)
 ( 2,  7.5) ( 7,  2.5) ( 6,  5. ) ( 6,  3.8) ( 1,  7.9) ( 6,  4.3)
 ( 5, -2.1) ( 5, -1.8) ( 6,  3.8) ( 7,  2.1) ( 8,  0.5) ( 5, -0.9)
 ( 8,  0.4) ( 2,  7.5) ( 1,  8.3) ( 8, -0.2) ( 8,  0.1) (10,  1.5)
 ( 1,  8.3) ( 0,  9.4) ( 8,  1.3) ( 7,  2.2) ( 8, -0.4) ( 6,  4.5)
 ( 1,  7.9) ( 6,  4.3) ( 5, -2.7) ( 8,  0.3) ( 6,  3.8) ( 7,  2.4)
 ( 8,  1.2) ( 8,  1.2) ( 8, -0.3) ( 6,  4.7) ( 6,  4.9) ( 8,  1.4)
 ( 7,  2.2) ( 8, -0.1) ( 5, -0.9) ( 8,  0.6) ( 6,  4.6) ( 0,  9.8)
 ( 0, 10.6) ( 1,  7.8) ( 6,  4.4) ( 8, -0.2) ( 6,  4.3) ( 2,  7.4)
 ( 1,  8.6) ( 0, 10.2) ( 2,  7.3) ( 1,  8.7) ( 8,  1. ) ( 7,  2.1)
 ( 2,  6.4) ( 6,  5.4) ( 8,  0.4) ( 6,  4. ) ( 1,  8.4) ( 8,  0.4)
 ( 6,  4.2) ( 8,  0.9) ( 8,  0.8) ( 6,  4.3) ( 2,  6.3) ( 7,  3.5)
 ( 5, -1.5) ( 8,  1.2) ( 8,  0.5) ( 6,  5.3) ( 2,  6.6) ( 5, -1.6)
 (10, -3.1) ( 8, -0.1) ( 8, -0.6) ( 7,  3. ) ( 7,  2.9) ( 5, -1.3)
 ( 7,  1.8) ( 7,  2.9) ( 5, -2.6) ( 8,  0.5) ( 7,  2.7) ( 5, -1.7)
 ( 5, -0.9) ( 5, -1.8) ( 8,  1.3) ( 7,  2.4) ( 5, -1.1) ( 7,  2.3)
 ( 5, -2.2) (10, -3.5) ( 5, -1. ) ( 5, -2.1) ( 5, -2. ) ( 5, -2.3)
 ( 5, -1.6) ( 8,  0.8) (10, -2.8) (10, -2.8) ( 7,  3. ) ( 6,  4.4)
 ( 7,  2.3) ( 5, -2. ) ( 5, -1.9) ( 6,  4.8) ( 8, -0.6) ( 7,  3.1)
 (10, -2.9) (10, -3.5) ( 8, -0.3) ( 8,  0.1) ( 7,  2.3) ( 7,  2.1)
 ( 6,  4.6) ( 6,  3.7) ( 5, -1.3) (10, -3.4) (10, -5.3) ( 8,  0. )
 ( 7,  2.4) ( 8, -0.6) ( 7,  2.3) (10, -3.7) ( 5, -0.9) ( 5, -1.5)
 (10, -3.3) ( 8, -0.1) ( 8, -0.2) ( 8,  0.5) ( 2,  6.1) ( 6,  4.1)
 ( 8,  0.1) ( 7,  3.2) ( 6,  5.4) (10,  5.8) ( 2,  6.3) ( 5, -0.9)
 ( 8,  0.2) (10, -3.7) ( 5, -2.7) ( 5, -2.5) ( 8, -0.5) ( 1,  9. )
 ( 9, 13.1) ( 1,  8.7) ( 6,  3.9) ( 8,  0.7) ( 8,  1.1) ( 6,  5.1)
 ( 2,  7.5) ( 6,  4.7) ( 7,  3.2) ( 1,  7.8) ( 7,  2.4) ( 7,  3.2)
 ( 7,  2.5) ( 2,  6.5) ( 3, 14.4) ( 6,  4.9) ( 7,  2.3) ( 8,  1.4)
 ( 6,  5.6) (10, 16.8) ( 3, 14.4) ( 0, 10.3) ( 4, 11.2) ( 8,  0.3)
 ( 8,  0.5) ( 8,  0.5) ( 6,  4.6) ( 1,  8.2) ( 6,  4.5) ( 2,  6.7)
 ( 4, 11.9) ( 1,  9.2) ( 6,  4.4) ( 6,  5. ) ( 2,  6.7) ( 1,  8.3)
 ( 4, 11.3) ( 1,  9. ) ( 7,  3.4) ( 7,  3.2) ( 8,  0.9) ( 7,  3.3)
 ( 1,  7.9) ( 1,  9. ) ( 2,  7.1) ( 4, 12.5) ( 4, 12.5) ( 4, 12.3)]

36 determined outlier frequencies:
[16.4 16.6 16.3 17.2 16.5 19.9 16.7 16.5 16.5 17.5 17.5 20.9 17.  17.9
 17.2 17.9 18.  17.6 17.1 18.2 16.8 16.3  1.5 -3.1 -3.5 -2.8 -2.8 -2.9
 -3.5 -3.4 -5.3 -3.7 -3.3  5.8 -3.7 16.8]
analyze method without outliers


analyzing the results:
number of max cluster size: 10
number of actually used clusters: 10
min value of all elements: -2.7
max value of all elements: 16.0
mean of all elements: 6.941212121212121
median of all elements: 7.1
standard deviation of all elements: 5.377297821777728
variance of all elements: 28.915331864095503
distribution of all clusters: [0 0 0 0 0 0 0 0 0 0 0 0 0 0 0 0 0 0 0 0 0 1 1 1 1 1 1 1 1 1 1 1 1 1 1 1 1
 1 1 1 1 1 1 1 1 1 1 1 1 1 1 1 1 1 1 2 2 2 2 2 2 2 2 2 2 2 2 2 2 2 2 2 2 2
 2 2 2 2 2 2 2 2 2 3 3 3 3 3 3 3 3 3 3 3 3 3 3 3 3 3 3 3 3 3 3 3 3 3 3 3 3
 3 3 3 3 3 3 3 3 4 4 4 4 4 4 4 4 4 4 4 4 4 4 4 4 4 4 4 4 4 4 4 4 4 4 4 4 4
 4 4 4 4 4 4 4 4 5 5 5 5 5 5 5 5 5 5 5 5 5 5 5 5 5 5 5 5 5 5 5 5 5 5 5 6 6
 6 6 6 6 6 6 6 6 6 6 6 6 6 6 6 6 6 6 6 6 6 6 6 6 6 6 6 6 6 6 6 6 6 6 6 6 6
 6 6 6 7 7 7 7 7 7 7 7 7 7 7 7 7 7 7 7 7 7 7 7 7 7 7 7 7 7 7 7 7 7 7 7 7 8
 8 8 8 8 8 8 8 8 8 8 8 8 8 8 8 8 8 8 8 8 8 8 8 8 8 8 8 8 8 8 8 8 8 8 8 8 8
 8 8 8 8 8 8 8 9 9 9 9 9 9 9 9 9 9 9 9 9 9 9 9 9 9 9 9 9 9 9 9 9 9 9]

cluster #0: 	sum elements:21  	min value: 9.4 	max value: 10.8 	mean: 10.1 	std deviation: 0.443 	median: 10.1
cluster #0 homoscedasticity given with ratio = 1.000000000000005
cluster #1: 	sum elements:34  	min value: 7.7 	max value: 9.2 	mean: 8.4 	std deviation: 0.455 	median: 8.4
cluster #1 homoscedasticity given with ratio = 1.3061224489795877
cluster #2: 	sum elements:28  	min value: 5.9 	max value: 7.6 	mean: 6.8 	std deviation: 0.538 	median: 6.95
cluster #2 homoscedasticity given with ratio = 1.2656249999999991
cluster #3: 	sum elements:36  	min value: 14.3 	max value: 16.0 	mean: 15.1 	std deviation: 0.51 	median: 15.1
cluster #3 homoscedasticity given with ratio = 1.2656250000000042
cluster #4: 	sum elements:37  	min value: 11.2 	max value: 12.6 	mean: 12.0 	std deviation: 0.448 	median: 12.0
cluster #4 homoscedasticity NOT given with ratio = 1.7777777777777828
cluster #5: 	sum elements:27  	min value: -2.7 	max value: -0.9 	mean: -1.7 	std deviation: 0.591 	median: -1.7
cluster #5 homoscedasticity NOT given with ratio = 1.5625000000000009
cluster #6: 	sum elements:42  	min value: 3.7 	max value: 5.6 	mean: 4.7 	std deviation: 0.56 	median: 4.55
cluster #6 homoscedasticity given with ratio = 1.2345679012345694
cluster #7: 	sum elements:33  	min value: 1.8 	max value: 3.5 	mean: 2.7 	std deviation: 0.484 	median: 2.5
cluster #7 homoscedasticity given with ratio = 1.265625000000001
cluster #8: 	sum elements:45  	min value: -0.6 	max value: 1.4 	mean: 0.4 	std deviation: 0.587 	median: 0.4
cluster #8 homoscedasticity given with ratio = 1.0000000000000002
cluster #9: 	sum elements:27  	min value: 12.7 	max value: 14.0 	mean: 13.3 	std deviation: 0.412 	median: 13.2
cluster #9 homoscedasticity given with ratio = 1.3611111111111018
homoscedasticity given for 8 of 10 used clusters

number of elements: 330

built clusters:
cluster #5: -2.7 -- -0.9 (27)
cluster #8: -0.6 -- 1.4 (45)
cluster #7: 1.8 -- 3.5 (33)
cluster #6: 3.7 -- 5.6 (42)
cluster #2: 5.9 -- 7.6 (28)
cluster #1: 7.7 -- 9.2 (34)
cluster #0: 9.4 -- 10.8 (21)
cluster #4: 11.2 -- 12.6 (37)
cluster #9: 12.7 -- 14.0 (27)
cluster #3: 14.3 -- 16.0 (36)

score even distribution (SED) MAX: 1.21e+15
score even distribution (SED) MAX: 1210775823069120.0
SED number of digits: 16

number of used clusters (NUC) MAX: 1.0

sum variances (SV) MIN: 2.4844422989751687
sum variances (SV) MIN: 2.48e+00
ratio between SED and sv digits MAX: 0
SUM: NUC(MAX): 1.0	 SED(MAX): 1.21e+15	 SV(MIN): 2.48e+00

Mean Silhouette Coefficient of all clusters MSC(MAX): 0.57
(best value is 1 and the worst value is -1. Values near 0 indicate overlapping clusters)

Davies-Bouldin score DB(MIN): 0.49
(The minimum score is zero, with lower values indicating better clustering.)

finished all 10 trials


Variances (Population):
 NUC: 0.0
 SED: 1.60e+27
 SV: 6.64e-05
 MSC: 1.60e-05



TEST NUCs: [1. 1. 1. 1. 1. 1. 1. 1. 1. 1.]

Process finished with exit code 0
