

TRIAL: 1
***********


starting algorithm at: 08:16:47.049296
finishing algorithm at: 08:16:47.051711

running time of algorithm: 0:00:00.002415


frquencies result
[(6,  8. ) (1, 14. ) (1, 13.7) (1, 13.3) (6,  7.6) (6,  6.2) (6,  6.1)
 (3,  8.3) (3,  8.8) (3,  8.4) (3,  9.1) (3,  8.5) (3, 10.1) (7, 12.1)
 (3, 10.1) (1, 12.4) (1, 13.8) (7, 11.7) (1, 12.4) (9, 15.6) (9, 15.3)
 (4, 16.4) (1, 12.8) (7, 12. ) (9, 15.4) (9, 15.6) (1, 13.3) (1, 12.9)
 (9, 15.1) (1, 13.6) (9, 15.1) (7, 11.6) (4, 16.6) (1, 13.3) (9, 14.5)
 (4, 16.3) (4, 17.2) (4, 16.5) (9, 15. ) (9, 14.9) (7, 11.8) (7, 11.7)
 (3,  9.6) (3,  8.9) (3, 10.1) (9, 15.5) (7, 10.8) (6,  7.5) (1, 12.8)
 (1, 12.6) (9, 14.8) (4, 19.9) (3,  9.2) (1, 12.4) (7, 11.3) (3,  9.8)
 (9, 14.3) (9, 15.1) (9, 14.4) (9, 15.4) (1, 13.8) (1, 13.6) (9, 14.3)
 (9, 15.9) (4, 16.7) (7, 12.1) (9, 14.3) (4, 16.5) (4, 16.5) (4, 17.5)
 (9, 14.7) (4, 17.5) (4, 20.9) (4, 17. ) (9, 16. ) (9, 15.4) (4, 17.9)
 (9, 15.2) (9, 15.1) (9, 15.3) (4, 17.2) (9, 15.9) (3, 10. ) (3,  9.9)
 (3, 10.3) (9, 15.4) (1, 12.7) (1, 13.2) (9, 15.3) (4, 17.9) (4, 18. )
 (4, 17.6) (9, 16. ) (9, 14.9) (4, 17.1) (4, 18.2) (4, 16.8) (1, 13.6)
 (9, 14.5) (1, 12.4) (7, 10.4) (3,  9.1) (3,  8.9) (9, 14.5) (1, 12.6)
 (3,  8.6) (7, 10.8) (7, 11.2) (7, 12.1) (7, 10.8) (7, 11.4) (7, 12. )
 (4, 16.3) (1, 12.7) (1, 12.7) (7, 12. ) (7, 11.5) (1, 13. ) (7, 11.7)
 (9, 14.8) (6,  7.7) (0,  4.4) (6,  7.4) (3,  8.3) (3, 10.1) (7, 12. )
 (1, 12.9) (7, 10.8) (3,  9.5) (7, 12.1) (1, 12.5) (1, 13.9) (1, 13.3)
 (1, 13.2) (7, 12.3) (1, 13.8) (7, 11.3) (7, 11.7) (1, 12.5) (9, 15.1)
 (7, 11.5) (1, 13. ) (7, 11.6) (1, 12.8) (9, 15.5) (1, 13.1) (1, 12.6)
 (0,  4.4) (0,  4.4) (6,  7.1) (0,  4.2) (3,  9.6) (0,  3.5) (0,  5.3)
 (6,  7. ) (8,  0.4) (5,  3.2) (6,  5.9) (3,  8.1) (6,  6.9) (0,  5.6)
 (6,  7.2) (6,  7.1) (6,  6.1) (6,  7.1) (0,  5.6) (0,  5.4) (6,  6.3)
 (0,  5.3) (6,  7.9) (3,  8.4) (3,  8.1) (5,  2.4) (0,  5.6) (6,  7.5)
 (5,  2.5) (0,  5. ) (0,  3.8) (6,  7.9) (0,  4.3) (2, -2.1) (2, -1.8)
 (0,  3.8) (5,  2.1) (8,  0.5) (8, -0.9) (8,  0.4) (6,  7.5) (3,  8.3)
 (8, -0.2) (8,  0.1) (5,  1.5) (3,  8.3) (3,  9.4) (5,  1.3) (5,  2.2)
 (8, -0.4) (0,  4.5) (6,  7.9) (0,  4.3) (2, -2.7) (8,  0.3) (0,  3.8)
 (5,  2.4) (5,  1.2) (5,  1.2) (8, -0.3) (0,  4.7) (0,  4.9) (5,  1.4)
 (5,  2.2) (8, -0.1) (8, -0.9) (8,  0.6) (0,  4.6) (3,  9.8) (7, 10.6)
 (6,  7.8) (0,  4.4) (8, -0.2) (0,  4.3) (6,  7.4) (3,  8.6) (3, 10.2)
 (6,  7.3) (3,  8.7) (8,  1. ) (5,  2.1) (6,  6.4) (0,  5.4) (8,  0.4)
 (0,  4. ) (3,  8.4) (8,  0.4) (0,  4.2) (8,  0.9) (8,  0.8) (0,  4.3)
 (6,  6.3) (0,  3.5) (2, -1.5) (5,  1.2) (8,  0.5) (0,  5.3) (6,  6.6)
 (2, -1.6) (2, -3.1) (8, -0.1) (8, -0.6) (5,  3. ) (5,  2.9) (2, -1.3)
 (5,  1.8) (5,  2.9) (2, -2.6) (8,  0.5) (5,  2.7) (2, -1.7) (8, -0.9)
 (2, -1.8) (5,  1.3) (5,  2.4) (2, -1.1) (5,  2.3) (2, -2.2) (2, -3.5)
 (8, -1. ) (2, -2.1) (2, -2. ) (2, -2.3) (2, -1.6) (8,  0.8) (2, -2.8)
 (2, -2.8) (5,  3. ) (0,  4.4) (5,  2.3) (2, -2. ) (2, -1.9) (0,  4.8)
 (8, -0.6) (5,  3.1) (2, -2.9) (2, -3.5) (8, -0.3) (8,  0.1) (5,  2.3)
 (5,  2.1) (0,  4.6) (0,  3.7) (2, -1.3) (2, -3.4) (2, -5.3) (8,  0. )
 (5,  2.4) (8, -0.6) (5,  2.3) (2, -3.7) (8, -0.9) (2, -1.5) (2, -3.3)
 (8, -0.1) (8, -0.2) (8,  0.5) (6,  6.1) (0,  4.1) (8,  0.1) (5,  3.2)
 (0,  5.4) (0,  5.8) (6,  6.3) (8, -0.9) (8,  0.2) (2, -3.7) (2, -2.7)
 (2, -2.5) (8, -0.5) (3,  9. ) (1, 13.1) (3,  8.7) (0,  3.9) (8,  0.7)
 (8,  1.1) (0,  5.1) (6,  7.5) (0,  4.7) (5,  3.2) (6,  7.8) (5,  2.4)
 (5,  3.2) (5,  2.5) (6,  6.5) (9, 14.4) (0,  4.9) (5,  2.3) (5,  1.4)
 (0,  5.6) (4, 16.8) (9, 14.4) (3, 10.3) (7, 11.2) (8,  0.3) (8,  0.5)
 (8,  0.5) (0,  4.6) (3,  8.2) (0,  4.5) (6,  6.7) (7, 11.9) (3,  9.2)
 (0,  4.4) (0,  5. ) (6,  6.7) (3,  8.3) (7, 11.3) (3,  9. ) (0,  3.4)
 (5,  3.2) (8,  0.9) (5,  3.3) (6,  7.9) (3,  9. ) (6,  7.1) (1, 12.5)
 (1, 12.5) (7, 12.3)]


analyzing the results:
number of max cluster size: 10
number of actually used clusters: 10
min value of all elements: -5.3
max value of all elements: 20.9
mean of all elements: 7.2655737704918035
median of all elements: 7.45
standard deviation of all elements: 6.017562236643699
variance of all elements: 36.21105527188032
distribution of all clusters: [0 0 0 0 0 0 0 0 0 0 0 0 0 0 0 0 0 0 0 0 0 0 0 0 0 0 0 0 0 0 0 0 0 0 0 0 0
 0 0 0 0 0 0 0 0 0 1 1 1 1 1 1 1 1 1 1 1 1 1 1 1 1 1 1 1 1 1 1 1 1 1 1 1 1
 1 1 1 1 1 1 1 1 1 1 2 2 2 2 2 2 2 2 2 2 2 2 2 2 2 2 2 2 2 2 2 2 2 2 2 2 2
 2 2 2 2 2 3 3 3 3 3 3 3 3 3 3 3 3 3 3 3 3 3 3 3 3 3 3 3 3 3 3 3 3 3 3 3 3
 3 3 3 3 3 3 3 3 3 4 4 4 4 4 4 4 4 4 4 4 4 4 4 4 4 4 4 4 4 4 4 4 5 5 5 5 5
 5 5 5 5 5 5 5 5 5 5 5 5 5 5 5 5 5 5 5 5 5 5 5 5 5 5 5 5 5 5 5 5 5 6 6 6 6
 6 6 6 6 6 6 6 6 6 6 6 6 6 6 6 6 6 6 6 6 6 6 6 6 6 6 6 6 6 6 6 6 7 7 7 7 7
 7 7 7 7 7 7 7 7 7 7 7 7 7 7 7 7 7 7 7 7 7 7 7 7 7 7 7 8 8 8 8 8 8 8 8 8 8
 8 8 8 8 8 8 8 8 8 8 8 8 8 8 8 8 8 8 8 8 8 8 8 8 8 8 8 8 8 8 8 8 8 8 9 9 9
 9 9 9 9 9 9 9 9 9 9 9 9 9 9 9 9 9 9 9 9 9 9 9 9 9 9 9 9 9 9 9 9 9]

cluster #0: 	sum elements:46  	min value: 3.4 	max value: 5.8 	mean: 4.6 	std deviation: 0.637 	median: 4.5
cluster #0 homoscedasticity given with ratio = 1.0000000000000007
cluster #1: 	sum elements:38  	min value: 12.4 	max value: 14.0 	mean: 13.0 	std deviation: 0.494 	median: 12.95
cluster #1 homoscedasticity NOT given with ratio = 2.777777777777781
cluster #2: 	sum elements:32  	min value: -5.3 	max value: -1.1 	mean: -2.4 	std deviation: 0.92 	median: -2.25
cluster #2 homoscedasticity NOT given with ratio = 4.976331360946747
cluster #3: 	sum elements:41  	min value: 8.1 	max value: 10.3 	mean: 9.1 	std deviation: 0.71 	median: 9.0
cluster #3 homoscedasticity given with ratio = 1.4400000000000026
cluster #4: 	sum elements:23  	min value: 16.3 	max value: 20.9 	mean: 17.4 	std deviation: 1.129 	median: 17.1
cluster #4 homoscedasticity NOT given with ratio = 10.1239669421488
cluster #5: 	sum elements:38  	min value: 1.2 	max value: 3.3 	mean: 2.3 	std deviation: 0.656 	median: 2.3499999999999996
cluster #5 homoscedasticity given with ratio = 1.2099999999999997
cluster #6: 	sum elements:36  	min value: 5.9 	max value: 8.0 	mean: 7.1 	std deviation: 0.642 	median: 7.1
cluster #6 homoscedasticity NOT given with ratio = 1.7777777777777743
cluster #7: 	sum elements:32  	min value: 10.4 	max value: 12.3 	mean: 11.6 	std deviation: 0.519 	median: 11.649999999999999
cluster #7 homoscedasticity NOT given with ratio = 2.9387755102040694
cluster #8: 	sum elements:44  	min value: -1.0 	max value: 1.1 	mean: 0.1 	std deviation: 0.591 	median: 0.1
cluster #8 homoscedasticity given with ratio = 1.2100000000000002
cluster #9: 	sum elements:36  	min value: 14.3 	max value: 16.0 	mean: 15.1 	std deviation: 0.51 	median: 15.1
cluster #9 homoscedasticity given with ratio = 1.2656250000000042
homoscedasticity given for 5 of 10 used clusters

number of elements: 366

built clusters:
cluster #2: -5.3 -- -1.1 (32)
cluster #8: -1.0 -- 1.1 (44)
cluster #5: 1.2 -- 3.3 (38)
cluster #0: 3.4 -- 5.8 (46)
cluster #6: 5.9 -- 8.0 (36)
cluster #3: 8.1 -- 10.3 (41)
cluster #7: 10.4 -- 12.3 (32)
cluster #1: 12.4 -- 14.0 (38)
cluster #9: 14.3 -- 16.0 (36)
cluster #4: 16.3 -- 20.9 (23)

score even distribution (SED) MAX: 3.66e+15
score even distribution (SED) MAX: 3657584365535232.0
SED number of digits: 16

number of used clusters (NUC) MAX: 1.0

sum variances (SV) MIN: 4.8427900950107
sum variances (SV) MIN: 4.84e+00
ratio between SED and sv digits MAX: 0
SUM: NUC(MAX): 1.0	 SED(MAX): 3.66e+15	 SV(MIN): 4.84e+00

Mean Silhouette Coefficient of all clusters MSC(MAX): 0.54
(best value is 1 and the worst value is -1. Values near 0 indicate overlapping clusters)

Davies-Bouldin score DB(MIN): 0.52
(The minimum score is zero, with lower values indicating better clustering.)


TRIAL: 2
***********


starting algorithm at: 08:16:47.065519
finishing algorithm at: 08:16:47.067635

running time of algorithm: 0:00:00.002116


frquencies result
[(2,  8. ) (6, 14. ) (6, 13.7) (1, 13.3) (2,  7.6) (2,  6.2) (5,  6.1)
 (2,  8.3) (8,  8.8) (2,  8.4) (8,  9.1) (2,  8.5) (8, 10.1) (1, 12.1)
 (8, 10.1) (1, 12.4) (6, 13.8) (1, 11.7) (1, 12.4) (6, 15.6) (6, 15.3)
 (4, 16.4) (1, 12.8) (1, 12. ) (6, 15.4) (6, 15.6) (1, 13.3) (1, 12.9)
 (6, 15.1) (1, 13.6) (6, 15.1) (1, 11.6) (4, 16.6) (1, 13.3) (6, 14.5)
 (4, 16.3) (4, 17.2) (4, 16.5) (6, 15. ) (6, 14.9) (1, 11.8) (1, 11.7)
 (8,  9.6) (8,  8.9) (8, 10.1) (6, 15.5) (8, 10.8) (2,  7.5) (1, 12.8)
 (1, 12.6) (6, 14.8) (4, 19.9) (8,  9.2) (1, 12.4) (1, 11.3) (8,  9.8)
 (6, 14.3) (6, 15.1) (6, 14.4) (6, 15.4) (6, 13.8) (1, 13.6) (6, 14.3)
 (4, 15.9) (4, 16.7) (1, 12.1) (6, 14.3) (4, 16.5) (4, 16.5) (4, 17.5)
 (6, 14.7) (4, 17.5) (4, 20.9) (4, 17. ) (4, 16. ) (6, 15.4) (4, 17.9)
 (6, 15.2) (6, 15.1) (6, 15.3) (4, 17.2) (4, 15.9) (8, 10. ) (8,  9.9)
 (8, 10.3) (6, 15.4) (1, 12.7) (1, 13.2) (6, 15.3) (4, 17.9) (4, 18. )
 (4, 17.6) (4, 16. ) (6, 14.9) (4, 17.1) (4, 18.2) (4, 16.8) (1, 13.6)
 (6, 14.5) (1, 12.4) (8, 10.4) (8,  9.1) (8,  8.9) (6, 14.5) (1, 12.6)
 (2,  8.6) (8, 10.8) (1, 11.2) (1, 12.1) (8, 10.8) (1, 11.4) (1, 12. )
 (4, 16.3) (1, 12.7) (1, 12.7) (1, 12. ) (1, 11.5) (1, 13. ) (1, 11.7)
 (6, 14.8) (2,  7.7) (5,  4.4) (2,  7.4) (2,  8.3) (8, 10.1) (1, 12. )
 (1, 12.9) (8, 10.8) (8,  9.5) (1, 12.1) (1, 12.5) (6, 13.9) (1, 13.3)
 (1, 13.2) (1, 12.3) (6, 13.8) (1, 11.3) (1, 11.7) (1, 12.5) (6, 15.1)
 (1, 11.5) (1, 13. ) (1, 11.6) (1, 12.8) (6, 15.5) (1, 13.1) (1, 12.6)
 (5,  4.4) (5,  4.4) (2,  7.1) (5,  4.2) (8,  9.6) (5,  3.5) (5,  5.3)
 (2,  7. ) (7,  0.4) (0,  3.2) (5,  5.9) (2,  8.1) (2,  6.9) (5,  5.6)
 (2,  7.2) (2,  7.1) (5,  6.1) (2,  7.1) (5,  5.6) (5,  5.4) (2,  6.3)
 (5,  5.3) (2,  7.9) (2,  8.4) (2,  8.1) (0,  2.4) (5,  5.6) (2,  7.5)
 (0,  2.5) (5,  5. ) (5,  3.8) (2,  7.9) (5,  4.3) (3, -2.1) (9, -1.8)
 (5,  3.8) (0,  2.1) (7,  0.5) (9, -0.9) (7,  0.4) (2,  7.5) (2,  8.3)
 (7, -0.2) (7,  0.1) (0,  1.5) (2,  8.3) (8,  9.4) (7,  1.3) (0,  2.2)
 (9, -0.4) (5,  4.5) (2,  7.9) (5,  4.3) (3, -2.7) (7,  0.3) (5,  3.8)
 (0,  2.4) (7,  1.2) (7,  1.2) (9, -0.3) (5,  4.7) (5,  4.9) (7,  1.4)
 (0,  2.2) (7, -0.1) (9, -0.9) (7,  0.6) (5,  4.6) (8,  9.8) (8, 10.6)
 (2,  7.8) (5,  4.4) (7, -0.2) (5,  4.3) (2,  7.4) (2,  8.6) (8, 10.2)
 (2,  7.3) (2,  8.7) (7,  1. ) (0,  2.1) (2,  6.4) (5,  5.4) (7,  0.4)
 (5,  4. ) (2,  8.4) (7,  0.4) (5,  4.2) (7,  0.9) (7,  0.8) (5,  4.3)
 (2,  6.3) (5,  3.5) (9, -1.5) (7,  1.2) (7,  0.5) (5,  5.3) (2,  6.6)
 (9, -1.6) (3, -3.1) (7, -0.1) (9, -0.6) (0,  3. ) (0,  2.9) (9, -1.3)
 (0,  1.8) (0,  2.9) (3, -2.6) (7,  0.5) (0,  2.7) (9, -1.7) (9, -0.9)
 (9, -1.8) (7,  1.3) (0,  2.4) (9, -1.1) (0,  2.3) (3, -2.2) (3, -3.5)
 (9, -1. ) (3, -2.1) (3, -2. ) (3, -2.3) (9, -1.6) (7,  0.8) (3, -2.8)
 (3, -2.8) (0,  3. ) (5,  4.4) (0,  2.3) (3, -2. ) (3, -1.9) (5,  4.8)
 (9, -0.6) (0,  3.1) (3, -2.9) (3, -3.5) (9, -0.3) (7,  0.1) (0,  2.3)
 (0,  2.1) (5,  4.6) (5,  3.7) (9, -1.3) (3, -3.4) (3, -5.3) (7,  0. )
 (0,  2.4) (9, -0.6) (0,  2.3) (3, -3.7) (9, -0.9) (9, -1.5) (3, -3.3)
 (7, -0.1) (7, -0.2) (7,  0.5) (5,  6.1) (5,  4.1) (7,  0.1) (0,  3.2)
 (5,  5.4) (5,  5.8) (2,  6.3) (9, -0.9) (7,  0.2) (3, -3.7) (3, -2.7)
 (3, -2.5) (9, -0.5) (8,  9. ) (1, 13.1) (2,  8.7) (5,  3.9) (7,  0.7)
 (7,  1.1) (5,  5.1) (2,  7.5) (5,  4.7) (0,  3.2) (2,  7.8) (0,  2.4)
 (0,  3.2) (0,  2.5) (2,  6.5) (6, 14.4) (5,  4.9) (0,  2.3) (7,  1.4)
 (5,  5.6) (4, 16.8) (6, 14.4) (8, 10.3) (1, 11.2) (7,  0.3) (7,  0.5)
 (7,  0.5) (5,  4.6) (2,  8.2) (5,  4.5) (2,  6.7) (1, 11.9) (8,  9.2)
 (5,  4.4) (5,  5. ) (2,  6.7) (2,  8.3) (1, 11.3) (8,  9. ) (0,  3.4)
 (0,  3.2) (7,  0.9) (0,  3.3) (2,  7.9) (8,  9. ) (2,  7.1) (1, 12.5)
 (1, 12.5) (1, 12.3)]


analyzing the results:
number of max cluster size: 10
number of actually used clusters: 10
min value of all elements: -5.3
max value of all elements: 20.9
mean of all elements: 7.2655737704918035
median of all elements: 7.45
standard deviation of all elements: 6.017562236643699
variance of all elements: 36.21105527188032
distribution of all clusters: [0 0 0 0 0 0 0 0 0 0 0 0 0 0 0 0 0 0 0 0 0 0 0 0 0 0 0 0 0 0 0 0 1 1 1 1 1
 1 1 1 1 1 1 1 1 1 1 1 1 1 1 1 1 1 1 1 1 1 1 1 1 1 1 1 1 1 1 1 1 1 1 1 1 1
 1 1 1 1 1 1 1 1 1 1 1 1 1 1 1 1 2 2 2 2 2 2 2 2 2 2 2 2 2 2 2 2 2 2 2 2 2
 2 2 2 2 2 2 2 2 2 2 2 2 2 2 2 2 2 2 2 2 2 2 2 2 2 2 2 3 3 3 3 3 3 3 3 3 3
 3 3 3 3 3 3 3 3 3 3 3 3 4 4 4 4 4 4 4 4 4 4 4 4 4 4 4 4 4 4 4 4 4 4 4 4 4
 4 4 5 5 5 5 5 5 5 5 5 5 5 5 5 5 5 5 5 5 5 5 5 5 5 5 5 5 5 5 5 5 5 5 5 5 5
 5 5 5 5 5 5 5 5 5 5 5 5 5 5 6 6 6 6 6 6 6 6 6 6 6 6 6 6 6 6 6 6 6 6 6 6 6
 6 6 6 6 6 6 6 6 6 6 6 6 6 6 6 7 7 7 7 7 7 7 7 7 7 7 7 7 7 7 7 7 7 7 7 7 7
 7 7 7 7 7 7 7 7 7 7 7 7 7 7 7 7 8 8 8 8 8 8 8 8 8 8 8 8 8 8 8 8 8 8 8 8 8
 8 8 8 8 8 8 8 8 8 8 9 9 9 9 9 9 9 9 9 9 9 9 9 9 9 9 9 9 9 9 9 9 9]

cluster #0: 	sum elements:32  	min value: 1.5 	max value: 3.4 	mean: 2.6 	std deviation: 0.484 	median: 2.4
cluster #0 homoscedasticity NOT given with ratio = 1.8906250000000013
cluster #1: 	sum elements:58  	min value: 11.2 	max value: 13.6 	mean: 12.4 	std deviation: 0.674 	median: 12.4
cluster #1 homoscedasticity given with ratio = 1.0000000000000029
cluster #2: 	sum elements:48  	min value: 6.2 	max value: 8.7 	mean: 7.6 	std deviation: 0.738 	median: 7.65
cluster #2 homoscedasticity NOT given with ratio = 1.6198347107438014
cluster #3: 	sum elements:22  	min value: -5.3 	max value: -1.9 	mean: -2.9 	std deviation: 0.795 	median: -2.75
cluster #3 homoscedasticity NOT given with ratio = 5.76
cluster #4: 	sum elements:27  	min value: 15.9 	max value: 20.9 	mean: 17.2 	std deviation: 1.158 	median: 16.8
cluster #4 homoscedasticity NOT given with ratio = 8.100591715976341
cluster #5: 	sum elements:49  	min value: 3.5 	max value: 6.1 	mean: 4.7 	std deviation: 0.711 	median: 4.6
cluster #5 homoscedasticity given with ratio = 1.3611111111111096
cluster #6: 	sum elements:38  	min value: 13.7 	max value: 15.6 	mean: 14.8 	std deviation: 0.576 	median: 14.9
cluster #6 homoscedasticity NOT given with ratio = 1.8906250000000098
cluster #7: 	sum elements:38  	min value: -0.2 	max value: 1.4 	mean: 0.5 	std deviation: 0.492 	median: 0.5
cluster #7 homoscedasticity NOT given with ratio = 1.6530612244897958
cluster #8: 	sum elements:31  	min value: 8.8 	max value: 10.8 	mean: 9.8 	std deviation: 0.649 	median: 9.8
cluster #8 homoscedasticity given with ratio = 0
cluster #9: 	sum elements:23  	min value: -1.8 	max value: -0.3 	mean: -1.0 	std deviation: 0.489 	median: -0.9
cluster #9 homoscedasticity given with ratio = 1.3061224489795922
homoscedasticity given for 4 of 10 used clusters

number of elements: 366

built clusters:
cluster #3: -5.3 -- -1.9 (22)
cluster #9: -1.8 -- -0.3 (23)
cluster #7: -0.2 -- 1.4 (38)
cluster #0: 1.5 -- 3.4 (32)
cluster #5: 3.5 -- 6.1 (49)
cluster #2: 6.2 -- 8.7 (48)
cluster #8: 8.8 -- 10.8 (31)
cluster #1: 11.2 -- 13.6 (58)
cluster #6: 13.7 -- 15.6 (38)
cluster #4: 15.9 -- 20.9 (27)

score even distribution (SED) MAX: 2.67e+15
score even distribution (SED) MAX: 2669675385839616.0
SED number of digits: 16

number of used clusters (NUC) MAX: 1.0

sum variances (SV) MIN: 4.791322421556826
sum variances (SV) MIN: 4.79e+00
ratio between SED and sv digits MAX: 0
SUM: NUC(MAX): 1.0	 SED(MAX): 2.67e+15	 SV(MIN): 4.79e+00

Mean Silhouette Coefficient of all clusters MSC(MAX): 0.54
(best value is 1 and the worst value is -1. Values near 0 indicate overlapping clusters)

Davies-Bouldin score DB(MIN): 0.52
(The minimum score is zero, with lower values indicating better clustering.)


TRIAL: 3
***********


starting algorithm at: 08:16:47.080613
finishing algorithm at: 08:16:47.082689

running time of algorithm: 0:00:00.002076


frquencies result
[(3,  8. ) (0, 14. ) (0, 13.7) (0, 13.3) (3,  7.6) (9,  6.2) (9,  6.1)
 (3,  8.3) (3,  8.8) (3,  8.4) (3,  9.1) (3,  8.5) (6, 10.1) (6, 12.1)
 (6, 10.1) (0, 12.4) (0, 13.8) (6, 11.7) (0, 12.4) (4, 15.6) (4, 15.3)
 (7, 16.4) (0, 12.8) (6, 12. ) (4, 15.4) (4, 15.6) (0, 13.3) (0, 12.9)
 (4, 15.1) (0, 13.6) (4, 15.1) (6, 11.6) (7, 16.6) (0, 13.3) (4, 14.5)
 (7, 16.3) (7, 17.2) (7, 16.5) (4, 15. ) (4, 14.9) (6, 11.8) (6, 11.7)
 (3,  9.6) (3,  8.9) (6, 10.1) (4, 15.5) (6, 10.8) (3,  7.5) (0, 12.8)
 (0, 12.6) (4, 14.8) (7, 19.9) (3,  9.2) (0, 12.4) (6, 11.3) (3,  9.8)
 (4, 14.3) (4, 15.1) (4, 14.4) (4, 15.4) (0, 13.8) (0, 13.6) (4, 14.3)
 (4, 15.9) (7, 16.7) (6, 12.1) (4, 14.3) (7, 16.5) (7, 16.5) (7, 17.5)
 (4, 14.7) (7, 17.5) (7, 20.9) (7, 17. ) (4, 16. ) (4, 15.4) (7, 17.9)
 (4, 15.2) (4, 15.1) (4, 15.3) (7, 17.2) (4, 15.9) (6, 10. ) (6,  9.9)
 (6, 10.3) (4, 15.4) (0, 12.7) (0, 13.2) (4, 15.3) (7, 17.9) (7, 18. )
 (7, 17.6) (4, 16. ) (4, 14.9) (7, 17.1) (7, 18.2) (7, 16.8) (0, 13.6)
 (4, 14.5) (0, 12.4) (6, 10.4) (3,  9.1) (3,  8.9) (4, 14.5) (0, 12.6)
 (3,  8.6) (6, 10.8) (6, 11.2) (6, 12.1) (6, 10.8) (6, 11.4) (6, 12. )
 (7, 16.3) (0, 12.7) (0, 12.7) (6, 12. ) (6, 11.5) (0, 13. ) (6, 11.7)
 (4, 14.8) (3,  7.7) (1,  4.4) (3,  7.4) (3,  8.3) (6, 10.1) (6, 12. )
 (0, 12.9) (6, 10.8) (3,  9.5) (6, 12.1) (0, 12.5) (0, 13.9) (0, 13.3)
 (0, 13.2) (0, 12.3) (0, 13.8) (6, 11.3) (6, 11.7) (0, 12.5) (4, 15.1)
 (6, 11.5) (0, 13. ) (6, 11.6) (0, 12.8) (4, 15.5) (0, 13.1) (0, 12.6)
 (1,  4.4) (1,  4.4) (9,  7.1) (1,  4.2) (3,  9.6) (1,  3.5) (9,  5.3)
 (9,  7. ) (5,  0.4) (8,  3.2) (9,  5.9) (3,  8.1) (9,  6.9) (9,  5.6)
 (3,  7.2) (9,  7.1) (9,  6.1) (9,  7.1) (9,  5.6) (9,  5.4) (9,  6.3)
 (9,  5.3) (3,  7.9) (3,  8.4) (3,  8.1) (8,  2.4) (9,  5.6) (3,  7.5)
 (8,  2.5) (1,  5. ) (1,  3.8) (3,  7.9) (1,  4.3) (2, -2.1) (2, -1.8)
 (1,  3.8) (8,  2.1) (5,  0.5) (2, -0.9) (5,  0.4) (3,  7.5) (3,  8.3)
 (5, -0.2) (5,  0.1) (8,  1.5) (3,  8.3) (3,  9.4) (5,  1.3) (8,  2.2)
 (5, -0.4) (1,  4.5) (3,  7.9) (1,  4.3) (2, -2.7) (5,  0.3) (1,  3.8)
 (8,  2.4) (5,  1.2) (5,  1.2) (5, -0.3) (1,  4.7) (1,  4.9) (5,  1.4)
 (8,  2.2) (5, -0.1) (2, -0.9) (5,  0.6) (1,  4.6) (3,  9.8) (6, 10.6)
 (3,  7.8) (1,  4.4) (5, -0.2) (1,  4.3) (3,  7.4) (3,  8.6) (6, 10.2)
 (3,  7.3) (3,  8.7) (5,  1. ) (8,  2.1) (9,  6.4) (9,  5.4) (5,  0.4)
 (1,  4. ) (3,  8.4) (5,  0.4) (1,  4.2) (5,  0.9) (5,  0.8) (1,  4.3)
 (9,  6.3) (1,  3.5) (2, -1.5) (5,  1.2) (5,  0.5) (9,  5.3) (9,  6.6)
 (2, -1.6) (2, -3.1) (5, -0.1) (5, -0.6) (8,  3. ) (8,  2.9) (2, -1.3)
 (8,  1.8) (8,  2.9) (2, -2.6) (5,  0.5) (8,  2.7) (2, -1.7) (2, -0.9)
 (2, -1.8) (5,  1.3) (8,  2.4) (2, -1.1) (8,  2.3) (2, -2.2) (2, -3.5)
 (2, -1. ) (2, -2.1) (2, -2. ) (2, -2.3) (2, -1.6) (5,  0.8) (2, -2.8)
 (2, -2.8) (8,  3. ) (1,  4.4) (8,  2.3) (2, -2. ) (2, -1.9) (1,  4.8)
 (5, -0.6) (8,  3.1) (2, -2.9) (2, -3.5) (5, -0.3) (5,  0.1) (8,  2.3)
 (8,  2.1) (1,  4.6) (1,  3.7) (2, -1.3) (2, -3.4) (2, -5.3) (5,  0. )
 (8,  2.4) (5, -0.6) (8,  2.3) (2, -3.7) (2, -0.9) (2, -1.5) (2, -3.3)
 (5, -0.1) (5, -0.2) (5,  0.5) (9,  6.1) (1,  4.1) (5,  0.1) (8,  3.2)
 (9,  5.4) (9,  5.8) (9,  6.3) (2, -0.9) (5,  0.2) (2, -3.7) (2, -2.7)
 (2, -2.5) (5, -0.5) (3,  9. ) (0, 13.1) (3,  8.7) (1,  3.9) (5,  0.7)
 (5,  1.1) (1,  5.1) (3,  7.5) (1,  4.7) (8,  3.2) (3,  7.8) (8,  2.4)
 (8,  3.2) (8,  2.5) (9,  6.5) (4, 14.4) (1,  4.9) (8,  2.3) (5,  1.4)
 (9,  5.6) (7, 16.8) (4, 14.4) (6, 10.3) (6, 11.2) (5,  0.3) (5,  0.5)
 (5,  0.5) (1,  4.6) (3,  8.2) (1,  4.5) (9,  6.7) (6, 11.9) (3,  9.2)
 (1,  4.4) (1,  5. ) (9,  6.7) (3,  8.3) (6, 11.3) (3,  9. ) (8,  3.4)
 (8,  3.2) (5,  0.9) (8,  3.3) (3,  7.9) (3,  9. ) (9,  7.1) (0, 12.5)
 (0, 12.5) (0, 12.3)]


analyzing the results:
number of max cluster size: 10
number of actually used clusters: 10
min value of all elements: -5.3
max value of all elements: 20.9
mean of all elements: 7.2655737704918035
median of all elements: 7.45
standard deviation of all elements: 6.017562236643699
variance of all elements: 36.21105527188032
distribution of all clusters: [0 0 0 0 0 0 0 0 0 0 0 0 0 0 0 0 0 0 0 0 0 0 0 0 0 0 0 0 0 0 0 0 0 0 0 0 0
 0 0 0 1 1 1 1 1 1 1 1 1 1 1 1 1 1 1 1 1 1 1 1 1 1 1 1 1 1 1 1 1 1 1 1 1 1
 2 2 2 2 2 2 2 2 2 2 2 2 2 2 2 2 2 2 2 2 2 2 2 2 2 2 2 2 2 2 2 2 2 2 2 2 2
 2 3 3 3 3 3 3 3 3 3 3 3 3 3 3 3 3 3 3 3 3 3 3 3 3 3 3 3 3 3 3 3 3 3 3 3 3
 3 3 3 3 3 3 3 3 3 3 3 3 3 4 4 4 4 4 4 4 4 4 4 4 4 4 4 4 4 4 4 4 4 4 4 4 4
 4 4 4 4 4 4 4 4 4 4 4 4 5 5 5 5 5 5 5 5 5 5 5 5 5 5 5 5 5 5 5 5 5 5 5 5 5
 5 5 5 5 5 5 5 5 5 5 5 5 5 5 5 5 5 5 5 5 6 6 6 6 6 6 6 6 6 6 6 6 6 6 6 6 6
 6 6 6 6 6 6 6 6 6 6 6 6 6 6 6 6 6 6 6 6 6 6 7 7 7 7 7 7 7 7 7 7 7 7 7 7 7
 7 7 7 7 7 7 7 7 8 8 8 8 8 8 8 8 8 8 8 8 8 8 8 8 8 8 8 8 8 8 8 8 8 8 8 8 8
 8 8 8 9 9 9 9 9 9 9 9 9 9 9 9 9 9 9 9 9 9 9 9 9 9 9 9 9 9 9 9 9 9]

cluster #0: 	sum elements:40  	min value: 12.3 	max value: 14.0 	mean: 13.0 	std deviation: 0.508 	median: 12.9
cluster #0 homoscedasticity NOT given with ratio = 2.0408163265306163
cluster #1: 	sum elements:34  	min value: 3.5 	max value: 5.1 	mean: 4.4 	std deviation: 0.424 	median: 4.4
cluster #1 homoscedasticity NOT given with ratio = 1.6530612244898006
cluster #2: 	sum elements:38  	min value: -5.3 	max value: -0.9 	mean: -2.2 	std deviation: 1.015 	median: -2.05
cluster #2 homoscedasticity NOT given with ratio = 5.686390532544375
cluster #3: 	sum elements:49  	min value: 7.2 	max value: 9.8 	mean: 8.4 	std deviation: 0.714 	median: 8.3
cluster #3 homoscedasticity given with ratio = 1.3611111111111114
cluster #4: 	sum elements:36  	min value: 14.3 	max value: 16.0 	mean: 15.1 	std deviation: 0.51 	median: 15.1
cluster #4 homoscedasticity given with ratio = 1.2656250000000042
cluster #5: 	sum elements:45  	min value: -0.6 	max value: 1.4 	mean: 0.4 	std deviation: 0.587 	median: 0.4
cluster #5 homoscedasticity given with ratio = 1.0000000000000002
cluster #6: 	sum elements:39  	min value: 9.9 	max value: 12.1 	mean: 11.2 	std deviation: 0.733 	median: 11.3
cluster #6 homoscedasticity NOT given with ratio = 2.086419753086415
cluster #7: 	sum elements:23  	min value: 16.3 	max value: 20.9 	mean: 17.4 	std deviation: 1.129 	median: 17.1
cluster #7 homoscedasticity NOT given with ratio = 10.1239669421488
cluster #8: 	sum elements:32  	min value: 1.5 	max value: 3.4 	mean: 2.6 	std deviation: 0.484 	median: 2.4
cluster #8 homoscedasticity NOT given with ratio = 1.8906250000000013
cluster #9: 	sum elements:30  	min value: 5.3 	max value: 7.1 	mean: 6.2 	std deviation: 0.622 	median: 6.15
cluster #9 homoscedasticity given with ratio = 1.000000000000002
homoscedasticity given for 4 of 10 used clusters

number of elements: 366

built clusters:
cluster #2: -5.3 -- -0.9 (38)
cluster #5: -0.6 -- 1.4 (45)
cluster #8: 1.5 -- 3.4 (32)
cluster #1: 3.5 -- 5.1 (34)
cluster #9: 5.3 -- 7.1 (30)
cluster #3: 7.2 -- 9.8 (49)
cluster #6: 9.9 -- 12.1 (39)
cluster #0: 12.3 -- 14.0 (40)
cluster #4: 14.3 -- 16.0 (36)
cluster #7: 16.3 -- 20.9 (23)

score even distribution (SED) MAX: 3.53e+15
score even distribution (SED) MAX: 3532622865408000.0
SED number of digits: 16

number of used clusters (NUC) MAX: 1.0

sum variances (SV) MIN: 4.861535009544834
sum variances (SV) MIN: 4.86e+00
ratio between SED and sv digits MAX: 0
SUM: NUC(MAX): 1.0	 SED(MAX): 3.53e+15	 SV(MIN): 4.86e+00

Mean Silhouette Coefficient of all clusters MSC(MAX): 0.54
(best value is 1 and the worst value is -1. Values near 0 indicate overlapping clusters)

Davies-Bouldin score DB(MIN): 0.51
(The minimum score is zero, with lower values indicating better clustering.)


TRIAL: 4
***********


starting algorithm at: 08:16:47.095496
finishing algorithm at: 08:16:47.098893

running time of algorithm: 0:00:00.003397


frquencies result
[(5,  8. ) (6, 14. ) (4, 13.7) (4, 13.3) (5,  7.6) (5,  6.2) (5,  6.1)
 (2,  8.3) (2,  8.8) (2,  8.4) (2,  9.1) (2,  8.5) (2, 10.1) (4, 12.1)
 (2, 10.1) (4, 12.4) (6, 13.8) (4, 11.7) (4, 12.4) (6, 15.6) (6, 15.3)
 (0, 16.4) (4, 12.8) (4, 12. ) (6, 15.4) (6, 15.6) (4, 13.3) (4, 12.9)
 (6, 15.1) (4, 13.6) (6, 15.1) (4, 11.6) (0, 16.6) (4, 13.3) (6, 14.5)
 (0, 16.3) (0, 17.2) (0, 16.5) (6, 15. ) (6, 14.9) (4, 11.8) (4, 11.7)
 (2,  9.6) (2,  8.9) (2, 10.1) (6, 15.5) (4, 10.8) (5,  7.5) (4, 12.8)
 (4, 12.6) (6, 14.8) (0, 19.9) (2,  9.2) (4, 12.4) (4, 11.3) (2,  9.8)
 (6, 14.3) (6, 15.1) (6, 14.4) (6, 15.4) (6, 13.8) (4, 13.6) (6, 14.3)
 (6, 15.9) (0, 16.7) (4, 12.1) (6, 14.3) (0, 16.5) (0, 16.5) (0, 17.5)
 (6, 14.7) (0, 17.5) (0, 20.9) (0, 17. ) (6, 16. ) (6, 15.4) (0, 17.9)
 (6, 15.2) (6, 15.1) (6, 15.3) (0, 17.2) (6, 15.9) (2, 10. ) (2,  9.9)
 (2, 10.3) (6, 15.4) (4, 12.7) (4, 13.2) (6, 15.3) (0, 17.9) (0, 18. )
 (0, 17.6) (6, 16. ) (6, 14.9) (0, 17.1) (0, 18.2) (0, 16.8) (4, 13.6)
 (6, 14.5) (4, 12.4) (2, 10.4) (2,  9.1) (2,  8.9) (6, 14.5) (4, 12.6)
 (2,  8.6) (4, 10.8) (4, 11.2) (4, 12.1) (4, 10.8) (4, 11.4) (4, 12. )
 (0, 16.3) (4, 12.7) (4, 12.7) (4, 12. ) (4, 11.5) (4, 13. ) (4, 11.7)
 (6, 14.8) (5,  7.7) (9,  4.4) (5,  7.4) (2,  8.3) (2, 10.1) (4, 12. )
 (4, 12.9) (4, 10.8) (2,  9.5) (4, 12.1) (4, 12.5) (6, 13.9) (4, 13.3)
 (4, 13.2) (4, 12.3) (6, 13.8) (4, 11.3) (4, 11.7) (4, 12.5) (6, 15.1)
 (4, 11.5) (4, 13. ) (4, 11.6) (4, 12.8) (6, 15.5) (4, 13.1) (4, 12.6)
 (9,  4.4) (9,  4.4) (5,  7.1) (9,  4.2) (2,  9.6) (3,  3.5) (9,  5.3)
 (5,  7. ) (8,  0.4) (3,  3.2) (5,  5.9) (2,  8.1) (5,  6.9) (9,  5.6)
 (5,  7.2) (5,  7.1) (5,  6.1) (5,  7.1) (9,  5.6) (9,  5.4) (5,  6.3)
 (9,  5.3) (5,  7.9) (2,  8.4) (2,  8.1) (3,  2.4) (9,  5.6) (5,  7.5)
 (3,  2.5) (9,  5. ) (9,  3.8) (5,  7.9) (9,  4.3) (7, -2.1) (1, -1.8)
 (9,  3.8) (3,  2.1) (8,  0.5) (1, -0.9) (8,  0.4) (5,  7.5) (2,  8.3)
 (1, -0.2) (8,  0.1) (3,  1.5) (2,  8.3) (2,  9.4) (8,  1.3) (3,  2.2)
 (1, -0.4) (9,  4.5) (5,  7.9) (9,  4.3) (7, -2.7) (8,  0.3) (9,  3.8)
 (3,  2.4) (8,  1.2) (8,  1.2) (1, -0.3) (9,  4.7) (9,  4.9) (8,  1.4)
 (3,  2.2) (8, -0.1) (1, -0.9) (8,  0.6) (9,  4.6) (2,  9.8) (2, 10.6)
 (5,  7.8) (9,  4.4) (1, -0.2) (9,  4.3) (5,  7.4) (2,  8.6) (2, 10.2)
 (5,  7.3) (2,  8.7) (8,  1. ) (3,  2.1) (5,  6.4) (9,  5.4) (8,  0.4)
 (9,  4. ) (2,  8.4) (8,  0.4) (9,  4.2) (8,  0.9) (8,  0.8) (9,  4.3)
 (5,  6.3) (3,  3.5) (1, -1.5) (8,  1.2) (8,  0.5) (9,  5.3) (5,  6.6)
 (1, -1.6) (7, -3.1) (8, -0.1) (1, -0.6) (3,  3. ) (3,  2.9) (1, -1.3)
 (3,  1.8) (3,  2.9) (7, -2.6) (8,  0.5) (3,  2.7) (1, -1.7) (1, -0.9)
 (1, -1.8) (8,  1.3) (3,  2.4) (1, -1.1) (3,  2.3) (7, -2.2) (7, -3.5)
 (1, -1. ) (7, -2.1) (7, -2. ) (7, -2.3) (1, -1.6) (8,  0.8) (7, -2.8)
 (7, -2.8) (3,  3. ) (9,  4.4) (3,  2.3) (7, -2. ) (7, -1.9) (9,  4.8)
 (1, -0.6) (3,  3.1) (7, -2.9) (7, -3.5) (1, -0.3) (8,  0.1) (3,  2.3)
 (3,  2.1) (9,  4.6) (9,  3.7) (1, -1.3) (7, -3.4) (7, -5.3) (8,  0. )
 (3,  2.4) (1, -0.6) (3,  2.3) (7, -3.7) (1, -0.9) (1, -1.5) (7, -3.3)
 (8, -0.1) (1, -0.2) (8,  0.5) (5,  6.1) (9,  4.1) (8,  0.1) (3,  3.2)
 (9,  5.4) (9,  5.8) (5,  6.3) (1, -0.9) (8,  0.2) (7, -3.7) (7, -2.7)
 (7, -2.5) (1, -0.5) (2,  9. ) (4, 13.1) (2,  8.7) (9,  3.9) (8,  0.7)
 (8,  1.1) (9,  5.1) (5,  7.5) (9,  4.7) (3,  3.2) (5,  7.8) (3,  2.4)
 (3,  3.2) (3,  2.5) (5,  6.5) (6, 14.4) (9,  4.9) (3,  2.3) (8,  1.4)
 (9,  5.6) (0, 16.8) (6, 14.4) (2, 10.3) (4, 11.2) (8,  0.3) (8,  0.5)
 (8,  0.5) (9,  4.6) (2,  8.2) (9,  4.5) (5,  6.7) (4, 11.9) (2,  9.2)
 (9,  4.4) (9,  5. ) (5,  6.7) (2,  8.3) (4, 11.3) (2,  9. ) (3,  3.4)
 (3,  3.2) (8,  0.9) (3,  3.3) (5,  7.9) (2,  9. ) (5,  7.1) (4, 12.5)
 (4, 12.5) (4, 12.3)]


analyzing the results:
number of max cluster size: 10
number of actually used clusters: 10
min value of all elements: -5.3
max value of all elements: 20.9
mean of all elements: 7.2655737704918035
median of all elements: 7.45
standard deviation of all elements: 6.017562236643699
variance of all elements: 36.21105527188032
distribution of all clusters: [0 0 0 0 0 0 0 0 0 0 0 0 0 0 0 0 0 0 0 0 0 0 0 1 1 1 1 1 1 1 1 1 1 1 1 1 1
 1 1 1 1 1 1 1 1 1 1 1 1 2 2 2 2 2 2 2 2 2 2 2 2 2 2 2 2 2 2 2 2 2 2 2 2 2
 2 2 2 2 2 2 2 2 2 2 2 2 2 2 2 2 2 2 3 3 3 3 3 3 3 3 3 3 3 3 3 3 3 3 3 3 3
 3 3 3 3 3 3 3 3 3 3 3 3 3 3 3 4 4 4 4 4 4 4 4 4 4 4 4 4 4 4 4 4 4 4 4 4 4
 4 4 4 4 4 4 4 4 4 4 4 4 4 4 4 4 4 4 4 4 4 4 4 4 4 4 4 4 4 4 4 4 4 4 4 4 4
 4 4 4 4 5 5 5 5 5 5 5 5 5 5 5 5 5 5 5 5 5 5 5 5 5 5 5 5 5 5 5 5 5 5 5 5 5
 5 5 5 6 6 6 6 6 6 6 6 6 6 6 6 6 6 6 6 6 6 6 6 6 6 6 6 6 6 6 6 6 6 6 6 6 6
 6 6 6 6 6 6 6 7 7 7 7 7 7 7 7 7 7 7 7 7 7 7 7 7 7 7 7 7 7 8 8 8 8 8 8 8 8
 8 8 8 8 8 8 8 8 8 8 8 8 8 8 8 8 8 8 8 8 8 8 8 8 8 8 8 9 9 9 9 9 9 9 9 9 9
 9 9 9 9 9 9 9 9 9 9 9 9 9 9 9 9 9 9 9 9 9 9 9 9 9 9 9 9 9 9 9 9 9]

cluster #0: 	sum elements:23  	min value: 16.3 	max value: 20.9 	mean: 17.4 	std deviation: 1.129 	median: 17.1
cluster #0 homoscedasticity NOT given with ratio = 10.1239669421488
cluster #1: 	sum elements:26  	min value: -1.8 	max value: -0.2 	mean: -0.9 	std deviation: 0.535 	median: -0.9
cluster #1 homoscedasticity NOT given with ratio = 1.6530612244897962
cluster #2: 	sum elements:43  	min value: 8.1 	max value: 10.6 	mean: 9.2 	std deviation: 0.754 	median: 9.0
cluster #2 homoscedasticity NOT given with ratio = 1.6198347107438036
cluster #3: 	sum elements:34  	min value: 1.5 	max value: 3.5 	mean: 2.6 	std deviation: 0.518 	median: 2.45
cluster #3 homoscedasticity given with ratio = 1.4938271604938278
cluster #4: 	sum elements:63  	min value: 10.8 	max value: 13.7 	mean: 12.3 	std deviation: 0.774 	median: 12.4
cluster #4 homoscedasticity given with ratio = 1.1479591836734717
cluster #5: 	sum elements:36  	min value: 5.9 	max value: 8.0 	mean: 7.1 	std deviation: 0.642 	median: 7.1
cluster #5 homoscedasticity NOT given with ratio = 1.7777777777777743
cluster #6: 	sum elements:41  	min value: 13.8 	max value: 16.0 	mean: 14.9 	std deviation: 0.626 	median: 15.1
cluster #6 homoscedasticity given with ratio = 0
cluster #7: 	sum elements:22  	min value: -5.3 	max value: -1.9 	mean: -2.9 	std deviation: 0.795 	median: -2.75
cluster #7 homoscedasticity NOT given with ratio = 5.76
cluster #8: 	sum elements:35  	min value: -0.1 	max value: 1.4 	mean: 0.6 	std deviation: 0.459 	median: 0.5
cluster #8 homoscedasticity given with ratio = 1.3061224489795917
cluster #9: 	sum elements:43  	min value: 3.7 	max value: 5.8 	mean: 4.7 	std deviation: 0.58 	median: 4.6
cluster #9 homoscedasticity given with ratio = 1.2099999999999993
homoscedasticity given for 5 of 10 used clusters

number of elements: 366

built clusters:
cluster #7: -5.3 -- -1.9 (22)
cluster #1: -1.8 -- -0.2 (26)
cluster #8: -0.1 -- 1.4 (35)
cluster #3: 1.5 -- 3.5 (34)
cluster #9: 3.7 -- 5.8 (43)
cluster #5: 5.9 -- 8.0 (36)
cluster #2: 8.1 -- 10.6 (43)
cluster #4: 10.8 -- 13.7 (63)
cluster #6: 13.8 -- 16.0 (41)
cluster #0: 16.3 -- 20.9 (23)

score even distribution (SED) MAX: 2.69e+15
score even distribution (SED) MAX: 2691749520139680.0
SED number of digits: 16

number of used clusters (NUC) MAX: 1.0

sum variances (SV) MIN: 4.82043746356091
sum variances (SV) MIN: 4.82e+00
ratio between SED and sv digits MAX: 0
SUM: NUC(MAX): 1.0	 SED(MAX): 2.69e+15	 SV(MIN): 4.82e+00

Mean Silhouette Coefficient of all clusters MSC(MAX): 0.55
(best value is 1 and the worst value is -1. Values near 0 indicate overlapping clusters)

Davies-Bouldin score DB(MIN): 0.52
(The minimum score is zero, with lower values indicating better clustering.)


TRIAL: 5
***********


starting algorithm at: 08:16:47.111658
finishing algorithm at: 08:16:47.114188

running time of algorithm: 0:00:00.002530


frquencies result
[(8,  8. ) (4, 14. ) (4, 13.7) (6, 13.3) (8,  7.6) (5,  6.2) (5,  6.1)
 (8,  8.3) (8,  8.8) (8,  8.4) (2,  9.1) (8,  8.5) (2, 10.1) (6, 12.1)
 (2, 10.1) (6, 12.4) (4, 13.8) (6, 11.7) (6, 12.4) (4, 15.6) (4, 15.3)
 (0, 16.4) (6, 12.8) (6, 12. ) (4, 15.4) (4, 15.6) (6, 13.3) (6, 12.9)
 (4, 15.1) (6, 13.6) (4, 15.1) (6, 11.6) (0, 16.6) (6, 13.3) (4, 14.5)
 (0, 16.3) (0, 17.2) (0, 16.5) (4, 15. ) (4, 14.9) (6, 11.8) (6, 11.7)
 (2,  9.6) (8,  8.9) (2, 10.1) (4, 15.5) (2, 10.8) (8,  7.5) (6, 12.8)
 (6, 12.6) (4, 14.8) (0, 19.9) (2,  9.2) (6, 12.4) (6, 11.3) (2,  9.8)
 (4, 14.3) (4, 15.1) (4, 14.4) (4, 15.4) (4, 13.8) (6, 13.6) (4, 14.3)
 (0, 15.9) (0, 16.7) (6, 12.1) (4, 14.3) (0, 16.5) (0, 16.5) (0, 17.5)
 (4, 14.7) (0, 17.5) (0, 20.9) (0, 17. ) (0, 16. ) (4, 15.4) (0, 17.9)
 (4, 15.2) (4, 15.1) (4, 15.3) (0, 17.2) (0, 15.9) (2, 10. ) (2,  9.9)
 (2, 10.3) (4, 15.4) (6, 12.7) (6, 13.2) (4, 15.3) (0, 17.9) (0, 18. )
 (0, 17.6) (0, 16. ) (4, 14.9) (0, 17.1) (0, 18.2) (0, 16.8) (6, 13.6)
 (4, 14.5) (6, 12.4) (2, 10.4) (2,  9.1) (8,  8.9) (4, 14.5) (6, 12.6)
 (8,  8.6) (2, 10.8) (2, 11.2) (6, 12.1) (2, 10.8) (6, 11.4) (6, 12. )
 (0, 16.3) (6, 12.7) (6, 12.7) (6, 12. ) (6, 11.5) (6, 13. ) (6, 11.7)
 (4, 14.8) (8,  7.7) (5,  4.4) (8,  7.4) (8,  8.3) (2, 10.1) (6, 12. )
 (6, 12.9) (2, 10.8) (2,  9.5) (6, 12.1) (6, 12.5) (4, 13.9) (6, 13.3)
 (6, 13.2) (6, 12.3) (4, 13.8) (6, 11.3) (6, 11.7) (6, 12.5) (4, 15.1)
 (6, 11.5) (6, 13. ) (6, 11.6) (6, 12.8) (4, 15.5) (6, 13.1) (6, 12.6)
 (5,  4.4) (5,  4.4) (8,  7.1) (5,  4.2) (2,  9.6) (1,  3.5) (5,  5.3)
 (8,  7. ) (7,  0.4) (1,  3.2) (5,  5.9) (8,  8.1) (8,  6.9) (5,  5.6)
 (8,  7.2) (8,  7.1) (5,  6.1) (8,  7.1) (5,  5.6) (5,  5.4) (5,  6.3)
 (5,  5.3) (8,  7.9) (8,  8.4) (8,  8.1) (1,  2.4) (5,  5.6) (8,  7.5)
 (1,  2.5) (5,  5. ) (1,  3.8) (8,  7.9) (5,  4.3) (3, -2.1) (3, -1.8)
 (1,  3.8) (1,  2.1) (7,  0.5) (3, -0.9) (7,  0.4) (8,  7.5) (8,  8.3)
 (7, -0.2) (7,  0.1) (7,  1.5) (8,  8.3) (2,  9.4) (7,  1.3) (1,  2.2)
 (7, -0.4) (5,  4.5) (8,  7.9) (5,  4.3) (9, -2.7) (7,  0.3) (1,  3.8)
 (1,  2.4) (7,  1.2) (7,  1.2) (7, -0.3) (5,  4.7) (5,  4.9) (7,  1.4)
 (1,  2.2) (7, -0.1) (3, -0.9) (7,  0.6) (5,  4.6) (2,  9.8) (2, 10.6)
 (8,  7.8) (5,  4.4) (7, -0.2) (5,  4.3) (8,  7.4) (8,  8.6) (2, 10.2)
 (8,  7.3) (8,  8.7) (7,  1. ) (1,  2.1) (5,  6.4) (5,  5.4) (7,  0.4)
 (5,  4. ) (8,  8.4) (7,  0.4) (5,  4.2) (7,  0.9) (7,  0.8) (5,  4.3)
 (5,  6.3) (1,  3.5) (3, -1.5) (7,  1.2) (7,  0.5) (5,  5.3) (8,  6.6)
 (3, -1.6) (9, -3.1) (7, -0.1) (3, -0.6) (1,  3. ) (1,  2.9) (3, -1.3)
 (1,  1.8) (1,  2.9) (9, -2.6) (7,  0.5) (1,  2.7) (3, -1.7) (3, -0.9)
 (3, -1.8) (7,  1.3) (1,  2.4) (3, -1.1) (1,  2.3) (3, -2.2) (9, -3.5)
 (3, -1. ) (3, -2.1) (3, -2. ) (3, -2.3) (3, -1.6) (7,  0.8) (9, -2.8)
 (9, -2.8) (1,  3. ) (5,  4.4) (1,  2.3) (3, -2. ) (3, -1.9) (5,  4.8)
 (3, -0.6) (1,  3.1) (9, -2.9) (9, -3.5) (7, -0.3) (7,  0.1) (1,  2.3)
 (1,  2.1) (5,  4.6) (1,  3.7) (3, -1.3) (9, -3.4) (9, -5.3) (7,  0. )
 (1,  2.4) (3, -0.6) (1,  2.3) (9, -3.7) (3, -0.9) (3, -1.5) (9, -3.3)
 (7, -0.1) (7, -0.2) (7,  0.5) (5,  6.1) (5,  4.1) (7,  0.1) (1,  3.2)
 (5,  5.4) (5,  5.8) (5,  6.3) (3, -0.9) (7,  0.2) (9, -3.7) (9, -2.7)
 (9, -2.5) (3, -0.5) (2,  9. ) (6, 13.1) (8,  8.7) (1,  3.9) (7,  0.7)
 (7,  1.1) (5,  5.1) (8,  7.5) (5,  4.7) (1,  3.2) (8,  7.8) (1,  2.4)
 (1,  3.2) (1,  2.5) (8,  6.5) (4, 14.4) (5,  4.9) (1,  2.3) (7,  1.4)
 (5,  5.6) (0, 16.8) (4, 14.4) (2, 10.3) (2, 11.2) (7,  0.3) (7,  0.5)
 (7,  0.5) (5,  4.6) (8,  8.2) (5,  4.5) (8,  6.7) (6, 11.9) (2,  9.2)
 (5,  4.4) (5,  5. ) (8,  6.7) (8,  8.3) (6, 11.3) (2,  9. ) (1,  3.4)
 (1,  3.2) (7,  0.9) (1,  3.3) (8,  7.9) (2,  9. ) (8,  7.1) (6, 12.5)
 (6, 12.5) (6, 12.3)]


analyzing the results:
number of max cluster size: 10
number of actually used clusters: 10
min value of all elements: -5.3
max value of all elements: 20.9
mean of all elements: 7.2655737704918035
median of all elements: 7.45
standard deviation of all elements: 6.017562236643699
variance of all elements: 36.21105527188032
distribution of all clusters: [0 0 0 0 0 0 0 0 0 0 0 0 0 0 0 0 0 0 0 0 0 0 0 0 0 0 0 1 1 1 1 1 1 1 1 1 1
 1 1 1 1 1 1 1 1 1 1 1 1 1 1 1 1 1 1 1 1 1 1 1 1 1 1 1 1 2 2 2 2 2 2 2 2 2
 2 2 2 2 2 2 2 2 2 2 2 2 2 2 2 2 2 2 2 2 2 3 3 3 3 3 3 3 3 3 3 3 3 3 3 3 3
 3 3 3 3 3 3 3 3 3 3 3 4 4 4 4 4 4 4 4 4 4 4 4 4 4 4 4 4 4 4 4 4 4 4 4 4 4
 4 4 4 4 4 4 4 4 4 4 4 4 5 5 5 5 5 5 5 5 5 5 5 5 5 5 5 5 5 5 5 5 5 5 5 5 5
 5 5 5 5 5 5 5 5 5 5 5 5 5 5 5 5 5 5 5 5 5 5 6 6 6 6 6 6 6 6 6 6 6 6 6 6 6
 6 6 6 6 6 6 6 6 6 6 6 6 6 6 6 6 6 6 6 6 6 6 6 6 6 6 6 6 6 6 6 6 6 6 6 6 6
 6 6 6 6 7 7 7 7 7 7 7 7 7 7 7 7 7 7 7 7 7 7 7 7 7 7 7 7 7 7 7 7 7 7 7 7 7
 7 7 7 7 7 7 7 7 7 8 8 8 8 8 8 8 8 8 8 8 8 8 8 8 8 8 8 8 8 8 8 8 8 8 8 8 8
 8 8 8 8 8 8 8 8 8 8 8 8 8 8 8 8 8 8 9 9 9 9 9 9 9 9 9 9 9 9 9 9 9]

cluster #0: 	sum elements:27  	min value: 15.9 	max value: 20.9 	mean: 17.2 	std deviation: 1.158 	median: 16.8
cluster #0 homoscedasticity NOT given with ratio = 8.100591715976341
cluster #1: 	sum elements:38  	min value: 1.8 	max value: 3.9 	mean: 2.8 	std deviation: 0.593 	median: 2.8
cluster #1 homoscedasticity given with ratio = 1.2100000000000006
cluster #2: 	sum elements:30  	min value: 9.0 	max value: 11.2 	mean: 10.0 	std deviation: 0.672 	median: 10.05
cluster #2 homoscedasticity given with ratio = 1.4399999999999984
cluster #3: 	sum elements:27  	min value: -2.3 	max value: -0.5 	mean: -1.4 	std deviation: 0.56 	median: -1.5
cluster #3 homoscedasticity given with ratio = 0
cluster #4: 	sum elements:38  	min value: 13.7 	max value: 15.6 	mean: 14.8 	std deviation: 0.576 	median: 14.9
cluster #4 homoscedasticity NOT given with ratio = 1.8906250000000098
cluster #5: 	sum elements:47  	min value: 4.0 	max value: 6.4 	mean: 5.1 	std deviation: 0.722 	median: 4.9
cluster #5 homoscedasticity given with ratio = 1.3966942148760355
cluster #6: 	sum elements:56  	min value: 11.3 	max value: 13.6 	mean: 12.4 	std deviation: 0.647 	median: 12.45
cluster #6 homoscedasticity given with ratio = 1.1900826446280985
cluster #7: 	sum elements:42  	min value: -0.4 	max value: 1.5 	mean: 0.5 	std deviation: 0.543 	median: 0.5
cluster #7 homoscedasticity given with ratio = 1.2345679012345678
cluster #8: 	sum elements:46  	min value: 6.5 	max value: 8.9 	mean: 7.8 	std deviation: 0.664 	median: 7.9
cluster #8 homoscedasticity given with ratio = 1.3966942148760315
cluster #9: 	sum elements:15  	min value: -5.3 	max value: -2.5 	mean: -3.2 	std deviation: 0.702 	median: -3.1
cluster #9 homoscedasticity NOT given with ratio = 8.999999999999991
homoscedasticity given for 7 of 10 used clusters

number of elements: 366

built clusters:
cluster #9: -5.3 -- -2.5 (15)
cluster #3: -2.3 -- -0.5 (27)
cluster #7: -0.4 -- 1.5 (42)
cluster #1: 1.8 -- 3.9 (38)
cluster #5: 4.0 -- 6.4 (47)
cluster #8: 6.5 -- 8.9 (46)
cluster #2: 9.0 -- 11.2 (30)
cluster #6: 11.3 -- 13.6 (56)
cluster #4: 13.7 -- 15.6 (38)
cluster #0: 15.9 -- 20.9 (27)

score even distribution (SED) MAX: 2.41e+15
score even distribution (SED) MAX: 2408797225900800.0
SED number of digits: 16

number of used clusters (NUC) MAX: 1.0

sum variances (SV) MIN: 4.796945537325389
sum variances (SV) MIN: 4.80e+00
ratio between SED and sv digits MAX: 0
SUM: NUC(MAX): 1.0	 SED(MAX): 2.41e+15	 SV(MIN): 4.80e+00

Mean Silhouette Coefficient of all clusters MSC(MAX): 0.55
(best value is 1 and the worst value is -1. Values near 0 indicate overlapping clusters)

Davies-Bouldin score DB(MIN): 0.52
(The minimum score is zero, with lower values indicating better clustering.)


TRIAL: 6
***********


starting algorithm at: 08:16:47.126920
finishing algorithm at: 08:16:47.129434

running time of algorithm: 0:00:00.002514


frquencies result
[(0,  8. ) (2, 14. ) (2, 13.7) (6, 13.3) (3,  7.6) (3,  6.2) (3,  6.1)
 (0,  8.3) (0,  8.8) (0,  8.4) (0,  9.1) (0,  8.5) (0, 10.1) (6, 12.1)
 (0, 10.1) (6, 12.4) (2, 13.8) (6, 11.7) (6, 12.4) (2, 15.6) (2, 15.3)
 (5, 16.4) (6, 12.8) (6, 12. ) (2, 15.4) (2, 15.6) (6, 13.3) (6, 12.9)
 (2, 15.1) (6, 13.6) (2, 15.1) (6, 11.6) (5, 16.6) (6, 13.3) (2, 14.5)
 (5, 16.3) (5, 17.2) (5, 16.5) (2, 15. ) (2, 14.9) (6, 11.8) (6, 11.7)
 (0,  9.6) (0,  8.9) (0, 10.1) (2, 15.5) (6, 10.8) (3,  7.5) (6, 12.8)
 (6, 12.6) (2, 14.8) (5, 19.9) (0,  9.2) (6, 12.4) (6, 11.3) (0,  9.8)
 (2, 14.3) (2, 15.1) (2, 14.4) (2, 15.4) (2, 13.8) (6, 13.6) (2, 14.3)
 (2, 15.9) (5, 16.7) (6, 12.1) (2, 14.3) (5, 16.5) (5, 16.5) (5, 17.5)
 (2, 14.7) (5, 17.5) (5, 20.9) (5, 17. ) (5, 16. ) (2, 15.4) (5, 17.9)
 (2, 15.2) (2, 15.1) (2, 15.3) (5, 17.2) (2, 15.9) (0, 10. ) (0,  9.9)
 (0, 10.3) (2, 15.4) (6, 12.7) (6, 13.2) (2, 15.3) (5, 17.9) (5, 18. )
 (5, 17.6) (5, 16. ) (2, 14.9) (5, 17.1) (5, 18.2) (5, 16.8) (6, 13.6)
 (2, 14.5) (6, 12.4) (0, 10.4) (0,  9.1) (0,  8.9) (2, 14.5) (6, 12.6)
 (0,  8.6) (6, 10.8) (6, 11.2) (6, 12.1) (6, 10.8) (6, 11.4) (6, 12. )
 (5, 16.3) (6, 12.7) (6, 12.7) (6, 12. ) (6, 11.5) (6, 13. ) (6, 11.7)
 (2, 14.8) (3,  7.7) (9,  4.4) (3,  7.4) (0,  8.3) (0, 10.1) (6, 12. )
 (6, 12.9) (6, 10.8) (0,  9.5) (6, 12.1) (6, 12.5) (2, 13.9) (6, 13.3)
 (6, 13.2) (6, 12.3) (2, 13.8) (6, 11.3) (6, 11.7) (6, 12.5) (2, 15.1)
 (6, 11.5) (6, 13. ) (6, 11.6) (6, 12.8) (2, 15.5) (6, 13.1) (6, 12.6)
 (9,  4.4) (9,  4.4) (3,  7.1) (9,  4.2) (0,  9.6) (9,  3.5) (9,  5.3)
 (3,  7. ) (1,  0.4) (7,  3.2) (3,  5.9) (0,  8.1) (3,  6.9) (3,  5.6)
 (3,  7.2) (3,  7.1) (3,  6.1) (3,  7.1) (3,  5.6) (9,  5.4) (3,  6.3)
 (9,  5.3) (0,  7.9) (0,  8.4) (0,  8.1) (7,  2.4) (3,  5.6) (3,  7.5)
 (7,  2.5) (9,  5. ) (9,  3.8) (0,  7.9) (9,  4.3) (8, -2.1) (4, -1.8)
 (9,  3.8) (7,  2.1) (1,  0.5) (4, -0.9) (1,  0.4) (3,  7.5) (0,  8.3)
 (1, -0.2) (1,  0.1) (7,  1.5) (0,  8.3) (0,  9.4) (1,  1.3) (7,  2.2)
 (4, -0.4) (9,  4.5) (0,  7.9) (9,  4.3) (8, -2.7) (1,  0.3) (9,  3.8)
 (7,  2.4) (1,  1.2) (1,  1.2) (4, -0.3) (9,  4.7) (9,  4.9) (1,  1.4)
 (7,  2.2) (1, -0.1) (4, -0.9) (1,  0.6) (9,  4.6) (0,  9.8) (0, 10.6)
 (3,  7.8) (9,  4.4) (1, -0.2) (9,  4.3) (3,  7.4) (0,  8.6) (0, 10.2)
 (3,  7.3) (0,  8.7) (1,  1. ) (7,  2.1) (3,  6.4) (9,  5.4) (1,  0.4)
 (9,  4. ) (0,  8.4) (1,  0.4) (9,  4.2) (1,  0.9) (1,  0.8) (9,  4.3)
 (3,  6.3) (9,  3.5) (4, -1.5) (1,  1.2) (1,  0.5) (9,  5.3) (3,  6.6)
 (4, -1.6) (8, -3.1) (1, -0.1) (4, -0.6) (7,  3. ) (7,  2.9) (4, -1.3)
 (7,  1.8) (7,  2.9) (8, -2.6) (1,  0.5) (7,  2.7) (4, -1.7) (4, -0.9)
 (4, -1.8) (1,  1.3) (7,  2.4) (4, -1.1) (7,  2.3) (8, -2.2) (8, -3.5)
 (4, -1. ) (8, -2.1) (8, -2. ) (8, -2.3) (4, -1.6) (1,  0.8) (8, -2.8)
 (8, -2.8) (7,  3. ) (9,  4.4) (7,  2.3) (8, -2. ) (8, -1.9) (9,  4.8)
 (4, -0.6) (7,  3.1) (8, -2.9) (8, -3.5) (4, -0.3) (1,  0.1) (7,  2.3)
 (7,  2.1) (9,  4.6) (9,  3.7) (4, -1.3) (8, -3.4) (8, -5.3) (1,  0. )
 (7,  2.4) (4, -0.6) (7,  2.3) (8, -3.7) (4, -0.9) (4, -1.5) (8, -3.3)
 (1, -0.1) (1, -0.2) (1,  0.5) (3,  6.1) (9,  4.1) (1,  0.1) (7,  3.2)
 (9,  5.4) (3,  5.8) (3,  6.3) (4, -0.9) (1,  0.2) (8, -3.7) (8, -2.7)
 (8, -2.5) (4, -0.5) (0,  9. ) (6, 13.1) (0,  8.7) (9,  3.9) (1,  0.7)
 (1,  1.1) (9,  5.1) (3,  7.5) (9,  4.7) (7,  3.2) (3,  7.8) (7,  2.4)
 (7,  3.2) (7,  2.5) (3,  6.5) (2, 14.4) (9,  4.9) (7,  2.3) (1,  1.4)
 (3,  5.6) (5, 16.8) (2, 14.4) (0, 10.3) (6, 11.2) (1,  0.3) (1,  0.5)
 (1,  0.5) (9,  4.6) (0,  8.2) (9,  4.5) (3,  6.7) (6, 11.9) (0,  9.2)
 (9,  4.4) (9,  5. ) (3,  6.7) (0,  8.3) (6, 11.3) (0,  9. ) (7,  3.4)
 (7,  3.2) (1,  0.9) (7,  3.3) (0,  7.9) (0,  9. ) (3,  7.1) (6, 12.5)
 (6, 12.5) (6, 12.3)]


analyzing the results:
number of max cluster size: 10
number of actually used clusters: 10
min value of all elements: -5.3
max value of all elements: 20.9
mean of all elements: 7.2655737704918035
median of all elements: 7.45
standard deviation of all elements: 6.017562236643699
variance of all elements: 36.21105527188032
distribution of all clusters: [0 0 0 0 0 0 0 0 0 0 0 0 0 0 0 0 0 0 0 0 0 0 0 0 0 0 0 0 0 0 0 0 0 0 0 0 0
 0 0 0 0 0 0 0 0 0 0 0 1 1 1 1 1 1 1 1 1 1 1 1 1 1 1 1 1 1 1 1 1 1 1 1 1 1
 1 1 1 1 1 1 1 1 1 1 1 1 2 2 2 2 2 2 2 2 2 2 2 2 2 2 2 2 2 2 2 2 2 2 2 2 2
 2 2 2 2 2 2 2 2 2 2 2 2 2 2 2 3 3 3 3 3 3 3 3 3 3 3 3 3 3 3 3 3 3 3 3 3 3
 3 3 3 3 3 3 3 3 3 3 3 3 3 3 4 4 4 4 4 4 4 4 4 4 4 4 4 4 4 4 4 4 4 4 4 4 4
 5 5 5 5 5 5 5 5 5 5 5 5 5 5 5 5 5 5 5 5 5 5 5 5 5 6 6 6 6 6 6 6 6 6 6 6 6
 6 6 6 6 6 6 6 6 6 6 6 6 6 6 6 6 6 6 6 6 6 6 6 6 6 6 6 6 6 6 6 6 6 6 6 6 6
 6 6 6 6 6 6 6 6 6 6 6 6 6 7 7 7 7 7 7 7 7 7 7 7 7 7 7 7 7 7 7 7 7 7 7 7 7
 7 7 7 7 7 7 7 7 8 8 8 8 8 8 8 8 8 8 8 8 8 8 8 8 8 8 8 8 8 8 9 9 9 9 9 9 9
 9 9 9 9 9 9 9 9 9 9 9 9 9 9 9 9 9 9 9 9 9 9 9 9 9 9 9 9 9 9 9 9 9]

cluster #0: 	sum elements:48  	min value: 7.9 	max value: 10.6 	mean: 9.0 	std deviation: 0.81 	median: 8.95
cluster #0 homoscedasticity NOT given with ratio = 2.115702479338843
cluster #1: 	sum elements:38  	min value: -0.2 	max value: 1.4 	mean: 0.5 	std deviation: 0.492 	median: 0.5
cluster #1 homoscedasticity NOT given with ratio = 1.6530612244897958
cluster #2: 	sum elements:40  	min value: 13.7 	max value: 15.9 	mean: 14.8 	std deviation: 0.612 	median: 14.95
cluster #2 homoscedasticity given with ratio = 1.000000000000003
cluster #3: 	sum elements:36  	min value: 5.6 	max value: 7.8 	mean: 6.7 	std deviation: 0.703 	median: 6.800000000000001
cluster #3 homoscedasticity given with ratio = 1.0000000000000016
cluster #4: 	sum elements:23  	min value: -1.8 	max value: -0.3 	mean: -1.0 	std deviation: 0.489 	median: -0.9
cluster #4 homoscedasticity given with ratio = 1.3061224489795922
cluster #5: 	sum elements:25  	min value: 16.0 	max value: 20.9 	mean: 17.3 	std deviation: 1.145 	median: 17.0
cluster #5 homoscedasticity NOT given with ratio = 7.66863905325442
cluster #6: 	sum elements:62  	min value: 10.8 	max value: 13.6 	mean: 12.3 	std deviation: 0.759 	median: 12.4
cluster #6 homoscedasticity given with ratio = 1.3313609467455643
cluster #7: 	sum elements:32  	min value: 1.5 	max value: 3.4 	mean: 2.6 	std deviation: 0.484 	median: 2.4
cluster #7 homoscedasticity NOT given with ratio = 1.8906250000000013
cluster #8: 	sum elements:22  	min value: -5.3 	max value: -1.9 	mean: -2.9 	std deviation: 0.795 	median: -2.75
cluster #8 homoscedasticity NOT given with ratio = 5.76
cluster #9: 	sum elements:40  	min value: 3.5 	max value: 5.4 	mean: 4.5 	std deviation: 0.531 	median: 4.4
cluster #9 homoscedasticity given with ratio = 1.234567901234567
homoscedasticity given for 5 of 10 used clusters

number of elements: 366

built clusters:
cluster #8: -5.3 -- -1.9 (22)
cluster #4: -1.8 -- -0.3 (23)
cluster #1: -0.2 -- 1.4 (38)
cluster #7: 1.5 -- 3.4 (32)
cluster #9: 3.5 -- 5.4 (40)
cluster #3: 5.6 -- 7.8 (36)
cluster #0: 7.9 -- 10.6 (48)
cluster #6: 10.8 -- 13.6 (62)
cluster #2: 13.7 -- 15.9 (40)
cluster #5: 16.0 -- 20.9 (25)

score even distribution (SED) MAX: 2.64e+15
score even distribution (SED) MAX: 2636814090240000.0
SED number of digits: 16

number of used clusters (NUC) MAX: 1.0

sum variances (SV) MIN: 4.8861815306624
sum variances (SV) MIN: 4.89e+00
ratio between SED and sv digits MAX: 0
SUM: NUC(MAX): 1.0	 SED(MAX): 2.64e+15	 SV(MIN): 4.89e+00

Mean Silhouette Coefficient of all clusters MSC(MAX): 0.54
(best value is 1 and the worst value is -1. Values near 0 indicate overlapping clusters)

Davies-Bouldin score DB(MIN): 0.52
(The minimum score is zero, with lower values indicating better clustering.)


TRIAL: 7
***********


starting algorithm at: 08:16:47.142144
finishing algorithm at: 08:16:47.144249

running time of algorithm: 0:00:00.002105


frquencies result
[(9,  8. ) (2, 14. ) (2, 13.7) (5, 13.3) (9,  7.6) (9,  6.2) (9,  6.1)
 (1,  8.3) (1,  8.8) (1,  8.4) (1,  9.1) (1,  8.5) (1, 10.1) (5, 12.1)
 (1, 10.1) (5, 12.4) (2, 13.8) (5, 11.7) (5, 12.4) (2, 15.6) (2, 15.3)
 (7, 16.4) (5, 12.8) (5, 12. ) (2, 15.4) (2, 15.6) (5, 13.3) (5, 12.9)
 (2, 15.1) (2, 13.6) (2, 15.1) (5, 11.6) (7, 16.6) (5, 13.3) (2, 14.5)
 (7, 16.3) (7, 17.2) (7, 16.5) (2, 15. ) (2, 14.9) (5, 11.8) (5, 11.7)
 (1,  9.6) (1,  8.9) (1, 10.1) (2, 15.5) (5, 10.8) (9,  7.5) (5, 12.8)
 (5, 12.6) (2, 14.8) (6, 19.9) (1,  9.2) (5, 12.4) (5, 11.3) (1,  9.8)
 (2, 14.3) (2, 15.1) (2, 14.4) (2, 15.4) (2, 13.8) (2, 13.6) (2, 14.3)
 (7, 15.9) (7, 16.7) (5, 12.1) (2, 14.3) (7, 16.5) (7, 16.5) (7, 17.5)
 (2, 14.7) (7, 17.5) (6, 20.9) (7, 17. ) (7, 16. ) (2, 15.4) (7, 17.9)
 (2, 15.2) (2, 15.1) (2, 15.3) (7, 17.2) (7, 15.9) (1, 10. ) (1,  9.9)
 (1, 10.3) (2, 15.4) (5, 12.7) (5, 13.2) (2, 15.3) (7, 17.9) (7, 18. )
 (7, 17.6) (7, 16. ) (2, 14.9) (7, 17.1) (7, 18.2) (7, 16.8) (2, 13.6)
 (2, 14.5) (5, 12.4) (1, 10.4) (1,  9.1) (1,  8.9) (2, 14.5) (5, 12.6)
 (1,  8.6) (5, 10.8) (5, 11.2) (5, 12.1) (5, 10.8) (5, 11.4) (5, 12. )
 (7, 16.3) (5, 12.7) (5, 12.7) (5, 12. ) (5, 11.5) (5, 13. ) (5, 11.7)
 (2, 14.8) (9,  7.7) (3,  4.4) (9,  7.4) (1,  8.3) (1, 10.1) (5, 12. )
 (5, 12.9) (5, 10.8) (1,  9.5) (5, 12.1) (5, 12.5) (2, 13.9) (5, 13.3)
 (5, 13.2) (5, 12.3) (2, 13.8) (5, 11.3) (5, 11.7) (5, 12.5) (2, 15.1)
 (5, 11.5) (5, 13. ) (5, 11.6) (5, 12.8) (2, 15.5) (5, 13.1) (5, 12.6)
 (3,  4.4) (3,  4.4) (9,  7.1) (3,  4.2) (1,  9.6) (3,  3.5) (3,  5.3)
 (9,  7. ) (4,  0.4) (8,  3.2) (9,  5.9) (1,  8.1) (9,  6.9) (3,  5.6)
 (9,  7.2) (9,  7.1) (9,  6.1) (9,  7.1) (3,  5.6) (3,  5.4) (9,  6.3)
 (3,  5.3) (9,  7.9) (1,  8.4) (1,  8.1) (8,  2.4) (3,  5.6) (9,  7.5)
 (8,  2.5) (3,  5. ) (3,  3.8) (9,  7.9) (3,  4.3) (0, -2.1) (0, -1.8)
 (3,  3.8) (8,  2.1) (4,  0.5) (0, -0.9) (4,  0.4) (9,  7.5) (1,  8.3)
 (4, -0.2) (4,  0.1) (8,  1.5) (1,  8.3) (1,  9.4) (4,  1.3) (8,  2.2)
 (4, -0.4) (3,  4.5) (9,  7.9) (3,  4.3) (0, -2.7) (4,  0.3) (3,  3.8)
 (8,  2.4) (4,  1.2) (4,  1.2) (4, -0.3) (3,  4.7) (3,  4.9) (4,  1.4)
 (8,  2.2) (4, -0.1) (0, -0.9) (4,  0.6) (3,  4.6) (1,  9.8) (1, 10.6)
 (9,  7.8) (3,  4.4) (4, -0.2) (3,  4.3) (9,  7.4) (1,  8.6) (1, 10.2)
 (9,  7.3) (1,  8.7) (4,  1. ) (8,  2.1) (9,  6.4) (3,  5.4) (4,  0.4)
 (3,  4. ) (1,  8.4) (4,  0.4) (3,  4.2) (4,  0.9) (4,  0.8) (3,  4.3)
 (9,  6.3) (3,  3.5) (0, -1.5) (4,  1.2) (4,  0.5) (3,  5.3) (9,  6.6)
 (0, -1.6) (0, -3.1) (4, -0.1) (4, -0.6) (8,  3. ) (8,  2.9) (0, -1.3)
 (8,  1.8) (8,  2.9) (0, -2.6) (4,  0.5) (8,  2.7) (0, -1.7) (0, -0.9)
 (0, -1.8) (4,  1.3) (8,  2.4) (0, -1.1) (8,  2.3) (0, -2.2) (0, -3.5)
 (0, -1. ) (0, -2.1) (0, -2. ) (0, -2.3) (0, -1.6) (4,  0.8) (0, -2.8)
 (0, -2.8) (8,  3. ) (3,  4.4) (8,  2.3) (0, -2. ) (0, -1.9) (3,  4.8)
 (4, -0.6) (8,  3.1) (0, -2.9) (0, -3.5) (4, -0.3) (4,  0.1) (8,  2.3)
 (8,  2.1) (3,  4.6) (3,  3.7) (0, -1.3) (0, -3.4) (0, -5.3) (4,  0. )
 (8,  2.4) (4, -0.6) (8,  2.3) (0, -3.7) (0, -0.9) (0, -1.5) (0, -3.3)
 (4, -0.1) (4, -0.2) (4,  0.5) (9,  6.1) (3,  4.1) (4,  0.1) (8,  3.2)
 (3,  5.4) (3,  5.8) (9,  6.3) (0, -0.9) (4,  0.2) (0, -3.7) (0, -2.7)
 (0, -2.5) (4, -0.5) (1,  9. ) (5, 13.1) (1,  8.7) (3,  3.9) (4,  0.7)
 (4,  1.1) (3,  5.1) (9,  7.5) (3,  4.7) (8,  3.2) (9,  7.8) (8,  2.4)
 (8,  3.2) (8,  2.5) (9,  6.5) (2, 14.4) (3,  4.9) (8,  2.3) (4,  1.4)
 (3,  5.6) (7, 16.8) (2, 14.4) (1, 10.3) (5, 11.2) (4,  0.3) (4,  0.5)
 (4,  0.5) (3,  4.6) (1,  8.2) (3,  4.5) (9,  6.7) (5, 11.9) (1,  9.2)
 (3,  4.4) (3,  5. ) (9,  6.7) (1,  8.3) (5, 11.3) (1,  9. ) (8,  3.4)
 (8,  3.2) (4,  0.9) (8,  3.3) (9,  7.9) (1,  9. ) (9,  7.1) (5, 12.5)
 (5, 12.5) (5, 12.3)]


analyzing the results:
number of max cluster size: 10
number of actually used clusters: 10
min value of all elements: -5.3
max value of all elements: 20.9
mean of all elements: 7.2655737704918035
median of all elements: 7.45
standard deviation of all elements: 6.017562236643699
variance of all elements: 36.21105527188032
distribution of all clusters: [0 0 0 0 0 0 0 0 0 0 0 0 0 0 0 0 0 0 0 0 0 0 0 0 0 0 0 0 0 0 0 0 0 0 0 0 0
 0 1 1 1 1 1 1 1 1 1 1 1 1 1 1 1 1 1 1 1 1 1 1 1 1 1 1 1 1 1 1 1 1 1 1 1 1
 1 1 1 1 1 1 1 2 2 2 2 2 2 2 2 2 2 2 2 2 2 2 2 2 2 2 2 2 2 2 2 2 2 2 2 2 2
 2 2 2 2 2 2 2 2 2 2 2 3 3 3 3 3 3 3 3 3 3 3 3 3 3 3 3 3 3 3 3 3 3 3 3 3 3
 3 3 3 3 3 3 3 3 3 3 3 3 3 3 3 3 3 3 3 4 4 4 4 4 4 4 4 4 4 4 4 4 4 4 4 4 4
 4 4 4 4 4 4 4 4 4 4 4 4 4 4 4 4 4 4 4 4 4 4 4 4 4 4 4 5 5 5 5 5 5 5 5 5 5
 5 5 5 5 5 5 5 5 5 5 5 5 5 5 5 5 5 5 5 5 5 5 5 5 5 5 5 5 5 5 5 5 5 5 5 5 5
 5 5 5 5 5 5 5 5 5 5 5 5 6 6 7 7 7 7 7 7 7 7 7 7 7 7 7 7 7 7 7 7 7 7 7 7 7
 7 7 8 8 8 8 8 8 8 8 8 8 8 8 8 8 8 8 8 8 8 8 8 8 8 8 8 8 8 8 8 8 8 8 9 9 9
 9 9 9 9 9 9 9 9 9 9 9 9 9 9 9 9 9 9 9 9 9 9 9 9 9 9 9 9 9 9 9 9 9]

cluster #0: 	sum elements:38  	min value: -5.3 	max value: -0.9 	mean: -2.2 	std deviation: 1.015 	median: -2.05
cluster #0 homoscedasticity NOT given with ratio = 5.686390532544375
cluster #1: 	sum elements:43  	min value: 8.1 	max value: 10.6 	mean: 9.2 	std deviation: 0.754 	median: 9.0
cluster #1 homoscedasticity NOT given with ratio = 1.6198347107438036
cluster #2: 	sum elements:41  	min value: 13.6 	max value: 15.6 	mean: 14.7 	std deviation: 0.637 	median: 14.8
cluster #2 homoscedasticity given with ratio = 1.4938271604938251
cluster #3: 	sum elements:45  	min value: 3.5 	max value: 5.8 	mean: 4.6 	std deviation: 0.618 	median: 4.5
cluster #3 homoscedasticity given with ratio = 1.1900826446281
cluster #4: 	sum elements:45  	min value: -0.6 	max value: 1.4 	mean: 0.4 	std deviation: 0.587 	median: 0.4
cluster #4 homoscedasticity given with ratio = 1.0000000000000002
cluster #5: 	sum elements:59  	min value: 10.8 	max value: 13.3 	mean: 12.2 	std deviation: 0.715 	median: 12.3
cluster #5 homoscedasticity NOT given with ratio = 1.6198347107437943
cluster #6: 	sum elements:2  	min value: 19.9 	max value: 20.9 	mean: 20.4 	std deviation: 0.707 	median: 20.4
cluster #6 homoscedasticity given with ratio = 0
cluster #7: 	sum elements:25  	min value: 15.9 	max value: 18.2 	mean: 16.9 	std deviation: 0.694 	median: 16.8
cluster #7 homoscedasticity NOT given with ratio = 1.690000000000008
cluster #8: 	sum elements:32  	min value: 1.5 	max value: 3.4 	mean: 2.6 	std deviation: 0.484 	median: 2.4
cluster #8 homoscedasticity NOT given with ratio = 1.8906250000000013
cluster #9: 	sum elements:36  	min value: 5.9 	max value: 8.0 	mean: 7.1 	std deviation: 0.642 	median: 7.1
cluster #9 homoscedasticity NOT given with ratio = 1.7777777777777743
homoscedasticity given for 4 of 10 used clusters

number of elements: 366

built clusters:
cluster #0: -5.3 -- -0.9 (38)
cluster #4: -0.6 -- 1.4 (45)
cluster #8: 1.5 -- 3.4 (32)
cluster #3: 3.5 -- 5.8 (45)
cluster #9: 5.9 -- 8.0 (36)
cluster #1: 8.1 -- 10.6 (43)
cluster #5: 10.8 -- 13.3 (59)
cluster #2: 13.6 -- 15.6 (41)
cluster #7: 15.9 -- 18.2 (25)
cluster #6: 19.9 -- 20.9 (2)

score even distribution (SED) MAX: 4.61e+14
score even distribution (SED) MAX: 461036629440000.0
SED number of digits: 15

number of used clusters (NUC) MAX: 1.0

sum variances (SV) MIN: 4.506449638075179
sum variances (SV) MIN: 4.51e+00
ratio between SED and sv digits MAX: 0
SUM: NUC(MAX): 1.0	 SED(MAX): 4.61e+14	 SV(MIN): 4.51e+00

Mean Silhouette Coefficient of all clusters MSC(MAX): 0.56
(best value is 1 and the worst value is -1. Values near 0 indicate overlapping clusters)

Davies-Bouldin score DB(MIN): 0.49
(The minimum score is zero, with lower values indicating better clustering.)


TRIAL: 8
***********


starting algorithm at: 08:16:47.156954
finishing algorithm at: 08:16:47.159250

running time of algorithm: 0:00:00.002296


frquencies result
[(4,  8. ) (3, 14. ) (9, 13.7) (9, 13.3) (7,  7.6) (7,  6.2) (7,  6.1)
 (4,  8.3) (4,  8.8) (4,  8.4) (4,  9.1) (4,  8.5) (1, 10.1) (1, 12.1)
 (1, 10.1) (9, 12.4) (9, 13.8) (1, 11.7) (9, 12.4) (3, 15.6) (3, 15.3)
 (8, 16.4) (9, 12.8) (1, 12. ) (3, 15.4) (3, 15.6) (9, 13.3) (9, 12.9)
 (3, 15.1) (9, 13.6) (3, 15.1) (1, 11.6) (8, 16.6) (9, 13.3) (3, 14.5)
 (8, 16.3) (8, 17.2) (8, 16.5) (3, 15. ) (3, 14.9) (1, 11.8) (1, 11.7)
 (4,  9.6) (4,  8.9) (1, 10.1) (3, 15.5) (1, 10.8) (7,  7.5) (9, 12.8)
 (9, 12.6) (3, 14.8) (8, 19.9) (4,  9.2) (9, 12.4) (1, 11.3) (4,  9.8)
 (3, 14.3) (3, 15.1) (3, 14.4) (3, 15.4) (9, 13.8) (9, 13.6) (3, 14.3)
 (3, 15.9) (8, 16.7) (1, 12.1) (3, 14.3) (8, 16.5) (8, 16.5) (8, 17.5)
 (3, 14.7) (8, 17.5) (8, 20.9) (8, 17. ) (3, 16. ) (3, 15.4) (8, 17.9)
 (3, 15.2) (3, 15.1) (3, 15.3) (8, 17.2) (3, 15.9) (1, 10. ) (4,  9.9)
 (1, 10.3) (3, 15.4) (9, 12.7) (9, 13.2) (3, 15.3) (8, 17.9) (8, 18. )
 (8, 17.6) (3, 16. ) (3, 14.9) (8, 17.1) (8, 18.2) (8, 16.8) (9, 13.6)
 (3, 14.5) (9, 12.4) (1, 10.4) (4,  9.1) (4,  8.9) (3, 14.5) (9, 12.6)
 (4,  8.6) (1, 10.8) (1, 11.2) (1, 12.1) (1, 10.8) (1, 11.4) (1, 12. )
 (8, 16.3) (9, 12.7) (9, 12.7) (1, 12. ) (1, 11.5) (9, 13. ) (1, 11.7)
 (3, 14.8) (7,  7.7) (0,  4.4) (7,  7.4) (4,  8.3) (1, 10.1) (1, 12. )
 (9, 12.9) (1, 10.8) (4,  9.5) (1, 12.1) (9, 12.5) (9, 13.9) (9, 13.3)
 (9, 13.2) (9, 12.3) (9, 13.8) (1, 11.3) (1, 11.7) (9, 12.5) (3, 15.1)
 (1, 11.5) (9, 13. ) (1, 11.6) (9, 12.8) (3, 15.5) (9, 13.1) (9, 12.6)
 (0,  4.4) (0,  4.4) (7,  7.1) (0,  4.2) (4,  9.6) (0,  3.5) (0,  5.3)
 (7,  7. ) (2,  0.4) (6,  3.2) (7,  5.9) (4,  8.1) (7,  6.9) (0,  5.6)
 (7,  7.2) (7,  7.1) (7,  6.1) (7,  7.1) (0,  5.6) (0,  5.4) (7,  6.3)
 (0,  5.3) (4,  7.9) (4,  8.4) (4,  8.1) (6,  2.4) (0,  5.6) (7,  7.5)
 (6,  2.5) (0,  5. ) (0,  3.8) (4,  7.9) (0,  4.3) (5, -2.1) (5, -1.8)
 (0,  3.8) (6,  2.1) (2,  0.5) (2, -0.9) (2,  0.4) (7,  7.5) (4,  8.3)
 (2, -0.2) (2,  0.1) (6,  1.5) (4,  8.3) (4,  9.4) (6,  1.3) (6,  2.2)
 (2, -0.4) (0,  4.5) (4,  7.9) (0,  4.3) (5, -2.7) (2,  0.3) (0,  3.8)
 (6,  2.4) (2,  1.2) (2,  1.2) (2, -0.3) (0,  4.7) (0,  4.9) (6,  1.4)
 (6,  2.2) (2, -0.1) (2, -0.9) (2,  0.6) (0,  4.6) (4,  9.8) (1, 10.6)
 (4,  7.8) (0,  4.4) (2, -0.2) (0,  4.3) (7,  7.4) (4,  8.6) (1, 10.2)
 (7,  7.3) (4,  8.7) (2,  1. ) (6,  2.1) (7,  6.4) (0,  5.4) (2,  0.4)
 (0,  4. ) (4,  8.4) (2,  0.4) (0,  4.2) (2,  0.9) (2,  0.8) (0,  4.3)
 (7,  6.3) (0,  3.5) (5, -1.5) (2,  1.2) (2,  0.5) (0,  5.3) (7,  6.6)
 (5, -1.6) (5, -3.1) (2, -0.1) (2, -0.6) (6,  3. ) (6,  2.9) (5, -1.3)
 (6,  1.8) (6,  2.9) (5, -2.6) (2,  0.5) (6,  2.7) (5, -1.7) (2, -0.9)
 (5, -1.8) (6,  1.3) (6,  2.4) (5, -1.1) (6,  2.3) (5, -2.2) (5, -3.5)
 (2, -1. ) (5, -2.1) (5, -2. ) (5, -2.3) (5, -1.6) (2,  0.8) (5, -2.8)
 (5, -2.8) (6,  3. ) (0,  4.4) (6,  2.3) (5, -2. ) (5, -1.9) (0,  4.8)
 (2, -0.6) (6,  3.1) (5, -2.9) (5, -3.5) (2, -0.3) (2,  0.1) (6,  2.3)
 (6,  2.1) (0,  4.6) (0,  3.7) (5, -1.3) (5, -3.4) (5, -5.3) (2,  0. )
 (6,  2.4) (2, -0.6) (6,  2.3) (5, -3.7) (2, -0.9) (5, -1.5) (5, -3.3)
 (2, -0.1) (2, -0.2) (2,  0.5) (7,  6.1) (0,  4.1) (2,  0.1) (6,  3.2)
 (0,  5.4) (7,  5.8) (7,  6.3) (2, -0.9) (2,  0.2) (5, -3.7) (5, -2.7)
 (5, -2.5) (2, -0.5) (4,  9. ) (9, 13.1) (4,  8.7) (0,  3.9) (2,  0.7)
 (2,  1.1) (0,  5.1) (7,  7.5) (0,  4.7) (6,  3.2) (4,  7.8) (6,  2.4)
 (6,  3.2) (6,  2.5) (7,  6.5) (3, 14.4) (0,  4.9) (6,  2.3) (6,  1.4)
 (0,  5.6) (8, 16.8) (3, 14.4) (1, 10.3) (1, 11.2) (2,  0.3) (2,  0.5)
 (2,  0.5) (0,  4.6) (4,  8.2) (0,  4.5) (7,  6.7) (1, 11.9) (4,  9.2)
 (0,  4.4) (0,  5. ) (7,  6.7) (4,  8.3) (1, 11.3) (4,  9. ) (6,  3.4)
 (6,  3.2) (2,  0.9) (6,  3.3) (4,  7.9) (4,  9. ) (7,  7.1) (9, 12.5)
 (9, 12.5) (9, 12.3)]


analyzing the results:
number of max cluster size: 10
number of actually used clusters: 10
min value of all elements: -5.3
max value of all elements: 20.9
mean of all elements: 7.2655737704918035
median of all elements: 7.45
standard deviation of all elements: 6.017562236643699
variance of all elements: 36.21105527188032
distribution of all clusters: [0 0 0 0 0 0 0 0 0 0 0 0 0 0 0 0 0 0 0 0 0 0 0 0 0 0 0 0 0 0 0 0 0 0 0 0 0
 0 0 0 0 0 0 0 1 1 1 1 1 1 1 1 1 1 1 1 1 1 1 1 1 1 1 1 1 1 1 1 1 1 1 1 1 1
 1 1 1 1 1 1 1 1 2 2 2 2 2 2 2 2 2 2 2 2 2 2 2 2 2 2 2 2 2 2 2 2 2 2 2 2 2
 2 2 2 2 2 2 2 2 2 2 2 2 2 2 2 2 2 2 3 3 3 3 3 3 3 3 3 3 3 3 3 3 3 3 3 3 3
 3 3 3 3 3 3 3 3 3 3 3 3 3 3 3 3 3 3 4 4 4 4 4 4 4 4 4 4 4 4 4 4 4 4 4 4 4
 4 4 4 4 4 4 4 4 4 4 4 4 4 4 4 4 4 4 4 4 4 5 5 5 5 5 5 5 5 5 5 5 5 5 5 5 5
 5 5 5 5 5 5 5 5 5 5 5 5 5 5 5 5 6 6 6 6 6 6 6 6 6 6 6 6 6 6 6 6 6 6 6 6 6
 6 6 6 6 6 6 6 6 6 6 6 6 6 6 6 7 7 7 7 7 7 7 7 7 7 7 7 7 7 7 7 7 7 7 7 7 7
 7 7 7 7 7 7 7 7 8 8 8 8 8 8 8 8 8 8 8 8 8 8 8 8 8 8 8 8 8 8 8 9 9 9 9 9 9
 9 9 9 9 9 9 9 9 9 9 9 9 9 9 9 9 9 9 9 9 9 9 9 9 9 9 9 9 9 9 9 9 9]

cluster #0: 	sum elements:44  	min value: 3.5 	max value: 5.6 	mean: 4.6 	std deviation: 0.598 	median: 4.5
cluster #0 homoscedasticity given with ratio = 1.2099999999999993
cluster #1: 	sum elements:38  	min value: 10.0 	max value: 12.1 	mean: 11.2 	std deviation: 0.712 	median: 11.350000000000001
cluster #1 homoscedasticity NOT given with ratio = 1.7777777777777743
cluster #2: 	sum elements:47  	min value: -1.0 	max value: 1.2 	mean: 0.1 	std deviation: 0.637 	median: 0.2
cluster #2 homoscedasticity given with ratio = 1.0000000000000004
cluster #3: 	sum elements:37  	min value: 14.0 	max value: 16.0 	mean: 15.1 	std deviation: 0.533 	median: 15.1
cluster #3 homoscedasticity given with ratio = 1.4938271604938251
cluster #4: 	sum elements:40  	min value: 7.8 	max value: 9.9 	mean: 8.7 	std deviation: 0.611 	median: 8.6
cluster #4 homoscedasticity NOT given with ratio = 1.777777777777783
cluster #5: 	sum elements:32  	min value: -5.3 	max value: -1.1 	mean: -2.4 	std deviation: 0.92 	median: -2.25
cluster #5 homoscedasticity NOT given with ratio = 4.976331360946747
cluster #6: 	sum elements:36  	min value: 1.3 	max value: 3.4 	mean: 2.4 	std deviation: 0.603 	median: 2.4
cluster #6 homoscedasticity given with ratio = 1.2099999999999997
cluster #7: 	sum elements:30  	min value: 5.8 	max value: 7.7 	mean: 6.8 	std deviation: 0.576 	median: 6.95
cluster #7 homoscedasticity given with ratio = 1.234567901234567
cluster #8: 	sum elements:23  	min value: 16.3 	max value: 20.9 	mean: 17.4 	std deviation: 1.129 	median: 17.1
cluster #8 homoscedasticity NOT given with ratio = 10.1239669421488
cluster #9: 	sum elements:39  	min value: 12.3 	max value: 13.9 	mean: 13.0 	std deviation: 0.488 	median: 12.9
cluster #9 homoscedasticity NOT given with ratio = 1.6530612244898006
homoscedasticity given for 5 of 10 used clusters

number of elements: 366

built clusters:
cluster #5: -5.3 -- -1.1 (32)
cluster #2: -1.0 -- 1.2 (47)
cluster #6: 1.3 -- 3.4 (36)
cluster #0: 3.5 -- 5.6 (44)
cluster #7: 5.8 -- 7.7 (30)
cluster #4: 7.8 -- 9.9 (40)
cluster #1: 10.0 -- 12.1 (38)
cluster #9: 12.3 -- 13.9 (39)
cluster #3: 14.0 -- 16.0 (37)
cluster #8: 16.3 -- 20.9 (23)

score even distribution (SED) MAX: 3.61e+15
score even distribution (SED) MAX: 3605471137382400.0
SED number of digits: 16

number of used clusters (NUC) MAX: 1.0

sum variances (SV) MIN: 4.827091789300102
sum variances (SV) MIN: 4.83e+00
ratio between SED and sv digits MAX: 0
SUM: NUC(MAX): 1.0	 SED(MAX): 3.61e+15	 SV(MIN): 4.83e+00

Mean Silhouette Coefficient of all clusters MSC(MAX): 0.54
(best value is 1 and the worst value is -1. Values near 0 indicate overlapping clusters)

Davies-Bouldin score DB(MIN): 0.52
(The minimum score is zero, with lower values indicating better clustering.)


TRIAL: 9
***********


starting algorithm at: 08:16:47.171948
finishing algorithm at: 08:16:47.174264

running time of algorithm: 0:00:00.002316


frquencies result
[(4,  8. ) (7, 14. ) (1, 13.7) (1, 13.3) (4,  7.6) (0,  6.2) (0,  6.1)
 (4,  8.3) (4,  8.8) (4,  8.4) (8,  9.1) (4,  8.5) (8, 10.1) (1, 12.1)
 (8, 10.1) (1, 12.4) (7, 13.8) (1, 11.7) (1, 12.4) (7, 15.6) (7, 15.3)
 (3, 16.4) (1, 12.8) (1, 12. ) (7, 15.4) (7, 15.6) (1, 13.3) (1, 12.9)
 (7, 15.1) (1, 13.6) (7, 15.1) (1, 11.6) (3, 16.6) (1, 13.3) (7, 14.5)
 (3, 16.3) (3, 17.2) (3, 16.5) (7, 15. ) (7, 14.9) (1, 11.8) (1, 11.7)
 (8,  9.6) (4,  8.9) (8, 10.1) (7, 15.5) (8, 10.8) (4,  7.5) (1, 12.8)
 (1, 12.6) (7, 14.8) (3, 19.9) (8,  9.2) (1, 12.4) (1, 11.3) (8,  9.8)
 (7, 14.3) (7, 15.1) (7, 14.4) (7, 15.4) (7, 13.8) (1, 13.6) (7, 14.3)
 (7, 15.9) (3, 16.7) (1, 12.1) (7, 14.3) (3, 16.5) (3, 16.5) (3, 17.5)
 (7, 14.7) (3, 17.5) (3, 20.9) (3, 17. ) (7, 16. ) (7, 15.4) (3, 17.9)
 (7, 15.2) (7, 15.1) (7, 15.3) (3, 17.2) (7, 15.9) (8, 10. ) (8,  9.9)
 (8, 10.3) (7, 15.4) (1, 12.7) (1, 13.2) (7, 15.3) (3, 17.9) (3, 18. )
 (3, 17.6) (7, 16. ) (7, 14.9) (3, 17.1) (3, 18.2) (3, 16.8) (1, 13.6)
 (7, 14.5) (1, 12.4) (8, 10.4) (8,  9.1) (4,  8.9) (7, 14.5) (1, 12.6)
 (4,  8.6) (8, 10.8) (8, 11.2) (1, 12.1) (8, 10.8) (1, 11.4) (1, 12. )
 (3, 16.3) (1, 12.7) (1, 12.7) (1, 12. ) (1, 11.5) (1, 13. ) (1, 11.7)
 (7, 14.8) (4,  7.7) (0,  4.4) (4,  7.4) (4,  8.3) (8, 10.1) (1, 12. )
 (1, 12.9) (8, 10.8) (8,  9.5) (1, 12.1) (1, 12.5) (7, 13.9) (1, 13.3)
 (1, 13.2) (1, 12.3) (7, 13.8) (1, 11.3) (1, 11.7) (1, 12.5) (7, 15.1)
 (1, 11.5) (1, 13. ) (1, 11.6) (1, 12.8) (7, 15.5) (1, 13.1) (1, 12.6)
 (0,  4.4) (0,  4.4) (4,  7.1) (0,  4.2) (8,  9.6) (9,  3.5) (0,  5.3)
 (4,  7. ) (2,  0.4) (9,  3.2) (0,  5.9) (4,  8.1) (4,  6.9) (0,  5.6)
 (4,  7.2) (4,  7.1) (0,  6.1) (4,  7.1) (0,  5.6) (0,  5.4) (0,  6.3)
 (0,  5.3) (4,  7.9) (4,  8.4) (4,  8.1) (9,  2.4) (0,  5.6) (4,  7.5)
 (9,  2.5) (0,  5. ) (0,  3.8) (4,  7.9) (0,  4.3) (5, -2.1) (5, -1.8)
 (0,  3.8) (9,  2.1) (2,  0.5) (6, -0.9) (2,  0.4) (4,  7.5) (4,  8.3)
 (6, -0.2) (2,  0.1) (2,  1.5) (4,  8.3) (8,  9.4) (2,  1.3) (9,  2.2)
 (6, -0.4) (0,  4.5) (4,  7.9) (0,  4.3) (5, -2.7) (2,  0.3) (0,  3.8)
 (9,  2.4) (2,  1.2) (2,  1.2) (6, -0.3) (0,  4.7) (0,  4.9) (2,  1.4)
 (9,  2.2) (6, -0.1) (6, -0.9) (2,  0.6) (0,  4.6) (8,  9.8) (8, 10.6)
 (4,  7.8) (0,  4.4) (6, -0.2) (0,  4.3) (4,  7.4) (4,  8.6) (8, 10.2)
 (4,  7.3) (4,  8.7) (2,  1. ) (9,  2.1) (4,  6.4) (0,  5.4) (2,  0.4)
 (0,  4. ) (4,  8.4) (2,  0.4) (0,  4.2) (2,  0.9) (2,  0.8) (0,  4.3)
 (0,  6.3) (9,  3.5) (6, -1.5) (2,  1.2) (2,  0.5) (0,  5.3) (4,  6.6)
 (6, -1.6) (5, -3.1) (6, -0.1) (6, -0.6) (9,  3. ) (9,  2.9) (6, -1.3)
 (9,  1.8) (9,  2.9) (5, -2.6) (2,  0.5) (9,  2.7) (5, -1.7) (6, -0.9)
 (5, -1.8) (2,  1.3) (9,  2.4) (6, -1.1) (9,  2.3) (5, -2.2) (5, -3.5)
 (6, -1. ) (5, -2.1) (5, -2. ) (5, -2.3) (6, -1.6) (2,  0.8) (5, -2.8)
 (5, -2.8) (9,  3. ) (0,  4.4) (9,  2.3) (5, -2. ) (5, -1.9) (0,  4.8)
 (6, -0.6) (9,  3.1) (5, -2.9) (5, -3.5) (6, -0.3) (2,  0.1) (9,  2.3)
 (9,  2.1) (0,  4.6) (0,  3.7) (6, -1.3) (5, -3.4) (5, -5.3) (2,  0. )
 (9,  2.4) (6, -0.6) (9,  2.3) (5, -3.7) (6, -0.9) (6, -1.5) (5, -3.3)
 (6, -0.1) (6, -0.2) (2,  0.5) (0,  6.1) (0,  4.1) (2,  0.1) (9,  3.2)
 (0,  5.4) (0,  5.8) (0,  6.3) (6, -0.9) (2,  0.2) (5, -3.7) (5, -2.7)
 (5, -2.5) (6, -0.5) (4,  9. ) (1, 13.1) (4,  8.7) (0,  3.9) (2,  0.7)
 (2,  1.1) (0,  5.1) (4,  7.5) (0,  4.7) (9,  3.2) (4,  7.8) (9,  2.4)
 (9,  3.2) (9,  2.5) (4,  6.5) (7, 14.4) (0,  4.9) (9,  2.3) (2,  1.4)
 (0,  5.6) (3, 16.8) (7, 14.4) (8, 10.3) (8, 11.2) (2,  0.3) (2,  0.5)
 (2,  0.5) (0,  4.6) (4,  8.2) (0,  4.5) (4,  6.7) (1, 11.9) (8,  9.2)
 (0,  4.4) (0,  5. ) (4,  6.7) (4,  8.3) (1, 11.3) (4,  9. ) (9,  3.4)
 (9,  3.2) (2,  0.9) (9,  3.3) (4,  7.9) (4,  9. ) (4,  7.1) (1, 12.5)
 (1, 12.5) (1, 12.3)]


analyzing the results:
number of max cluster size: 10
number of actually used clusters: 10
min value of all elements: -5.3
max value of all elements: 20.9
mean of all elements: 7.2655737704918035
median of all elements: 7.45
standard deviation of all elements: 6.017562236643698
variance of all elements: 36.21105527188031
distribution of all clusters: [0 0 0 0 0 0 0 0 0 0 0 0 0 0 0 0 0 0 0 0 0 0 0 0 0 0 0 0 0 0 0 0 0 0 0 0 0
 0 0 0 0 0 0 0 0 0 0 0 0 0 0 1 1 1 1 1 1 1 1 1 1 1 1 1 1 1 1 1 1 1 1 1 1 1
 1 1 1 1 1 1 1 1 1 1 1 1 1 1 1 1 1 1 1 1 1 1 1 1 1 1 1 1 1 1 1 1 1 1 2 2 2
 2 2 2 2 2 2 2 2 2 2 2 2 2 2 2 2 2 2 2 2 2 2 2 2 2 2 2 2 2 2 3 3 3 3 3 3 3
 3 3 3 3 3 3 3 3 3 3 3 3 3 3 3 3 4 4 4 4 4 4 4 4 4 4 4 4 4 4 4 4 4 4 4 4 4
 4 4 4 4 4 4 4 4 4 4 4 4 4 4 4 4 4 4 4 4 4 4 4 4 4 4 4 4 4 5 5 5 5 5 5 5 5
 5 5 5 5 5 5 5 5 5 5 5 5 5 5 5 5 5 6 6 6 6 6 6 6 6 6 6 6 6 6 6 6 6 6 6 6 6
 6 6 6 6 6 6 7 7 7 7 7 7 7 7 7 7 7 7 7 7 7 7 7 7 7 7 7 7 7 7 7 7 7 7 7 7 7
 7 7 7 7 7 7 7 7 7 7 8 8 8 8 8 8 8 8 8 8 8 8 8 8 8 8 8 8 8 8 8 8 8 8 8 8 8
 9 9 9 9 9 9 9 9 9 9 9 9 9 9 9 9 9 9 9 9 9 9 9 9 9 9 9 9 9 9 9 9 9]

cluster #0: 	sum elements:51  	min value: 3.7 	max value: 6.3 	mean: 4.9 	std deviation: 0.762 	median: 4.7
cluster #0 homoscedasticity given with ratio = 1.3611111111111096
cluster #1: 	sum elements:57  	min value: 11.3 	max value: 13.7 	mean: 12.4 	std deviation: 0.664 	median: 12.5
cluster #1 homoscedasticity given with ratio = 1.3966942148760315
cluster #2: 	sum elements:33  	min value: 0.0 	max value: 1.5 	mean: 0.7 	std deviation: 0.44 	median: 0.5
cluster #2 homoscedasticity given with ratio = 1.3061224489795922
cluster #3: 	sum elements:23  	min value: 16.3 	max value: 20.9 	mean: 17.4 	std deviation: 1.129 	median: 17.1
cluster #3 homoscedasticity NOT given with ratio = 10.1239669421488
cluster #4: 	sum elements:50  	min value: 6.4 	max value: 9.0 	mean: 7.9 	std deviation: 0.728 	median: 7.9
cluster #4 homoscedasticity NOT given with ratio = 1.859504132231406
cluster #5: 	sum elements:25  	min value: -5.3 	max value: -1.7 	mean: -2.7 	std deviation: 0.829 	median: -2.7
cluster #5 homoscedasticity NOT given with ratio = 6.759999999999995
cluster #6: 	sum elements:26  	min value: -1.6 	max value: -0.1 	mean: -0.8 	std deviation: 0.502 	median: -0.75
cluster #6 homoscedasticity given with ratio = 1.3061224489795917
cluster #7: 	sum elements:41  	min value: 13.8 	max value: 16.0 	mean: 14.9 	std deviation: 0.626 	median: 15.1
cluster #7 homoscedasticity given with ratio = 0
cluster #8: 	sum elements:27  	min value: 9.1 	max value: 11.2 	mean: 10.1 	std deviation: 0.62 	median: 10.1
cluster #8 homoscedasticity given with ratio = 1.2099999999999993
cluster #9: 	sum elements:33  	min value: 1.8 	max value: 3.5 	mean: 2.7 	std deviation: 0.484 	median: 2.5
cluster #9 homoscedasticity given with ratio = 1.265625000000001
homoscedasticity given for 7 of 10 used clusters

number of elements: 366

built clusters:
cluster #5: -5.3 -- -1.7 (25)
cluster #6: -1.6 -- -0.1 (26)
cluster #2: 0.0 -- 1.5 (33)
cluster #9: 1.8 -- 3.5 (33)
cluster #0: 3.7 -- 6.3 (51)
cluster #4: 6.4 -- 9.0 (50)
cluster #8: 9.1 -- 11.2 (27)
cluster #1: 11.3 -- 13.7 (57)
cluster #7: 13.8 -- 16.0 (41)
cluster #3: 16.3 -- 20.9 (23)

score even distribution (SED) MAX: 2.62e+15
score even distribution (SED) MAX: 2619580382347500.0
SED number of digits: 16

number of used clusters (NUC) MAX: 1.0

sum variances (SV) MIN: 4.811625883138344
sum variances (SV) MIN: 4.81e+00
ratio between SED and sv digits MAX: 0
SUM: NUC(MAX): 1.0	 SED(MAX): 2.62e+15	 SV(MIN): 4.81e+00

Mean Silhouette Coefficient of all clusters MSC(MAX): 0.54
(best value is 1 and the worst value is -1. Values near 0 indicate overlapping clusters)

Davies-Bouldin score DB(MIN): 0.51
(The minimum score is zero, with lower values indicating better clustering.)


TRIAL: 10
***********


starting algorithm at: 08:16:47.186935
finishing algorithm at: 08:16:47.189016

running time of algorithm: 0:00:00.002081


frquencies result
[(2,  8. ) (0, 14. ) (0, 13.7) (7, 13.3) (2,  7.6) (2,  6.2) (2,  6.1)
 (2,  8.3) (6,  8.8) (2,  8.4) (6,  9.1) (2,  8.5) (6, 10.1) (7, 12.1)
 (6, 10.1) (7, 12.4) (0, 13.8) (7, 11.7) (7, 12.4) (3, 15.6) (3, 15.3)
 (3, 16.4) (7, 12.8) (7, 12. ) (3, 15.4) (3, 15.6) (7, 13.3) (7, 12.9)
 (0, 15.1) (0, 13.6) (0, 15.1) (7, 11.6) (3, 16.6) (7, 13.3) (0, 14.5)
 (3, 16.3) (9, 17.2) (3, 16.5) (0, 15. ) (0, 14.9) (7, 11.8) (7, 11.7)
 (6,  9.6) (6,  8.9) (6, 10.1) (3, 15.5) (6, 10.8) (2,  7.5) (7, 12.8)
 (7, 12.6) (0, 14.8) (9, 19.9) (6,  9.2) (7, 12.4) (7, 11.3) (6,  9.8)
 (0, 14.3) (0, 15.1) (0, 14.4) (3, 15.4) (0, 13.8) (0, 13.6) (0, 14.3)
 (3, 15.9) (3, 16.7) (7, 12.1) (0, 14.3) (3, 16.5) (3, 16.5) (9, 17.5)
 (0, 14.7) (9, 17.5) (9, 20.9) (9, 17. ) (3, 16. ) (3, 15.4) (9, 17.9)
 (3, 15.2) (0, 15.1) (3, 15.3) (9, 17.2) (3, 15.9) (6, 10. ) (6,  9.9)
 (6, 10.3) (3, 15.4) (7, 12.7) (7, 13.2) (3, 15.3) (9, 17.9) (9, 18. )
 (9, 17.6) (3, 16. ) (0, 14.9) (9, 17.1) (9, 18.2) (9, 16.8) (0, 13.6)
 (0, 14.5) (7, 12.4) (6, 10.4) (6,  9.1) (6,  8.9) (0, 14.5) (7, 12.6)
 (2,  8.6) (6, 10.8) (7, 11.2) (7, 12.1) (6, 10.8) (7, 11.4) (7, 12. )
 (3, 16.3) (7, 12.7) (7, 12.7) (7, 12. ) (7, 11.5) (7, 13. ) (7, 11.7)
 (0, 14.8) (2,  7.7) (4,  4.4) (2,  7.4) (2,  8.3) (6, 10.1) (7, 12. )
 (7, 12.9) (6, 10.8) (6,  9.5) (7, 12.1) (7, 12.5) (0, 13.9) (7, 13.3)
 (7, 13.2) (7, 12.3) (0, 13.8) (7, 11.3) (7, 11.7) (7, 12.5) (0, 15.1)
 (7, 11.5) (7, 13. ) (7, 11.6) (7, 12.8) (3, 15.5) (7, 13.1) (7, 12.6)
 (4,  4.4) (4,  4.4) (2,  7.1) (4,  4.2) (6,  9.6) (8,  3.5) (4,  5.3)
 (2,  7. ) (1,  0.4) (8,  3.2) (4,  5.9) (2,  8.1) (2,  6.9) (4,  5.6)
 (2,  7.2) (2,  7.1) (2,  6.1) (2,  7.1) (4,  5.6) (4,  5.4) (2,  6.3)
 (4,  5.3) (2,  7.9) (2,  8.4) (2,  8.1) (8,  2.4) (4,  5.6) (2,  7.5)
 (8,  2.5) (4,  5. ) (4,  3.8) (2,  7.9) (4,  4.3) (5, -2.1) (5, -1.8)
 (4,  3.8) (8,  2.1) (1,  0.5) (5, -0.9) (1,  0.4) (2,  7.5) (2,  8.3)
 (1, -0.2) (1,  0.1) (8,  1.5) (2,  8.3) (6,  9.4) (1,  1.3) (8,  2.2)
 (1, -0.4) (4,  4.5) (2,  7.9) (4,  4.3) (5, -2.7) (1,  0.3) (4,  3.8)
 (8,  2.4) (1,  1.2) (1,  1.2) (1, -0.3) (4,  4.7) (4,  4.9) (1,  1.4)
 (8,  2.2) (1, -0.1) (5, -0.9) (1,  0.6) (4,  4.6) (6,  9.8) (6, 10.6)
 (2,  7.8) (4,  4.4) (1, -0.2) (4,  4.3) (2,  7.4) (2,  8.6) (6, 10.2)
 (2,  7.3) (6,  8.7) (1,  1. ) (8,  2.1) (2,  6.4) (4,  5.4) (1,  0.4)
 (4,  4. ) (2,  8.4) (1,  0.4) (4,  4.2) (1,  0.9) (1,  0.8) (4,  4.3)
 (2,  6.3) (8,  3.5) (5, -1.5) (1,  1.2) (1,  0.5) (4,  5.3) (2,  6.6)
 (5, -1.6) (5, -3.1) (1, -0.1) (1, -0.6) (8,  3. ) (8,  2.9) (5, -1.3)
 (8,  1.8) (8,  2.9) (5, -2.6) (1,  0.5) (8,  2.7) (5, -1.7) (5, -0.9)
 (5, -1.8) (1,  1.3) (8,  2.4) (5, -1.1) (8,  2.3) (5, -2.2) (5, -3.5)
 (5, -1. ) (5, -2.1) (5, -2. ) (5, -2.3) (5, -1.6) (1,  0.8) (5, -2.8)
 (5, -2.8) (8,  3. ) (4,  4.4) (8,  2.3) (5, -2. ) (5, -1.9) (4,  4.8)
 (1, -0.6) (8,  3.1) (5, -2.9) (5, -3.5) (1, -0.3) (1,  0.1) (8,  2.3)
 (8,  2.1) (4,  4.6) (4,  3.7) (5, -1.3) (5, -3.4) (5, -5.3) (1,  0. )
 (8,  2.4) (1, -0.6) (8,  2.3) (5, -3.7) (5, -0.9) (5, -1.5) (5, -3.3)
 (1, -0.1) (1, -0.2) (1,  0.5) (2,  6.1) (4,  4.1) (1,  0.1) (8,  3.2)
 (4,  5.4) (4,  5.8) (2,  6.3) (5, -0.9) (1,  0.2) (5, -3.7) (5, -2.7)
 (5, -2.5) (1, -0.5) (6,  9. ) (7, 13.1) (6,  8.7) (4,  3.9) (1,  0.7)
 (1,  1.1) (4,  5.1) (2,  7.5) (4,  4.7) (8,  3.2) (2,  7.8) (8,  2.4)
 (8,  3.2) (8,  2.5) (2,  6.5) (0, 14.4) (4,  4.9) (8,  2.3) (1,  1.4)
 (4,  5.6) (9, 16.8) (0, 14.4) (6, 10.3) (7, 11.2) (1,  0.3) (1,  0.5)
 (1,  0.5) (4,  4.6) (2,  8.2) (4,  4.5) (2,  6.7) (7, 11.9) (6,  9.2)
 (4,  4.4) (4,  5. ) (2,  6.7) (2,  8.3) (7, 11.3) (6,  9. ) (8,  3.4)
 (8,  3.2) (1,  0.9) (8,  3.3) (2,  7.9) (6,  9. ) (2,  7.1) (7, 12.5)
 (7, 12.5) (7, 12.3)]


analyzing the results:
number of max cluster size: 10
number of actually used clusters: 10
min value of all elements: -5.3
max value of all elements: 20.9
mean of all elements: 7.2655737704918035
median of all elements: 7.45
standard deviation of all elements: 6.017562236643698
variance of all elements: 36.21105527188031
distribution of all clusters: [0 0 0 0 0 0 0 0 0 0 0 0 0 0 0 0 0 0 0 0 0 0 0 0 0 0 0 0 0 1 1 1 1 1 1 1 1
 1 1 1 1 1 1 1 1 1 1 1 1 1 1 1 1 1 1 1 1 1 1 1 1 1 1 1 1 1 1 1 1 1 1 1 1 1
 2 2 2 2 2 2 2 2 2 2 2 2 2 2 2 2 2 2 2 2 2 2 2 2 2 2 2 2 2 2 2 2 2 2 2 2 2
 2 2 2 2 2 2 2 2 2 2 2 2 3 3 3 3 3 3 3 3 3 3 3 3 3 3 3 3 3 3 3 3 3 3 3 3 4
 4 4 4 4 4 4 4 4 4 4 4 4 4 4 4 4 4 4 4 4 4 4 4 4 4 4 4 4 4 4 4 4 4 4 4 4 4
 4 4 4 4 4 4 5 5 5 5 5 5 5 5 5 5 5 5 5 5 5 5 5 5 5 5 5 5 5 5 5 5 5 5 5 5 5
 5 5 5 5 5 5 5 6 6 6 6 6 6 6 6 6 6 6 6 6 6 6 6 6 6 6 6 6 6 6 6 6 6 6 6 6 6
 6 6 6 7 7 7 7 7 7 7 7 7 7 7 7 7 7 7 7 7 7 7 7 7 7 7 7 7 7 7 7 7 7 7 7 7 7
 7 7 7 7 7 7 7 7 7 7 7 7 7 7 7 7 7 7 7 7 7 8 8 8 8 8 8 8 8 8 8 8 8 8 8 8 8
 8 8 8 8 8 8 8 8 8 8 8 8 8 8 8 8 8 8 9 9 9 9 9 9 9 9 9 9 9 9 9 9 9]

cluster #0: 	sum elements:29  	min value: 13.6 	max value: 15.1 	mean: 14.4 	std deviation: 0.524 	median: 14.4
cluster #0 homoscedasticity given with ratio = 1.3061224489795968
cluster #1: 	sum elements:45  	min value: -0.6 	max value: 1.4 	mean: 0.4 	std deviation: 0.587 	median: 0.4
cluster #1 homoscedasticity given with ratio = 1.0000000000000002
cluster #2: 	sum elements:49  	min value: 6.1 	max value: 8.6 	mean: 7.5 	std deviation: 0.775 	median: 7.5
cluster #2 homoscedasticity NOT given with ratio = 1.6198347107438036
cluster #3: 	sum elements:24  	min value: 15.2 	max value: 16.7 	mean: 15.9 	std deviation: 0.503 	median: 15.75
cluster #3 homoscedasticity given with ratio = 1.3061224489795844
cluster #4: 	sum elements:44  	min value: 3.7 	max value: 5.9 	mean: 4.7 	std deviation: 0.602 	median: 4.6
cluster #4 homoscedasticity given with ratio = 1.4400000000000004
cluster #5: 	sum elements:38  	min value: -5.3 	max value: -0.9 	mean: -2.2 	std deviation: 1.015 	median: -2.05
cluster #5 homoscedasticity NOT given with ratio = 5.686390532544375
cluster #6: 	sum elements:33  	min value: 8.7 	max value: 10.8 	mean: 9.7 	std deviation: 0.681 	median: 9.8
cluster #6 homoscedasticity given with ratio = 1.210000000000003
cluster #7: 	sum elements:55  	min value: 11.2 	max value: 13.3 	mean: 12.3 	std deviation: 0.626 	median: 12.4
cluster #7 homoscedasticity given with ratio = 1.210000000000003
cluster #8: 	sum elements:34  	min value: 1.5 	max value: 3.5 	mean: 2.6 	std deviation: 0.518 	median: 2.45
cluster #8 homoscedasticity given with ratio = 1.4938271604938278
cluster #9: 	sum elements:15  	min value: 16.8 	max value: 20.9 	mean: 17.8 	std deviation: 1.143 	median: 17.5
cluster #9 homoscedasticity NOT given with ratio = 9.609999999999987
homoscedasticity given for 7 of 10 used clusters

number of elements: 366

built clusters:
cluster #5: -5.3 -- -0.9 (38)
cluster #1: -0.6 -- 1.4 (45)
cluster #8: 1.5 -- 3.5 (34)
cluster #4: 3.7 -- 5.9 (44)
cluster #2: 6.1 -- 8.6 (49)
cluster #6: 8.7 -- 10.8 (33)
cluster #7: 11.2 -- 13.3 (55)
cluster #0: 13.6 -- 15.1 (29)
cluster #3: 15.2 -- 16.7 (24)
cluster #9: 16.8 -- 20.9 (15)

score even distribution (SED) MAX: 2.38e+15
score even distribution (SED) MAX: 2375203978224000.0
SED number of digits: 16

number of used clusters (NUC) MAX: 1.0

sum variances (SV) MIN: 5.102641561335396
sum variances (SV) MIN: 5.10e+00
ratio between SED and sv digits MAX: 0
SUM: NUC(MAX): 1.0	 SED(MAX): 2.38e+15	 SV(MIN): 5.10e+00

Mean Silhouette Coefficient of all clusters MSC(MAX): 0.53
(best value is 1 and the worst value is -1. Values near 0 indicate overlapping clusters)

Davies-Bouldin score DB(MIN): 0.53
(The minimum score is zero, with lower values indicating better clustering.)

finished all 10 trials


Variances (Population):
 NUC: 0.0
 SED: 7.63e+29
 SV: 1.86e-02
 MSC: 3.35e-05



TEST NUCs: [1. 1. 1. 1. 1. 1. 1. 1. 1. 1.]

Process finished with exit code 0
