

TRIAL: 1
***********


starting algorithm at: 10:38:12.213770

finishing algorithm at: 10:38:12.256739

running time of algorithm: 0:00:00.042969

clusters with resulting frequencies:
[(5,  8. ) (8, 14. ) (7, 13.7) (7, 13.3) (4,  7.6) (4,  6.2) (4,  6.1)
 (5,  8.3) (5,  8.8) (5,  8.4) (5,  9.1) (5,  8.5) (6, 10.1) (7, 12.1)
 (6, 10.1) (7, 12.4) (7, 13.8) (6, 11.7) (7, 12.4) (8, 15.6) (8, 15.3)
 (9, 16.4) (7, 12.8) (7, 12. ) (8, 15.4) (8, 15.6) (7, 13.3) (7, 12.9)
 (8, 15.1) (7, 13.6) (8, 15.1) (6, 11.6) (9, 16.6) (7, 13.3) (8, 14.5)
 (9, 16.3) (9, 17.2) (9, 16.5) (8, 15. ) (8, 14.9) (6, 11.8) (6, 11.7)
 (5,  9.6) (5,  8.9) (6, 10.1) (8, 15.5) (6, 10.8) (4,  7.5) (7, 12.8)
 (7, 12.6) (8, 14.8) (9, 19.9) (5,  9.2) (7, 12.4) (6, 11.3) (6,  9.8)
 (8, 14.3) (8, 15.1) (8, 14.4) (8, 15.4) (7, 13.8) (7, 13.6) (8, 14.3)
 (8, 15.9) (9, 16.7) (7, 12.1) (8, 14.3) (9, 16.5) (9, 16.5) (9, 17.5)
 (8, 14.7) (9, 17.5) (9, 20.9) (9, 17. ) (8, 16. ) (8, 15.4) (9, 17.9)
 (8, 15.2) (8, 15.1) (8, 15.3) (9, 17.2) (8, 15.9) (6, 10. ) (6,  9.9)
 (6, 10.3) (8, 15.4) (7, 12.7) (7, 13.2) (8, 15.3) (9, 17.9) (9, 18. )
 (9, 17.6) (8, 16. ) (8, 14.9) (9, 17.1) (9, 18.2) (9, 16.8) (7, 13.6)
 (8, 14.5) (7, 12.4) (6, 10.4) (5,  9.1) (5,  8.9) (8, 14.5) (7, 12.6)
 (5,  8.6) (6, 10.8) (6, 11.2) (7, 12.1) (6, 10.8) (6, 11.4) (7, 12. )
 (9, 16.3) (7, 12.7) (7, 12.7) (7, 12. ) (6, 11.5) (7, 13. ) (6, 11.7)
 (8, 14.8) (5,  7.7) (3,  4.4) (4,  7.4) (5,  8.3) (6, 10.1) (7, 12. )
 (7, 12.9) (6, 10.8) (5,  9.5) (7, 12.1) (7, 12.5) (7, 13.9) (7, 13.3)
 (7, 13.2) (7, 12.3) (7, 13.8) (6, 11.3) (6, 11.7) (7, 12.5) (8, 15.1)
 (6, 11.5) (7, 13. ) (6, 11.6) (7, 12.8) (8, 15.5) (7, 13.1) (7, 12.6)
 (3,  4.4) (3,  4.4) (4,  7.1) (3,  4.2) (5,  9.6) (3,  3.5) (3,  5.3)
 (4,  7. ) (1,  0.4) (2,  3.2) (4,  5.9) (5,  8.1) (4,  6.9) (4,  5.6)
 (4,  7.2) (4,  7.1) (4,  6.1) (4,  7.1) (4,  5.6) (3,  5.4) (4,  6.3)
 (3,  5.3) (5,  7.9) (5,  8.4) (5,  8.1) (2,  2.4) (4,  5.6) (4,  7.5)
 (2,  2.5) (3,  5. ) (3,  3.8) (5,  7.9) (3,  4.3) (0, -2.1) (0, -1.8)
 (3,  3.8) (2,  2.1) (1,  0.5) (1, -0.9) (1,  0.4) (4,  7.5) (5,  8.3)
 (1, -0.2) (1,  0.1) (2,  1.5) (5,  8.3) (5,  9.4) (2,  1.3) (2,  2.2)
 (1, -0.4) (3,  4.5) (5,  7.9) (3,  4.3) (0, -2.7) (1,  0.3) (3,  3.8)
 (2,  2.4) (2,  1.2) (2,  1.2) (1, -0.3) (3,  4.7) (3,  4.9) (2,  1.4)
 (2,  2.2) (1, -0.1) (1, -0.9) (1,  0.6) (3,  4.6) (6,  9.8) (6, 10.6)
 (5,  7.8) (3,  4.4) (1, -0.2) (3,  4.3) (4,  7.4) (5,  8.6) (6, 10.2)
 (4,  7.3) (5,  8.7) (1,  1. ) (2,  2.1) (4,  6.4) (3,  5.4) (1,  0.4)
 (3,  4. ) (5,  8.4) (1,  0.4) (3,  4.2) (1,  0.9) (1,  0.8) (3,  4.3)
 (4,  6.3) (3,  3.5) (0, -1.5) (2,  1.2) (1,  0.5) (3,  5.3) (4,  6.6)
 (0, -1.6) (0, -3.1) (1, -0.1) (1, -0.6) (2,  3. ) (2,  2.9) (0, -1.3)
 (2,  1.8) (2,  2.9) (0, -2.6) (1,  0.5) (2,  2.7) (0, -1.7) (1, -0.9)
 (0, -1.8) (2,  1.3) (2,  2.4) (1, -1.1) (2,  2.3) (0, -2.2) (0, -3.5)
 (1, -1. ) (0, -2.1) (0, -2. ) (0, -2.3) (0, -1.6) (1,  0.8) (0, -2.8)
 (0, -2.8) (2,  3. ) (3,  4.4) (2,  2.3) (0, -2. ) (0, -1.9) (3,  4.8)
 (1, -0.6) (2,  3.1) (0, -2.9) (0, -3.5) (1, -0.3) (1,  0.1) (2,  2.3)
 (2,  2.1) (3,  4.6) (3,  3.7) (0, -1.3) (0, -3.4) (0, -5.3) (1,  0. )
 (2,  2.4) (1, -0.6) (2,  2.3) (0, -3.7) (1, -0.9) (0, -1.5) (0, -3.3)
 (1, -0.1) (1, -0.2) (1,  0.5) (4,  6.1) (3,  4.1) (1,  0.1) (2,  3.2)
 (3,  5.4) (4,  5.8) (4,  6.3) (1, -0.9) (1,  0.2) (0, -3.7) (0, -2.7)
 (0, -2.5) (1, -0.5) (5,  9. ) (7, 13.1) (5,  8.7) (3,  3.9) (1,  0.7)
 (1,  1.1) (3,  5.1) (4,  7.5) (3,  4.7) (2,  3.2) (5,  7.8) (2,  2.4)
 (2,  3.2) (2,  2.5) (4,  6.5) (8, 14.4) (3,  4.9) (2,  2.3) (2,  1.4)
 (4,  5.6) (9, 16.8) (8, 14.4) (6, 10.3) (6, 11.2) (1,  0.3) (1,  0.5)
 (1,  0.5) (3,  4.6) (5,  8.2) (3,  4.5) (4,  6.7) (7, 11.9) (5,  9.2)
 (3,  4.4) (3,  5. ) (4,  6.7) (5,  8.3) (6, 11.3) (5,  9. ) (2,  3.4)
 (2,  3.2) (1,  0.9) (2,  3.3) (5,  7.9) (5,  9. ) (4,  7.1) (7, 12.5)
 (7, 12.5) (7, 12.3)]


analyzing the results:
number of max cluster size: 10
number of actually used clusters: 10
min value of all elements: -5.3
max value of all elements: 20.9
mean of all elements: 7.2655737704918035
median of all elements: 7.45
standard deviation of all elements: 6.017562236643699
variance of all elements: 36.21105527188032
distribution of all clusters: [0 0 0 0 0 0 0 0 0 0 0 0 0 0 0 0 0 0 0 0 0 0 0 0 0 0 0 0 0 0 0 1 1 1 1 1 1
 1 1 1 1 1 1 1 1 1 1 1 1 1 1 1 1 1 1 1 1 1 1 1 1 1 1 1 1 1 1 1 1 1 1 1 1 1
 1 1 2 2 2 2 2 2 2 2 2 2 2 2 2 2 2 2 2 2 2 2 2 2 2 2 2 2 2 2 2 2 2 2 2 2 2
 2 2 2 2 3 3 3 3 3 3 3 3 3 3 3 3 3 3 3 3 3 3 3 3 3 3 3 3 3 3 3 3 3 3 3 3 3
 3 3 3 3 3 3 3 4 4 4 4 4 4 4 4 4 4 4 4 4 4 4 4 4 4 4 4 4 4 4 4 4 4 4 4 4 4
 4 4 4 5 5 5 5 5 5 5 5 5 5 5 5 5 5 5 5 5 5 5 5 5 5 5 5 5 5 5 5 5 5 5 5 5 5
 5 5 5 5 6 6 6 6 6 6 6 6 6 6 6 6 6 6 6 6 6 6 6 6 6 6 6 6 6 6 6 6 6 6 6 6 7
 7 7 7 7 7 7 7 7 7 7 7 7 7 7 7 7 7 7 7 7 7 7 7 7 7 7 7 7 7 7 7 7 7 7 7 7 7
 7 7 7 7 7 7 7 7 7 7 8 8 8 8 8 8 8 8 8 8 8 8 8 8 8 8 8 8 8 8 8 8 8 8 8 8 8
 8 8 8 8 8 8 8 8 8 8 9 9 9 9 9 9 9 9 9 9 9 9 9 9 9 9 9 9 9 9 9 9 9]

cluster #0: 	sum elements:31  	min value: -5.3 	max value: -1.3 	mean: -2.5 	std deviation: 0.902 	median: -2.3
cluster #0 homoscedasticity NOT given with ratio = 5.444444444444444
cluster #1: 	sum elements:45  	min value: -1.1 	max value: 1.1 	mean: 0.0 	std deviation: 0.61 	median: 0.1
cluster #1 homoscedasticity given with ratio = 0
cluster #2: 	sum elements:39  	min value: 1.2 	max value: 3.4 	mean: 2.4 	std deviation: 0.67 	median: 2.4
cluster #2 homoscedasticity given with ratio = 1.44
cluster #3: 	sum elements:40  	min value: 3.5 	max value: 5.4 	mean: 4.5 	std deviation: 0.531 	median: 4.4
cluster #3 homoscedasticity given with ratio = 1.234567901234567
cluster #4: 	sum elements:33  	min value: 5.6 	max value: 7.6 	mean: 6.7 	std deviation: 0.659 	median: 6.7
cluster #4 homoscedasticity given with ratio = 1.4938271604938302
cluster #5: 	sum elements:38  	min value: 7.7 	max value: 9.6 	mean: 8.6 	std deviation: 0.545 	median: 8.45
cluster #5 homoscedasticity given with ratio = 1.2345679012345694
cluster #6: 	sum elements:32  	min value: 9.8 	max value: 11.8 	mean: 10.9 	std deviation: 0.679 	median: 10.8
cluster #6 homoscedasticity given with ratio = 1.4938271604938251
cluster #7: 	sum elements:48  	min value: 11.9 	max value: 13.9 	mean: 12.8 	std deviation: 0.575 	median: 12.7
cluster #7 homoscedasticity given with ratio = 1.4938271604938251
cluster #8: 	sum elements:37  	min value: 14.0 	max value: 16.0 	mean: 15.1 	std deviation: 0.533 	median: 15.1
cluster #8 homoscedasticity given with ratio = 1.4938271604938251
cluster #9: 	sum elements:23  	min value: 16.3 	max value: 20.9 	mean: 17.4 	std deviation: 1.129 	median: 17.1
cluster #9 homoscedasticity NOT given with ratio = 10.1239669421488
homoscedasticity given for 8 of 10 used clusters

number of elements: 366

built clusters:
cluster #0: -5.3 -- -1.3 (31)
cluster #1: -1.1 -- 1.1 (45)
cluster #2: 1.2 -- 3.4 (39)
cluster #3: 3.5 -- 5.4 (40)
cluster #4: 5.6 -- 7.6 (33)
cluster #5: 7.7 -- 9.6 (38)
cluster #6: 9.8 -- 11.8 (32)
cluster #7: 11.9 -- 13.9 (48)
cluster #8: 14.0 -- 16.0 (37)
cluster #9: 16.3 -- 20.9 (23)

score even distribution (SED) MAX: 3.57e+15
score even distribution (SED) MAX: 3567115061452800.0
SED number of digits: 16

number of used clusters (NUC) MAX: 1.0

sum variances (SV) MIN: 4.8398787309184055
sum variances (SV) MIN: 4.84e+00
ratio between SED and sv digits MAX: 0
SUM: NUC(MAX): 1.0	 SED(MAX): 3.57e+15	 SV(MIN): 4.84e+00

Mean Silhouette Coefficient of all clusters MSC(MAX): 0.55
(best value is 1 and the worst value is -1. Values near 0 indicate overlapping clusters)

Davies-Bouldin score DB(MIN): 0.52
(The minimum score is zero, with lower values indicating better clustering.)


TRIAL: 2
***********


starting algorithm at: 10:38:12.274155

finishing algorithm at: 10:38:12.309967

running time of algorithm: 0:00:00.035812

clusters with resulting frequencies:
[(5,  8. ) (8, 14. ) (7, 13.7) (7, 13.3) (5,  7.6) (4,  6.2) (4,  6.1)
 (5,  8.3) (5,  8.8) (5,  8.4) (5,  9.1) (5,  8.5) (6, 10.1) (7, 12.1)
 (6, 10.1) (7, 12.4) (7, 13.8) (7, 11.7) (7, 12.4) (8, 15.6) (8, 15.3)
 (9, 16.4) (7, 12.8) (7, 12. ) (8, 15.4) (8, 15.6) (7, 13.3) (7, 12.9)
 (8, 15.1) (7, 13.6) (8, 15.1) (6, 11.6) (9, 16.6) (7, 13.3) (8, 14.5)
 (9, 16.3) (9, 17.2) (9, 16.5) (8, 15. ) (8, 14.9) (7, 11.8) (7, 11.7)
 (6,  9.6) (5,  8.9) (6, 10.1) (8, 15.5) (6, 10.8) (5,  7.5) (7, 12.8)
 (7, 12.6) (8, 14.8) (9, 19.9) (5,  9.2) (7, 12.4) (6, 11.3) (6,  9.8)
 (8, 14.3) (8, 15.1) (8, 14.4) (8, 15.4) (7, 13.8) (7, 13.6) (8, 14.3)
 (8, 15.9) (9, 16.7) (7, 12.1) (8, 14.3) (9, 16.5) (9, 16.5) (9, 17.5)
 (8, 14.7) (9, 17.5) (9, 20.9) (9, 17. ) (8, 16. ) (8, 15.4) (9, 17.9)
 (8, 15.2) (8, 15.1) (8, 15.3) (9, 17.2) (8, 15.9) (6, 10. ) (6,  9.9)
 (6, 10.3) (8, 15.4) (7, 12.7) (7, 13.2) (8, 15.3) (9, 17.9) (9, 18. )
 (9, 17.6) (8, 16. ) (8, 14.9) (9, 17.1) (9, 18.2) (9, 16.8) (7, 13.6)
 (8, 14.5) (7, 12.4) (6, 10.4) (5,  9.1) (5,  8.9) (8, 14.5) (7, 12.6)
 (5,  8.6) (6, 10.8) (6, 11.2) (7, 12.1) (6, 10.8) (6, 11.4) (7, 12. )
 (9, 16.3) (7, 12.7) (7, 12.7) (7, 12. ) (6, 11.5) (7, 13. ) (7, 11.7)
 (8, 14.8) (5,  7.7) (3,  4.4) (5,  7.4) (5,  8.3) (6, 10.1) (7, 12. )
 (7, 12.9) (6, 10.8) (6,  9.5) (7, 12.1) (7, 12.5) (8, 13.9) (7, 13.3)
 (7, 13.2) (7, 12.3) (7, 13.8) (6, 11.3) (7, 11.7) (7, 12.5) (8, 15.1)
 (6, 11.5) (7, 13. ) (6, 11.6) (7, 12.8) (8, 15.5) (7, 13.1) (7, 12.6)
 (3,  4.4) (3,  4.4) (4,  7.1) (3,  4.2) (6,  9.6) (3,  3.5) (3,  5.3)
 (4,  7. ) (1,  0.4) (2,  3.2) (4,  5.9) (5,  8.1) (4,  6.9) (4,  5.6)
 (4,  7.2) (4,  7.1) (4,  6.1) (4,  7.1) (4,  5.6) (4,  5.4) (4,  6.3)
 (3,  5.3) (5,  7.9) (5,  8.4) (5,  8.1) (2,  2.4) (4,  5.6) (5,  7.5)
 (2,  2.5) (3,  5. ) (3,  3.8) (5,  7.9) (3,  4.3) (0, -2.1) (0, -1.8)
 (3,  3.8) (2,  2.1) (1,  0.5) (1, -0.9) (1,  0.4) (5,  7.5) (5,  8.3)
 (1, -0.2) (1,  0.1) (2,  1.5) (5,  8.3) (5,  9.4) (2,  1.3) (2,  2.2)
 (1, -0.4) (3,  4.5) (5,  7.9) (3,  4.3) (0, -2.7) (1,  0.3) (3,  3.8)
 (2,  2.4) (1,  1.2) (1,  1.2) (1, -0.3) (3,  4.7) (3,  4.9) (2,  1.4)
 (2,  2.2) (1, -0.1) (1, -0.9) (1,  0.6) (3,  4.6) (6,  9.8) (6, 10.6)
 (5,  7.8) (3,  4.4) (1, -0.2) (3,  4.3) (5,  7.4) (5,  8.6) (6, 10.2)
 (5,  7.3) (5,  8.7) (1,  1. ) (2,  2.1) (4,  6.4) (4,  5.4) (1,  0.4)
 (3,  4. ) (5,  8.4) (1,  0.4) (3,  4.2) (1,  0.9) (1,  0.8) (3,  4.3)
 (4,  6.3) (3,  3.5) (0, -1.5) (1,  1.2) (1,  0.5) (3,  5.3) (4,  6.6)
 (0, -1.6) (0, -3.1) (1, -0.1) (1, -0.6) (2,  3. ) (2,  2.9) (0, -1.3)
 (2,  1.8) (2,  2.9) (0, -2.6) (1,  0.5) (2,  2.7) (0, -1.7) (1, -0.9)
 (0, -1.8) (2,  1.3) (2,  2.4) (1, -1.1) (2,  2.3) (0, -2.2) (0, -3.5)
 (1, -1. ) (0, -2.1) (0, -2. ) (0, -2.3) (0, -1.6) (1,  0.8) (0, -2.8)
 (0, -2.8) (2,  3. ) (3,  4.4) (2,  2.3) (0, -2. ) (0, -1.9) (3,  4.8)
 (1, -0.6) (2,  3.1) (0, -2.9) (0, -3.5) (1, -0.3) (1,  0.1) (2,  2.3)
 (2,  2.1) (3,  4.6) (3,  3.7) (0, -1.3) (0, -3.4) (0, -5.3) (1,  0. )
 (2,  2.4) (1, -0.6) (2,  2.3) (0, -3.7) (1, -0.9) (0, -1.5) (0, -3.3)
 (1, -0.1) (1, -0.2) (1,  0.5) (4,  6.1) (3,  4.1) (1,  0.1) (2,  3.2)
 (4,  5.4) (4,  5.8) (4,  6.3) (1, -0.9) (1,  0.2) (0, -3.7) (0, -2.7)
 (0, -2.5) (1, -0.5) (5,  9. ) (7, 13.1) (5,  8.7) (3,  3.9) (1,  0.7)
 (1,  1.1) (3,  5.1) (5,  7.5) (3,  4.7) (2,  3.2) (5,  7.8) (2,  2.4)
 (2,  3.2) (2,  2.5) (4,  6.5) (8, 14.4) (3,  4.9) (2,  2.3) (2,  1.4)
 (4,  5.6) (9, 16.8) (8, 14.4) (6, 10.3) (6, 11.2) (1,  0.3) (1,  0.5)
 (1,  0.5) (3,  4.6) (5,  8.2) (3,  4.5) (4,  6.7) (7, 11.9) (5,  9.2)
 (3,  4.4) (3,  5. ) (4,  6.7) (5,  8.3) (6, 11.3) (5,  9. ) (2,  3.4)
 (2,  3.2) (1,  0.9) (2,  3.3) (5,  7.9) (5,  9. ) (4,  7.1) (7, 12.5)
 (7, 12.5) (7, 12.3)]


analyzing the results:
number of max cluster size: 10
number of actually used clusters: 10
min value of all elements: -5.3
max value of all elements: 20.9
mean of all elements: 7.2655737704918035
median of all elements: 7.45
standard deviation of all elements: 6.017562236643699
variance of all elements: 36.21105527188032
distribution of all clusters: [0 0 0 0 0 0 0 0 0 0 0 0 0 0 0 0 0 0 0 0 0 0 0 0 0 0 0 0 0 0 0 1 1 1 1 1 1
 1 1 1 1 1 1 1 1 1 1 1 1 1 1 1 1 1 1 1 1 1 1 1 1 1 1 1 1 1 1 1 1 1 1 1 1 1
 1 1 1 1 1 2 2 2 2 2 2 2 2 2 2 2 2 2 2 2 2 2 2 2 2 2 2 2 2 2 2 2 2 2 2 2 2
 2 2 2 2 3 3 3 3 3 3 3 3 3 3 3 3 3 3 3 3 3 3 3 3 3 3 3 3 3 3 3 3 3 3 3 3 3
 3 3 3 3 4 4 4 4 4 4 4 4 4 4 4 4 4 4 4 4 4 4 4 4 4 4 4 4 4 4 4 4 5 5 5 5 5
 5 5 5 5 5 5 5 5 5 5 5 5 5 5 5 5 5 5 5 5 5 5 5 5 5 5 5 5 5 5 5 5 5 5 5 5 5
 5 6 6 6 6 6 6 6 6 6 6 6 6 6 6 6 6 6 6 6 6 6 6 6 6 6 6 6 6 6 6 7 7 7 7 7 7
 7 7 7 7 7 7 7 7 7 7 7 7 7 7 7 7 7 7 7 7 7 7 7 7 7 7 7 7 7 7 7 7 7 7 7 7 7
 7 7 7 7 7 7 7 7 7 8 8 8 8 8 8 8 8 8 8 8 8 8 8 8 8 8 8 8 8 8 8 8 8 8 8 8 8
 8 8 8 8 8 8 8 8 8 8 9 9 9 9 9 9 9 9 9 9 9 9 9 9 9 9 9 9 9 9 9 9 9]

cluster #0: 	sum elements:31  	min value: -5.3 	max value: -1.3 	mean: -2.5 	std deviation: 0.902 	median: -2.3
cluster #0 homoscedasticity NOT given with ratio = 5.444444444444444
cluster #1: 	sum elements:48  	min value: -1.1 	max value: 1.2 	mean: 0.1 	std deviation: 0.655 	median: 0.15000000000000002
cluster #1 homoscedasticity given with ratio = 1.1900826446280997
cluster #2: 	sum elements:36  	min value: 1.3 	max value: 3.4 	mean: 2.4 	std deviation: 0.603 	median: 2.4
cluster #2 homoscedasticity given with ratio = 1.2099999999999997
cluster #3: 	sum elements:37  	min value: 3.5 	max value: 5.3 	mean: 4.4 	std deviation: 0.483 	median: 4.4
cluster #3 homoscedasticity given with ratio = 1.000000000000002
cluster #4: 	sum elements:28  	min value: 5.4 	max value: 7.2 	mean: 6.3 	std deviation: 0.596 	median: 6.3
cluster #4 homoscedasticity given with ratio = 1.000000000000002
cluster #5: 	sum elements:43  	min value: 7.3 	max value: 9.4 	mean: 8.3 	std deviation: 0.587 	median: 8.3
cluster #5 homoscedasticity given with ratio = 1.209999999999997
cluster #6: 	sum elements:30  	min value: 9.5 	max value: 11.6 	mean: 10.6 	std deviation: 0.678 	median: 10.5
cluster #6 homoscedasticity given with ratio = 1.2099999999999993
cluster #7: 	sum elements:52  	min value: 11.7 	max value: 13.8 	mean: 12.7 	std deviation: 0.615 	median: 12.6
cluster #7 homoscedasticity given with ratio = 1.210000000000003
cluster #8: 	sum elements:38  	min value: 13.9 	max value: 16.0 	mean: 15.0 	std deviation: 0.558 	median: 15.1
cluster #8 homoscedasticity given with ratio = 1.2099999999999993
cluster #9: 	sum elements:23  	min value: 16.3 	max value: 20.9 	mean: 17.4 	std deviation: 1.129 	median: 17.1
cluster #9 homoscedasticity NOT given with ratio = 10.1239669421488
homoscedasticity given for 8 of 10 used clusters

number of elements: 366

built clusters:
cluster #0: -5.3 -- -1.3 (31)
cluster #1: -1.1 -- 1.2 (48)
cluster #2: 1.3 -- 3.4 (36)
cluster #3: 3.5 -- 5.3 (37)
cluster #4: 5.4 -- 7.2 (28)
cluster #5: 7.3 -- 9.4 (43)
cluster #6: 9.5 -- 11.6 (30)
cluster #7: 11.7 -- 13.8 (52)
cluster #8: 13.9 -- 16.0 (38)
cluster #9: 16.3 -- 20.9 (23)

score even distribution (SED) MAX: 3.25e+15
score even distribution (SED) MAX: 3253641313628160.0
SED number of digits: 16

number of used clusters (NUC) MAX: 1.0

sum variances (SV) MIN: 4.804789747417624
sum variances (SV) MIN: 4.80e+00
ratio between SED and sv digits MAX: 0
SUM: NUC(MAX): 1.0	 SED(MAX): 3.25e+15	 SV(MIN): 4.80e+00

Mean Silhouette Coefficient of all clusters MSC(MAX): 0.55
(best value is 1 and the worst value is -1. Values near 0 indicate overlapping clusters)

Davies-Bouldin score DB(MIN): 0.5
(The minimum score is zero, with lower values indicating better clustering.)


TRIAL: 3
***********


starting algorithm at: 10:38:12.323690

finishing algorithm at: 10:38:12.357500

running time of algorithm: 0:00:00.033810

clusters with resulting frequencies:
[(5,  8. ) (8, 14. ) (7, 13.7) (7, 13.3) (5,  7.6) (4,  6.2) (4,  6.1)
 (5,  8.3) (5,  8.8) (5,  8.4) (5,  9.1) (5,  8.5) (6, 10.1) (7, 12.1)
 (6, 10.1) (7, 12.4) (8, 13.8) (7, 11.7) (7, 12.4) (8, 15.6) (8, 15.3)
 (9, 16.4) (7, 12.8) (7, 12. ) (8, 15.4) (8, 15.6) (7, 13.3) (7, 12.9)
 (8, 15.1) (7, 13.6) (8, 15.1) (6, 11.6) (9, 16.6) (7, 13.3) (8, 14.5)
 (9, 16.3) (9, 17.2) (9, 16.5) (8, 15. ) (8, 14.9) (7, 11.8) (7, 11.7)
 (6,  9.6) (5,  8.9) (6, 10.1) (8, 15.5) (6, 10.8) (5,  7.5) (7, 12.8)
 (7, 12.6) (8, 14.8) (9, 19.9) (5,  9.2) (7, 12.4) (6, 11.3) (6,  9.8)
 (8, 14.3) (8, 15.1) (8, 14.4) (8, 15.4) (8, 13.8) (7, 13.6) (8, 14.3)
 (8, 15.9) (9, 16.7) (7, 12.1) (8, 14.3) (9, 16.5) (9, 16.5) (9, 17.5)
 (8, 14.7) (9, 17.5) (9, 20.9) (9, 17. ) (8, 16. ) (8, 15.4) (9, 17.9)
 (8, 15.2) (8, 15.1) (8, 15.3) (9, 17.2) (8, 15.9) (6, 10. ) (6,  9.9)
 (6, 10.3) (8, 15.4) (7, 12.7) (7, 13.2) (8, 15.3) (9, 17.9) (9, 18. )
 (9, 17.6) (8, 16. ) (8, 14.9) (9, 17.1) (9, 18.2) (9, 16.8) (7, 13.6)
 (8, 14.5) (7, 12.4) (6, 10.4) (5,  9.1) (5,  8.9) (8, 14.5) (7, 12.6)
 (5,  8.6) (6, 10.8) (6, 11.2) (7, 12.1) (6, 10.8) (6, 11.4) (7, 12. )
 (9, 16.3) (7, 12.7) (7, 12.7) (7, 12. ) (6, 11.5) (7, 13. ) (7, 11.7)
 (8, 14.8) (5,  7.7) (3,  4.4) (4,  7.4) (5,  8.3) (6, 10.1) (7, 12. )
 (7, 12.9) (6, 10.8) (5,  9.5) (7, 12.1) (7, 12.5) (8, 13.9) (7, 13.3)
 (7, 13.2) (7, 12.3) (8, 13.8) (6, 11.3) (7, 11.7) (7, 12.5) (8, 15.1)
 (6, 11.5) (7, 13. ) (6, 11.6) (7, 12.8) (8, 15.5) (7, 13.1) (7, 12.6)
 (3,  4.4) (3,  4.4) (4,  7.1) (3,  4.2) (6,  9.6) (2,  3.5) (3,  5.3)
 (4,  7. ) (1,  0.4) (2,  3.2) (4,  5.9) (5,  8.1) (4,  6.9) (4,  5.6)
 (4,  7.2) (4,  7.1) (4,  6.1) (4,  7.1) (4,  5.6) (3,  5.4) (4,  6.3)
 (3,  5.3) (5,  7.9) (5,  8.4) (5,  8.1) (2,  2.4) (4,  5.6) (5,  7.5)
 (2,  2.5) (3,  5. ) (3,  3.8) (5,  7.9) (3,  4.3) (0, -2.1) (0, -1.8)
 (3,  3.8) (2,  2.1) (1,  0.5) (1, -0.9) (1,  0.4) (5,  7.5) (5,  8.3)
 (1, -0.2) (1,  0.1) (2,  1.5) (5,  8.3) (5,  9.4) (1,  1.3) (2,  2.2)
 (1, -0.4) (3,  4.5) (5,  7.9) (3,  4.3) (0, -2.7) (1,  0.3) (3,  3.8)
 (2,  2.4) (1,  1.2) (1,  1.2) (1, -0.3) (3,  4.7) (3,  4.9) (1,  1.4)
 (2,  2.2) (1, -0.1) (1, -0.9) (1,  0.6) (3,  4.6) (6,  9.8) (6, 10.6)
 (5,  7.8) (3,  4.4) (1, -0.2) (3,  4.3) (4,  7.4) (5,  8.6) (6, 10.2)
 (4,  7.3) (5,  8.7) (1,  1. ) (2,  2.1) (4,  6.4) (3,  5.4) (1,  0.4)
 (3,  4. ) (5,  8.4) (1,  0.4) (3,  4.2) (1,  0.9) (1,  0.8) (3,  4.3)
 (4,  6.3) (2,  3.5) (0, -1.5) (1,  1.2) (1,  0.5) (3,  5.3) (4,  6.6)
 (0, -1.6) (0, -3.1) (1, -0.1) (1, -0.6) (2,  3. ) (2,  2.9) (0, -1.3)
 (2,  1.8) (2,  2.9) (0, -2.6) (1,  0.5) (2,  2.7) (0, -1.7) (1, -0.9)
 (0, -1.8) (1,  1.3) (2,  2.4) (1, -1.1) (2,  2.3) (0, -2.2) (0, -3.5)
 (1, -1. ) (0, -2.1) (0, -2. ) (0, -2.3) (0, -1.6) (1,  0.8) (0, -2.8)
 (0, -2.8) (2,  3. ) (3,  4.4) (2,  2.3) (0, -2. ) (0, -1.9) (3,  4.8)
 (1, -0.6) (2,  3.1) (0, -2.9) (0, -3.5) (1, -0.3) (1,  0.1) (2,  2.3)
 (2,  2.1) (3,  4.6) (3,  3.7) (0, -1.3) (0, -3.4) (0, -5.3) (1,  0. )
 (2,  2.4) (1, -0.6) (2,  2.3) (0, -3.7) (1, -0.9) (0, -1.5) (0, -3.3)
 (1, -0.1) (1, -0.2) (1,  0.5) (4,  6.1) (3,  4.1) (1,  0.1) (2,  3.2)
 (3,  5.4) (4,  5.8) (4,  6.3) (1, -0.9) (1,  0.2) (0, -3.7) (0, -2.7)
 (0, -2.5) (1, -0.5) (5,  9. ) (7, 13.1) (5,  8.7) (3,  3.9) (1,  0.7)
 (1,  1.1) (3,  5.1) (5,  7.5) (3,  4.7) (2,  3.2) (5,  7.8) (2,  2.4)
 (2,  3.2) (2,  2.5) (4,  6.5) (8, 14.4) (3,  4.9) (2,  2.3) (1,  1.4)
 (4,  5.6) (9, 16.8) (8, 14.4) (6, 10.3) (6, 11.2) (1,  0.3) (1,  0.5)
 (1,  0.5) (3,  4.6) (5,  8.2) (3,  4.5) (4,  6.7) (7, 11.9) (5,  9.2)
 (3,  4.4) (3,  5. ) (4,  6.7) (5,  8.3) (6, 11.3) (5,  9. ) (2,  3.4)
 (2,  3.2) (1,  0.9) (2,  3.3) (5,  7.9) (5,  9. ) (4,  7.1) (7, 12.5)
 (7, 12.5) (7, 12.3)]


analyzing the results:
number of max cluster size: 10
number of actually used clusters: 10
min value of all elements: -5.3
max value of all elements: 20.9
mean of all elements: 7.2655737704918035
median of all elements: 7.45
standard deviation of all elements: 6.017562236643699
variance of all elements: 36.21105527188032
distribution of all clusters: [0 0 0 0 0 0 0 0 0 0 0 0 0 0 0 0 0 0 0 0 0 0 0 0 0 0 0 0 0 0 0 1 1 1 1 1 1
 1 1 1 1 1 1 1 1 1 1 1 1 1 1 1 1 1 1 1 1 1 1 1 1 1 1 1 1 1 1 1 1 1 1 1 1 1
 1 1 1 1 1 1 1 1 1 2 2 2 2 2 2 2 2 2 2 2 2 2 2 2 2 2 2 2 2 2 2 2 2 2 2 2 2
 2 2 2 2 2 2 3 3 3 3 3 3 3 3 3 3 3 3 3 3 3 3 3 3 3 3 3 3 3 3 3 3 3 3 3 3 3
 3 3 3 3 3 3 3 4 4 4 4 4 4 4 4 4 4 4 4 4 4 4 4 4 4 4 4 4 4 4 4 4 4 4 4 5 5
 5 5 5 5 5 5 5 5 5 5 5 5 5 5 5 5 5 5 5 5 5 5 5 5 5 5 5 5 5 5 5 5 5 5 5 5 5
 5 5 6 6 6 6 6 6 6 6 6 6 6 6 6 6 6 6 6 6 6 6 6 6 6 6 6 6 6 6 6 7 7 7 7 7 7
 7 7 7 7 7 7 7 7 7 7 7 7 7 7 7 7 7 7 7 7 7 7 7 7 7 7 7 7 7 7 7 7 7 7 7 7 7
 7 7 7 7 7 7 8 8 8 8 8 8 8 8 8 8 8 8 8 8 8 8 8 8 8 8 8 8 8 8 8 8 8 8 8 8 8
 8 8 8 8 8 8 8 8 8 8 9 9 9 9 9 9 9 9 9 9 9 9 9 9 9 9 9 9 9 9 9 9 9]

cluster #0: 	sum elements:31  	min value: -5.3 	max value: -1.3 	mean: -2.5 	std deviation: 0.902 	median: -2.3
cluster #0 homoscedasticity NOT given with ratio = 5.444444444444444
cluster #1: 	sum elements:52  	min value: -1.1 	max value: 1.4 	mean: 0.2 	std deviation: 0.712 	median: 0.3
cluster #1 homoscedasticity given with ratio = 1.1736111111111114
cluster #2: 	sum elements:34  	min value: 1.5 	max value: 3.5 	mean: 2.6 	std deviation: 0.518 	median: 2.45
cluster #2 homoscedasticity given with ratio = 1.4938271604938278
cluster #3: 	sum elements:38  	min value: 3.7 	max value: 5.4 	mean: 4.6 	std deviation: 0.49 	median: 4.45
cluster #3 homoscedasticity given with ratio = 1.2656249999999962
cluster #4: 	sum elements:28  	min value: 5.6 	max value: 7.4 	mean: 6.5 	std deviation: 0.593 	median: 6.45
cluster #4 homoscedasticity given with ratio = 0
cluster #5: 	sum elements:41  	min value: 7.5 	max value: 9.5 	mean: 8.4 	std deviation: 0.57 	median: 8.3
cluster #5 homoscedasticity given with ratio = 1.4938271604938251
cluster #6: 	sum elements:29  	min value: 9.6 	max value: 11.6 	mean: 10.6 	std deviation: 0.658 	median: 10.6
cluster #6 homoscedasticity given with ratio = 0
cluster #7: 	sum elements:49  	min value: 11.7 	max value: 13.7 	mean: 12.6 	std deviation: 0.563 	median: 12.6
cluster #7 homoscedasticity given with ratio = 1.4938271604938251
cluster #8: 	sum elements:41  	min value: 13.8 	max value: 16.0 	mean: 14.9 	std deviation: 0.626 	median: 15.1
cluster #8 homoscedasticity given with ratio = 0
cluster #9: 	sum elements:23  	min value: 16.3 	max value: 20.9 	mean: 17.4 	std deviation: 1.129 	median: 17.1
cluster #9 homoscedasticity NOT given with ratio = 10.1239669421488
homoscedasticity given for 8 of 10 used clusters

number of elements: 366

built clusters:
cluster #0: -5.3 -- -1.3 (31)
cluster #1: -1.1 -- 1.4 (52)
cluster #2: 1.5 -- 3.5 (34)
cluster #3: 3.7 -- 5.4 (38)
cluster #4: 5.6 -- 7.4 (28)
cluster #5: 7.5 -- 9.5 (41)
cluster #6: 9.6 -- 11.6 (29)
cluster #7: 11.7 -- 13.7 (49)
cluster #8: 13.8 -- 16.0 (41)
cluster #9: 16.3 -- 20.9 (23)

score even distribution (SED) MAX: 3.20e+15
score even distribution (SED) MAX: 3203872390112576.0
SED number of digits: 16

number of used clusters (NUC) MAX: 1.0

sum variances (SV) MIN: 4.763567202350458
sum variances (SV) MIN: 4.76e+00
ratio between SED and sv digits MAX: 0
SUM: NUC(MAX): 1.0	 SED(MAX): 3.20e+15	 SV(MIN): 4.76e+00

Mean Silhouette Coefficient of all clusters MSC(MAX): 0.55
(best value is 1 and the worst value is -1. Values near 0 indicate overlapping clusters)

Davies-Bouldin score DB(MIN): 0.51
(The minimum score is zero, with lower values indicating better clustering.)


TRIAL: 4
***********


starting algorithm at: 10:38:12.371283

finishing algorithm at: 10:38:12.405391

running time of algorithm: 0:00:00.034108

clusters with resulting frequencies:
[(5,  8. ) (8, 14. ) (7, 13.7) (7, 13.3) (4,  7.6) (4,  6.2) (4,  6.1)
 (5,  8.3) (5,  8.8) (5,  8.4) (5,  9.1) (5,  8.5) (6, 10.1) (7, 12.1)
 (6, 10.1) (7, 12.4) (7, 13.8) (6, 11.7) (7, 12.4) (8, 15.6) (8, 15.3)
 (9, 16.4) (7, 12.8) (7, 12. ) (8, 15.4) (8, 15.6) (7, 13.3) (7, 12.9)
 (8, 15.1) (7, 13.6) (8, 15.1) (6, 11.6) (9, 16.6) (7, 13.3) (8, 14.5)
 (9, 16.3) (9, 17.2) (9, 16.5) (8, 15. ) (8, 14.9) (6, 11.8) (6, 11.7)
 (5,  9.6) (5,  8.9) (6, 10.1) (8, 15.5) (6, 10.8) (4,  7.5) (7, 12.8)
 (7, 12.6) (8, 14.8) (9, 19.9) (5,  9.2) (7, 12.4) (6, 11.3) (5,  9.8)
 (8, 14.3) (8, 15.1) (8, 14.4) (8, 15.4) (7, 13.8) (7, 13.6) (8, 14.3)
 (8, 15.9) (9, 16.7) (7, 12.1) (8, 14.3) (9, 16.5) (9, 16.5) (9, 17.5)
 (8, 14.7) (9, 17.5) (9, 20.9) (9, 17. ) (8, 16. ) (8, 15.4) (9, 17.9)
 (8, 15.2) (8, 15.1) (8, 15.3) (9, 17.2) (8, 15.9) (6, 10. ) (5,  9.9)
 (6, 10.3) (8, 15.4) (7, 12.7) (7, 13.2) (8, 15.3) (9, 17.9) (9, 18. )
 (9, 17.6) (8, 16. ) (8, 14.9) (9, 17.1) (9, 18.2) (9, 16.8) (7, 13.6)
 (8, 14.5) (7, 12.4) (6, 10.4) (5,  9.1) (5,  8.9) (8, 14.5) (7, 12.6)
 (5,  8.6) (6, 10.8) (6, 11.2) (7, 12.1) (6, 10.8) (6, 11.4) (7, 12. )
 (9, 16.3) (7, 12.7) (7, 12.7) (7, 12. ) (6, 11.5) (7, 13. ) (6, 11.7)
 (8, 14.8) (4,  7.7) (3,  4.4) (4,  7.4) (5,  8.3) (6, 10.1) (7, 12. )
 (7, 12.9) (6, 10.8) (5,  9.5) (7, 12.1) (7, 12.5) (7, 13.9) (7, 13.3)
 (7, 13.2) (7, 12.3) (7, 13.8) (6, 11.3) (6, 11.7) (7, 12.5) (8, 15.1)
 (6, 11.5) (7, 13. ) (6, 11.6) (7, 12.8) (8, 15.5) (7, 13.1) (7, 12.6)
 (3,  4.4) (3,  4.4) (4,  7.1) (3,  4.2) (5,  9.6) (2,  3.5) (3,  5.3)
 (4,  7. ) (1,  0.4) (2,  3.2) (3,  5.9) (5,  8.1) (4,  6.9) (3,  5.6)
 (4,  7.2) (4,  7.1) (4,  6.1) (4,  7.1) (3,  5.6) (3,  5.4) (4,  6.3)
 (3,  5.3) (4,  7.9) (5,  8.4) (5,  8.1) (2,  2.4) (3,  5.6) (4,  7.5)
 (2,  2.5) (3,  5. ) (3,  3.8) (4,  7.9) (3,  4.3) (0, -2.1) (0, -1.8)
 (3,  3.8) (2,  2.1) (1,  0.5) (1, -0.9) (1,  0.4) (4,  7.5) (5,  8.3)
 (1, -0.2) (1,  0.1) (2,  1.5) (5,  8.3) (5,  9.4) (1,  1.3) (2,  2.2)
 (1, -0.4) (3,  4.5) (4,  7.9) (3,  4.3) (0, -2.7) (1,  0.3) (3,  3.8)
 (2,  2.4) (1,  1.2) (1,  1.2) (1, -0.3) (3,  4.7) (3,  4.9) (1,  1.4)
 (2,  2.2) (1, -0.1) (1, -0.9) (1,  0.6) (3,  4.6) (5,  9.8) (6, 10.6)
 (4,  7.8) (3,  4.4) (1, -0.2) (3,  4.3) (4,  7.4) (5,  8.6) (6, 10.2)
 (4,  7.3) (5,  8.7) (1,  1. ) (2,  2.1) (4,  6.4) (3,  5.4) (1,  0.4)
 (3,  4. ) (5,  8.4) (1,  0.4) (3,  4.2) (1,  0.9) (1,  0.8) (3,  4.3)
 (4,  6.3) (2,  3.5) (0, -1.5) (1,  1.2) (1,  0.5) (3,  5.3) (4,  6.6)
 (0, -1.6) (0, -3.1) (1, -0.1) (1, -0.6) (2,  3. ) (2,  2.9) (0, -1.3)
 (2,  1.8) (2,  2.9) (0, -2.6) (1,  0.5) (2,  2.7) (0, -1.7) (1, -0.9)
 (0, -1.8) (1,  1.3) (2,  2.4) (1, -1.1) (2,  2.3) (0, -2.2) (0, -3.5)
 (1, -1. ) (0, -2.1) (0, -2. ) (0, -2.3) (0, -1.6) (1,  0.8) (0, -2.8)
 (0, -2.8) (2,  3. ) (3,  4.4) (2,  2.3) (0, -2. ) (0, -1.9) (3,  4.8)
 (1, -0.6) (2,  3.1) (0, -2.9) (0, -3.5) (1, -0.3) (1,  0.1) (2,  2.3)
 (2,  2.1) (3,  4.6) (2,  3.7) (0, -1.3) (0, -3.4) (0, -5.3) (1,  0. )
 (2,  2.4) (1, -0.6) (2,  2.3) (0, -3.7) (1, -0.9) (0, -1.5) (0, -3.3)
 (1, -0.1) (1, -0.2) (1,  0.5) (4,  6.1) (3,  4.1) (1,  0.1) (2,  3.2)
 (3,  5.4) (3,  5.8) (4,  6.3) (1, -0.9) (1,  0.2) (0, -3.7) (0, -2.7)
 (0, -2.5) (1, -0.5) (5,  9. ) (7, 13.1) (5,  8.7) (3,  3.9) (1,  0.7)
 (1,  1.1) (3,  5.1) (4,  7.5) (3,  4.7) (2,  3.2) (4,  7.8) (2,  2.4)
 (2,  3.2) (2,  2.5) (4,  6.5) (8, 14.4) (3,  4.9) (2,  2.3) (1,  1.4)
 (3,  5.6) (9, 16.8) (8, 14.4) (6, 10.3) (6, 11.2) (1,  0.3) (1,  0.5)
 (1,  0.5) (3,  4.6) (5,  8.2) (3,  4.5) (4,  6.7) (6, 11.9) (5,  9.2)
 (3,  4.4) (3,  5. ) (4,  6.7) (5,  8.3) (6, 11.3) (5,  9. ) (2,  3.4)
 (2,  3.2) (1,  0.9) (2,  3.3) (4,  7.9) (5,  9. ) (4,  7.1) (7, 12.5)
 (7, 12.5) (7, 12.3)]


analyzing the results:
number of max cluster size: 10
number of actually used clusters: 10
min value of all elements: -5.3
max value of all elements: 20.9
mean of all elements: 7.2655737704918035
median of all elements: 7.45
standard deviation of all elements: 6.017562236643699
variance of all elements: 36.21105527188032
distribution of all clusters: [0 0 0 0 0 0 0 0 0 0 0 0 0 0 0 0 0 0 0 0 0 0 0 0 0 0 0 0 0 0 0 1 1 1 1 1 1
 1 1 1 1 1 1 1 1 1 1 1 1 1 1 1 1 1 1 1 1 1 1 1 1 1 1 1 1 1 1 1 1 1 1 1 1 1
 1 1 1 1 1 1 1 1 1 2 2 2 2 2 2 2 2 2 2 2 2 2 2 2 2 2 2 2 2 2 2 2 2 2 2 2 2
 2 2 2 2 2 2 2 3 3 3 3 3 3 3 3 3 3 3 3 3 3 3 3 3 3 3 3 3 3 3 3 3 3 3 3 3 3
 3 3 3 3 3 3 3 3 3 3 3 3 3 4 4 4 4 4 4 4 4 4 4 4 4 4 4 4 4 4 4 4 4 4 4 4 4
 4 4 4 4 4 4 4 4 4 4 5 5 5 5 5 5 5 5 5 5 5 5 5 5 5 5 5 5 5 5 5 5 5 5 5 5 5
 5 5 5 5 5 5 5 6 6 6 6 6 6 6 6 6 6 6 6 6 6 6 6 6 6 6 6 6 6 6 6 6 6 6 6 6 6
 7 7 7 7 7 7 7 7 7 7 7 7 7 7 7 7 7 7 7 7 7 7 7 7 7 7 7 7 7 7 7 7 7 7 7 7 7
 7 7 7 7 7 7 7 7 7 7 8 8 8 8 8 8 8 8 8 8 8 8 8 8 8 8 8 8 8 8 8 8 8 8 8 8 8
 8 8 8 8 8 8 8 8 8 8 9 9 9 9 9 9 9 9 9 9 9 9 9 9 9 9 9 9 9 9 9 9 9]

cluster #0: 	sum elements:31  	min value: -5.3 	max value: -1.3 	mean: -2.5 	std deviation: 0.902 	median: -2.3
cluster #0 homoscedasticity NOT given with ratio = 5.444444444444444
cluster #1: 	sum elements:52  	min value: -1.1 	max value: 1.4 	mean: 0.2 	std deviation: 0.712 	median: 0.3
cluster #1 homoscedasticity given with ratio = 1.1736111111111114
cluster #2: 	sum elements:35  	min value: 1.5 	max value: 3.7 	mean: 2.7 	std deviation: 0.54 	median: 2.5
cluster #2 homoscedasticity given with ratio = 1.4400000000000004
cluster #3: 	sum elements:43  	min value: 3.8 	max value: 5.9 	mean: 4.7 	std deviation: 0.588 	median: 4.6
cluster #3 homoscedasticity NOT given with ratio = 1.777777777777777
cluster #4: 	sum elements:34  	min value: 6.1 	max value: 7.9 	mean: 7.1 	std deviation: 0.608 	median: 7.1
cluster #4 homoscedasticity NOT given with ratio = 1.5624999999999973
cluster #5: 	sum elements:34  	min value: 8.0 	max value: 9.9 	mean: 8.8 	std deviation: 0.547 	median: 8.75
cluster #5 homoscedasticity NOT given with ratio = 1.8906249999999956
cluster #6: 	sum elements:30  	min value: 10.0 	max value: 11.9 	mean: 11.0 	std deviation: 0.635 	median: 11.2
cluster #6 homoscedasticity given with ratio = 1.234567901234567
cluster #7: 	sum elements:47  	min value: 12.0 	max value: 13.9 	mean: 12.8 	std deviation: 0.565 	median: 12.7
cluster #7 homoscedasticity NOT given with ratio = 1.8906249999999956
cluster #8: 	sum elements:37  	min value: 14.0 	max value: 16.0 	mean: 15.1 	std deviation: 0.533 	median: 15.1
cluster #8 homoscedasticity given with ratio = 1.4938271604938251
cluster #9: 	sum elements:23  	min value: 16.3 	max value: 20.9 	mean: 17.4 	std deviation: 1.129 	median: 17.1
cluster #9 homoscedasticity NOT given with ratio = 10.1239669421488
homoscedasticity given for 4 of 10 used clusters

number of elements: 366

built clusters:
cluster #0: -5.3 -- -1.3 (31)
cluster #1: -1.1 -- 1.4 (52)
cluster #2: 1.5 -- 3.7 (35)
cluster #3: 3.8 -- 5.9 (43)
cluster #4: 6.1 -- 7.9 (34)
cluster #5: 8.0 -- 9.9 (34)
cluster #6: 10.0 -- 11.9 (30)
cluster #7: 12.0 -- 13.9 (47)
cluster #8: 14.0 -- 16.0 (37)
cluster #9: 16.3 -- 20.9 (23)

score even distribution (SED) MAX: 3.37e+15
score even distribution (SED) MAX: 3365178024717600.0
SED number of digits: 16

number of used clusters (NUC) MAX: 1.0

sum variances (SV) MIN: 4.752479970874887
sum variances (SV) MIN: 4.75e+00
ratio between SED and sv digits MAX: 0
SUM: NUC(MAX): 1.0	 SED(MAX): 3.37e+15	 SV(MIN): 4.75e+00

Mean Silhouette Coefficient of all clusters MSC(MAX): 0.55
(best value is 1 and the worst value is -1. Values near 0 indicate overlapping clusters)

Davies-Bouldin score DB(MIN): 0.52
(The minimum score is zero, with lower values indicating better clustering.)


TRIAL: 5
***********


starting algorithm at: 10:38:12.419787

finishing algorithm at: 10:38:12.463203

running time of algorithm: 0:00:00.043416

clusters with resulting frequencies:
[(5,  8. ) (8, 14. ) (7, 13.7) (7, 13.3) (5,  7.6) (4,  6.2) (4,  6.1)
 (5,  8.3) (5,  8.8) (5,  8.4) (5,  9.1) (5,  8.5) (6, 10.1) (7, 12.1)
 (6, 10.1) (7, 12.4) (8, 13.8) (7, 11.7) (7, 12.4) (8, 15.6) (8, 15.3)
 (9, 16.4) (7, 12.8) (7, 12. ) (8, 15.4) (8, 15.6) (7, 13.3) (7, 12.9)
 (8, 15.1) (7, 13.6) (8, 15.1) (7, 11.6) (9, 16.6) (7, 13.3) (8, 14.5)
 (9, 16.3) (9, 17.2) (9, 16.5) (8, 15. ) (8, 14.9) (7, 11.8) (7, 11.7)
 (6,  9.6) (5,  8.9) (6, 10.1) (8, 15.5) (6, 10.8) (5,  7.5) (7, 12.8)
 (7, 12.6) (8, 14.8) (9, 19.9) (5,  9.2) (7, 12.4) (6, 11.3) (6,  9.8)
 (8, 14.3) (8, 15.1) (8, 14.4) (8, 15.4) (8, 13.8) (7, 13.6) (8, 14.3)
 (8, 15.9) (9, 16.7) (7, 12.1) (8, 14.3) (9, 16.5) (9, 16.5) (9, 17.5)
 (8, 14.7) (9, 17.5) (9, 20.9) (9, 17. ) (8, 16. ) (8, 15.4) (9, 17.9)
 (8, 15.2) (8, 15.1) (8, 15.3) (9, 17.2) (8, 15.9) (6, 10. ) (6,  9.9)
 (6, 10.3) (8, 15.4) (7, 12.7) (7, 13.2) (8, 15.3) (9, 17.9) (9, 18. )
 (9, 17.6) (8, 16. ) (8, 14.9) (9, 17.1) (9, 18.2) (9, 16.8) (7, 13.6)
 (8, 14.5) (7, 12.4) (6, 10.4) (5,  9.1) (5,  8.9) (8, 14.5) (7, 12.6)
 (5,  8.6) (6, 10.8) (6, 11.2) (7, 12.1) (6, 10.8) (6, 11.4) (7, 12. )
 (9, 16.3) (7, 12.7) (7, 12.7) (7, 12. ) (7, 11.5) (7, 13. ) (7, 11.7)
 (8, 14.8) (5,  7.7) (3,  4.4) (5,  7.4) (5,  8.3) (6, 10.1) (7, 12. )
 (7, 12.9) (6, 10.8) (6,  9.5) (7, 12.1) (7, 12.5) (8, 13.9) (7, 13.3)
 (7, 13.2) (7, 12.3) (8, 13.8) (6, 11.3) (7, 11.7) (7, 12.5) (8, 15.1)
 (7, 11.5) (7, 13. ) (7, 11.6) (7, 12.8) (8, 15.5) (7, 13.1) (7, 12.6)
 (3,  4.4) (3,  4.4) (4,  7.1) (3,  4.2) (6,  9.6) (3,  3.5) (4,  5.3)
 (4,  7. ) (1,  0.4) (2,  3.2) (4,  5.9) (5,  8.1) (4,  6.9) (4,  5.6)
 (4,  7.2) (4,  7.1) (4,  6.1) (4,  7.1) (4,  5.6) (4,  5.4) (4,  6.3)
 (4,  5.3) (5,  7.9) (5,  8.4) (5,  8.1) (2,  2.4) (4,  5.6) (5,  7.5)
 (2,  2.5) (3,  5. ) (3,  3.8) (5,  7.9) (3,  4.3) (0, -2.1) (0, -1.8)
 (3,  3.8) (2,  2.1) (1,  0.5) (1, -0.9) (1,  0.4) (5,  7.5) (5,  8.3)
 (1, -0.2) (1,  0.1) (2,  1.5) (5,  8.3) (6,  9.4) (2,  1.3) (2,  2.2)
 (1, -0.4) (3,  4.5) (5,  7.9) (3,  4.3) (0, -2.7) (1,  0.3) (3,  3.8)
 (2,  2.4) (1,  1.2) (1,  1.2) (1, -0.3) (3,  4.7) (3,  4.9) (2,  1.4)
 (2,  2.2) (1, -0.1) (1, -0.9) (1,  0.6) (3,  4.6) (6,  9.8) (6, 10.6)
 (5,  7.8) (3,  4.4) (1, -0.2) (3,  4.3) (5,  7.4) (5,  8.6) (6, 10.2)
 (5,  7.3) (5,  8.7) (1,  1. ) (2,  2.1) (4,  6.4) (4,  5.4) (1,  0.4)
 (3,  4. ) (5,  8.4) (1,  0.4) (3,  4.2) (1,  0.9) (1,  0.8) (3,  4.3)
 (4,  6.3) (3,  3.5) (0, -1.5) (1,  1.2) (1,  0.5) (4,  5.3) (4,  6.6)
 (0, -1.6) (0, -3.1) (1, -0.1) (1, -0.6) (2,  3. ) (2,  2.9) (0, -1.3)
 (2,  1.8) (2,  2.9) (0, -2.6) (1,  0.5) (2,  2.7) (0, -1.7) (1, -0.9)
 (0, -1.8) (2,  1.3) (2,  2.4) (1, -1.1) (2,  2.3) (0, -2.2) (0, -3.5)
 (1, -1. ) (0, -2.1) (0, -2. ) (0, -2.3) (0, -1.6) (1,  0.8) (0, -2.8)
 (0, -2.8) (2,  3. ) (3,  4.4) (2,  2.3) (0, -2. ) (0, -1.9) (3,  4.8)
 (1, -0.6) (2,  3.1) (0, -2.9) (0, -3.5) (1, -0.3) (1,  0.1) (2,  2.3)
 (2,  2.1) (3,  4.6) (3,  3.7) (0, -1.3) (0, -3.4) (0, -5.3) (1,  0. )
 (2,  2.4) (1, -0.6) (2,  2.3) (0, -3.7) (1, -0.9) (0, -1.5) (0, -3.3)
 (1, -0.1) (1, -0.2) (1,  0.5) (4,  6.1) (3,  4.1) (1,  0.1) (2,  3.2)
 (4,  5.4) (4,  5.8) (4,  6.3) (1, -0.9) (1,  0.2) (0, -3.7) (0, -2.7)
 (0, -2.5) (1, -0.5) (5,  9. ) (7, 13.1) (5,  8.7) (3,  3.9) (1,  0.7)
 (1,  1.1) (3,  5.1) (5,  7.5) (3,  4.7) (2,  3.2) (5,  7.8) (2,  2.4)
 (2,  3.2) (2,  2.5) (4,  6.5) (8, 14.4) (3,  4.9) (2,  2.3) (2,  1.4)
 (4,  5.6) (9, 16.8) (8, 14.4) (6, 10.3) (6, 11.2) (1,  0.3) (1,  0.5)
 (1,  0.5) (3,  4.6) (5,  8.2) (3,  4.5) (4,  6.7) (7, 11.9) (5,  9.2)
 (3,  4.4) (3,  5. ) (4,  6.7) (5,  8.3) (6, 11.3) (5,  9. ) (3,  3.4)
 (2,  3.2) (1,  0.9) (2,  3.3) (5,  7.9) (5,  9. ) (4,  7.1) (7, 12.5)
 (7, 12.5) (7, 12.3)]


analyzing the results:
number of max cluster size: 10
number of actually used clusters: 10
min value of all elements: -5.3
max value of all elements: 20.9
mean of all elements: 7.2655737704918035
median of all elements: 7.45
standard deviation of all elements: 6.017562236643699
variance of all elements: 36.21105527188032
distribution of all clusters: [0 0 0 0 0 0 0 0 0 0 0 0 0 0 0 0 0 0 0 0 0 0 0 0 0 0 0 0 0 0 0 1 1 1 1 1 1
 1 1 1 1 1 1 1 1 1 1 1 1 1 1 1 1 1 1 1 1 1 1 1 1 1 1 1 1 1 1 1 1 1 1 1 1 1
 1 1 1 1 1 2 2 2 2 2 2 2 2 2 2 2 2 2 2 2 2 2 2 2 2 2 2 2 2 2 2 2 2 2 2 2 2
 2 2 2 3 3 3 3 3 3 3 3 3 3 3 3 3 3 3 3 3 3 3 3 3 3 3 3 3 3 3 3 3 3 3 3 3 3
 3 4 4 4 4 4 4 4 4 4 4 4 4 4 4 4 4 4 4 4 4 4 4 4 4 4 4 4 4 4 4 4 5 5 5 5 5
 5 5 5 5 5 5 5 5 5 5 5 5 5 5 5 5 5 5 5 5 5 5 5 5 5 5 5 5 5 5 5 5 5 5 5 5 5
 6 6 6 6 6 6 6 6 6 6 6 6 6 6 6 6 6 6 6 6 6 6 6 6 6 6 6 7 7 7 7 7 7 7 7 7 7
 7 7 7 7 7 7 7 7 7 7 7 7 7 7 7 7 7 7 7 7 7 7 7 7 7 7 7 7 7 7 7 7 7 7 7 7 7
 7 7 7 7 7 7 8 8 8 8 8 8 8 8 8 8 8 8 8 8 8 8 8 8 8 8 8 8 8 8 8 8 8 8 8 8 8
 8 8 8 8 8 8 8 8 8 8 9 9 9 9 9 9 9 9 9 9 9 9 9 9 9 9 9 9 9 9 9 9 9]

cluster #0: 	sum elements:31  	min value: -5.3 	max value: -1.3 	mean: -2.5 	std deviation: 0.902 	median: -2.3
cluster #0 homoscedasticity NOT given with ratio = 5.444444444444444
cluster #1: 	sum elements:48  	min value: -1.1 	max value: 1.2 	mean: 0.1 	std deviation: 0.655 	median: 0.15000000000000002
cluster #1 homoscedasticity given with ratio = 1.1900826446280997
cluster #2: 	sum elements:35  	min value: 1.3 	max value: 3.3 	mean: 2.4 	std deviation: 0.589 	median: 2.4
cluster #2 homoscedasticity given with ratio = 1.4938271604938271
cluster #3: 	sum elements:35  	min value: 3.4 	max value: 5.1 	mean: 4.3 	std deviation: 0.447 	median: 4.4
cluster #3 homoscedasticity given with ratio = 1.2656250000000004
cluster #4: 	sum elements:31  	min value: 5.3 	max value: 7.2 	mean: 6.2 	std deviation: 0.639 	median: 6.2
cluster #4 homoscedasticity given with ratio = 1.234567901234567
cluster #5: 	sum elements:42  	min value: 7.3 	max value: 9.2 	mean: 8.3 	std deviation: 0.567 	median: 8.3
cluster #5 homoscedasticity given with ratio = 1.234567901234574
cluster #6: 	sum elements:27  	min value: 9.4 	max value: 11.4 	mean: 10.4 	std deviation: 0.621 	median: 10.3
cluster #6 homoscedasticity given with ratio = 0
cluster #7: 	sum elements:53  	min value: 11.5 	max value: 13.7 	mean: 12.5 	std deviation: 0.61 	median: 12.5
cluster #7 homoscedasticity given with ratio = 1.4399999999999984
cluster #8: 	sum elements:41  	min value: 13.8 	max value: 16.0 	mean: 14.9 	std deviation: 0.626 	median: 15.1
cluster #8 homoscedasticity given with ratio = 0
cluster #9: 	sum elements:23  	min value: 16.3 	max value: 20.9 	mean: 17.4 	std deviation: 1.129 	median: 17.1
cluster #9 homoscedasticity NOT given with ratio = 10.1239669421488
homoscedasticity given for 8 of 10 used clusters

number of elements: 366

built clusters:
cluster #0: -5.3 -- -1.3 (31)
cluster #1: -1.1 -- 1.2 (48)
cluster #2: 1.3 -- 3.3 (35)
cluster #3: 3.4 -- 5.1 (35)
cluster #4: 5.3 -- 7.2 (31)
cluster #5: 7.3 -- 9.2 (42)
cluster #6: 9.4 -- 11.4 (27)
cluster #7: 11.5 -- 13.7 (53)
cluster #8: 13.8 -- 16.0 (41)
cluster #9: 16.3 -- 20.9 (23)

score even distribution (SED) MAX: 3.20e+15
score even distribution (SED) MAX: 3202589907064800.0
SED number of digits: 16

number of used clusters (NUC) MAX: 1.0

sum variances (SV) MIN: 4.786335802717085
sum variances (SV) MIN: 4.79e+00
ratio between SED and sv digits MAX: 0
SUM: NUC(MAX): 1.0	 SED(MAX): 3.20e+15	 SV(MIN): 4.79e+00

Mean Silhouette Coefficient of all clusters MSC(MAX): 0.55
(best value is 1 and the worst value is -1. Values near 0 indicate overlapping clusters)

Davies-Bouldin score DB(MIN): 0.49
(The minimum score is zero, with lower values indicating better clustering.)


TRIAL: 6
***********


starting algorithm at: 10:38:12.479649

finishing algorithm at: 10:38:12.518200

running time of algorithm: 0:00:00.038551

clusters with resulting frequencies:
[(5,  8. ) (7, 14. ) (7, 13.7) (7, 13.3) (4,  7.6) (4,  6.2) (4,  6.1)
 (5,  8.3) (5,  8.8) (5,  8.4) (5,  9.1) (5,  8.5) (5, 10.1) (6, 12.1)
 (5, 10.1) (7, 12.4) (7, 13.8) (6, 11.7) (7, 12.4) (8, 15.6) (8, 15.3)
 (9, 16.4) (7, 12.8) (6, 12. ) (8, 15.4) (8, 15.6) (7, 13.3) (7, 12.9)
 (8, 15.1) (7, 13.6) (8, 15.1) (6, 11.6) (9, 16.6) (7, 13.3) (8, 14.5)
 (9, 16.3) (9, 17.2) (9, 16.5) (8, 15. ) (8, 14.9) (6, 11.8) (6, 11.7)
 (5,  9.6) (5,  8.9) (5, 10.1) (8, 15.5) (6, 10.8) (4,  7.5) (7, 12.8)
 (7, 12.6) (8, 14.8) (9, 19.9) (5,  9.2) (7, 12.4) (6, 11.3) (5,  9.8)
 (8, 14.3) (8, 15.1) (8, 14.4) (8, 15.4) (7, 13.8) (7, 13.6) (8, 14.3)
 (8, 15.9) (9, 16.7) (6, 12.1) (8, 14.3) (9, 16.5) (9, 16.5) (9, 17.5)
 (8, 14.7) (9, 17.5) (9, 20.9) (9, 17. ) (8, 16. ) (8, 15.4) (9, 17.9)
 (8, 15.2) (8, 15.1) (8, 15.3) (9, 17.2) (8, 15.9) (5, 10. ) (5,  9.9)
 (6, 10.3) (8, 15.4) (7, 12.7) (7, 13.2) (8, 15.3) (9, 17.9) (9, 18. )
 (9, 17.6) (8, 16. ) (8, 14.9) (9, 17.1) (9, 18.2) (9, 16.8) (7, 13.6)
 (8, 14.5) (7, 12.4) (6, 10.4) (5,  9.1) (5,  8.9) (8, 14.5) (7, 12.6)
 (5,  8.6) (6, 10.8) (6, 11.2) (6, 12.1) (6, 10.8) (6, 11.4) (6, 12. )
 (9, 16.3) (7, 12.7) (7, 12.7) (6, 12. ) (6, 11.5) (7, 13. ) (6, 11.7)
 (8, 14.8) (4,  7.7) (3,  4.4) (4,  7.4) (5,  8.3) (5, 10.1) (6, 12. )
 (7, 12.9) (6, 10.8) (5,  9.5) (6, 12.1) (7, 12.5) (7, 13.9) (7, 13.3)
 (7, 13.2) (7, 12.3) (7, 13.8) (6, 11.3) (6, 11.7) (7, 12.5) (8, 15.1)
 (6, 11.5) (7, 13. ) (6, 11.6) (7, 12.8) (8, 15.5) (7, 13.1) (7, 12.6)
 (3,  4.4) (3,  4.4) (4,  7.1) (3,  4.2) (5,  9.6) (2,  3.5) (3,  5.3)
 (4,  7. ) (1,  0.4) (2,  3.2) (4,  5.9) (5,  8.1) (4,  6.9) (3,  5.6)
 (4,  7.2) (4,  7.1) (4,  6.1) (4,  7.1) (3,  5.6) (3,  5.4) (4,  6.3)
 (3,  5.3) (5,  7.9) (5,  8.4) (5,  8.1) (2,  2.4) (3,  5.6) (4,  7.5)
 (2,  2.5) (3,  5. ) (3,  3.8) (5,  7.9) (3,  4.3) (0, -2.1) (0, -1.8)
 (3,  3.8) (2,  2.1) (1,  0.5) (1, -0.9) (1,  0.4) (4,  7.5) (5,  8.3)
 (1, -0.2) (1,  0.1) (2,  1.5) (5,  8.3) (5,  9.4) (1,  1.3) (2,  2.2)
 (1, -0.4) (3,  4.5) (5,  7.9) (3,  4.3) (0, -2.7) (1,  0.3) (3,  3.8)
 (2,  2.4) (1,  1.2) (1,  1.2) (1, -0.3) (3,  4.7) (3,  4.9) (1,  1.4)
 (2,  2.2) (1, -0.1) (1, -0.9) (1,  0.6) (3,  4.6) (5,  9.8) (6, 10.6)
 (4,  7.8) (3,  4.4) (1, -0.2) (3,  4.3) (4,  7.4) (5,  8.6) (6, 10.2)
 (4,  7.3) (5,  8.7) (1,  1. ) (2,  2.1) (4,  6.4) (3,  5.4) (1,  0.4)
 (3,  4. ) (5,  8.4) (1,  0.4) (3,  4.2) (1,  0.9) (1,  0.8) (3,  4.3)
 (4,  6.3) (2,  3.5) (0, -1.5) (1,  1.2) (1,  0.5) (3,  5.3) (4,  6.6)
 (0, -1.6) (0, -3.1) (1, -0.1) (1, -0.6) (2,  3. ) (2,  2.9) (0, -1.3)
 (2,  1.8) (2,  2.9) (0, -2.6) (1,  0.5) (2,  2.7) (0, -1.7) (1, -0.9)
 (0, -1.8) (1,  1.3) (2,  2.4) (1, -1.1) (2,  2.3) (0, -2.2) (0, -3.5)
 (1, -1. ) (0, -2.1) (0, -2. ) (0, -2.3) (0, -1.6) (1,  0.8) (0, -2.8)
 (0, -2.8) (2,  3. ) (3,  4.4) (2,  2.3) (0, -2. ) (0, -1.9) (3,  4.8)
 (1, -0.6) (2,  3.1) (0, -2.9) (0, -3.5) (1, -0.3) (1,  0.1) (2,  2.3)
 (2,  2.1) (3,  4.6) (3,  3.7) (0, -1.3) (0, -3.4) (0, -5.3) (1,  0. )
 (2,  2.4) (1, -0.6) (2,  2.3) (0, -3.7) (1, -0.9) (0, -1.5) (0, -3.3)
 (1, -0.1) (1, -0.2) (1,  0.5) (4,  6.1) (3,  4.1) (1,  0.1) (2,  3.2)
 (3,  5.4) (4,  5.8) (4,  6.3) (1, -0.9) (1,  0.2) (0, -3.7) (0, -2.7)
 (0, -2.5) (1, -0.5) (5,  9. ) (7, 13.1) (5,  8.7) (3,  3.9) (1,  0.7)
 (1,  1.1) (3,  5.1) (4,  7.5) (3,  4.7) (2,  3.2) (4,  7.8) (2,  2.4)
 (2,  3.2) (2,  2.5) (4,  6.5) (8, 14.4) (3,  4.9) (2,  2.3) (1,  1.4)
 (3,  5.6) (9, 16.8) (8, 14.4) (6, 10.3) (6, 11.2) (1,  0.3) (1,  0.5)
 (1,  0.5) (3,  4.6) (5,  8.2) (3,  4.5) (4,  6.7) (6, 11.9) (5,  9.2)
 (3,  4.4) (3,  5. ) (4,  6.7) (5,  8.3) (6, 11.3) (5,  9. ) (2,  3.4)
 (2,  3.2) (1,  0.9) (2,  3.3) (5,  7.9) (5,  9. ) (4,  7.1) (7, 12.5)
 (7, 12.5) (7, 12.3)]


analyzing the results:
number of max cluster size: 10
number of actually used clusters: 10
min value of all elements: -5.3
max value of all elements: 20.9
mean of all elements: 7.2655737704918035
median of all elements: 7.45
standard deviation of all elements: 6.017562236643699
variance of all elements: 36.21105527188032
distribution of all clusters: [0 0 0 0 0 0 0 0 0 0 0 0 0 0 0 0 0 0 0 0 0 0 0 0 0 0 0 0 0 0 0 1 1 1 1 1 1
 1 1 1 1 1 1 1 1 1 1 1 1 1 1 1 1 1 1 1 1 1 1 1 1 1 1 1 1 1 1 1 1 1 1 1 1 1
 1 1 1 1 1 1 1 1 1 2 2 2 2 2 2 2 2 2 2 2 2 2 2 2 2 2 2 2 2 2 2 2 2 2 2 2 2
 2 2 2 2 2 2 3 3 3 3 3 3 3 3 3 3 3 3 3 3 3 3 3 3 3 3 3 3 3 3 3 3 3 3 3 3 3
 3 3 3 3 3 3 3 3 3 3 3 4 4 4 4 4 4 4 4 4 4 4 4 4 4 4 4 4 4 4 4 4 4 4 4 4 4
 4 4 4 4 4 4 5 5 5 5 5 5 5 5 5 5 5 5 5 5 5 5 5 5 5 5 5 5 5 5 5 5 5 5 5 5 5
 5 5 5 5 5 5 5 5 5 5 5 5 6 6 6 6 6 6 6 6 6 6 6 6 6 6 6 6 6 6 6 6 6 6 6 6 6
 6 6 6 6 6 6 6 6 7 7 7 7 7 7 7 7 7 7 7 7 7 7 7 7 7 7 7 7 7 7 7 7 7 7 7 7 7
 7 7 7 7 7 7 7 7 7 7 7 8 8 8 8 8 8 8 8 8 8 8 8 8 8 8 8 8 8 8 8 8 8 8 8 8 8
 8 8 8 8 8 8 8 8 8 8 9 9 9 9 9 9 9 9 9 9 9 9 9 9 9 9 9 9 9 9 9 9 9]

cluster #0: 	sum elements:31  	min value: -5.3 	max value: -1.3 	mean: -2.5 	std deviation: 0.902 	median: -2.3
cluster #0 homoscedasticity NOT given with ratio = 5.444444444444444
cluster #1: 	sum elements:52  	min value: -1.1 	max value: 1.4 	mean: 0.2 	std deviation: 0.712 	median: 0.3
cluster #1 homoscedasticity given with ratio = 1.1736111111111114
cluster #2: 	sum elements:34  	min value: 1.5 	max value: 3.5 	mean: 2.6 	std deviation: 0.518 	median: 2.45
cluster #2 homoscedasticity given with ratio = 1.4938271604938278
cluster #3: 	sum elements:42  	min value: 3.7 	max value: 5.6 	mean: 4.7 	std deviation: 0.56 	median: 4.55
cluster #3 homoscedasticity given with ratio = 1.2345679012345694
cluster #4: 	sum elements:32  	min value: 5.8 	max value: 7.8 	mean: 6.9 	std deviation: 0.606 	median: 7.05
cluster #4 homoscedasticity given with ratio = 1.4938271604938302
cluster #5: 	sum elements:43  	min value: 7.9 	max value: 10.1 	mean: 8.9 	std deviation: 0.707 	median: 8.8
cluster #5 homoscedasticity given with ratio = 1.4399999999999984
cluster #6: 	sum elements:33  	min value: 10.2 	max value: 12.1 	mean: 11.4 	std deviation: 0.595 	median: 11.5
cluster #6 homoscedasticity NOT given with ratio = 2.938775510204093
cluster #7: 	sum elements:40  	min value: 12.3 	max value: 14.0 	mean: 13.0 	std deviation: 0.508 	median: 12.9
cluster #7 homoscedasticity NOT given with ratio = 2.0408163265306163
cluster #8: 	sum elements:36  	min value: 14.3 	max value: 16.0 	mean: 15.1 	std deviation: 0.51 	median: 15.1
cluster #8 homoscedasticity given with ratio = 1.2656250000000042
cluster #9: 	sum elements:23  	min value: 16.3 	max value: 20.9 	mean: 17.4 	std deviation: 1.129 	median: 17.1
cluster #9 homoscedasticity NOT given with ratio = 10.1239669421488
homoscedasticity given for 6 of 10 used clusters

number of elements: 366

built clusters:
cluster #0: -5.3 -- -1.3 (31)
cluster #1: -1.1 -- 1.4 (52)
cluster #2: 1.5 -- 3.5 (34)
cluster #3: 3.7 -- 5.6 (42)
cluster #4: 5.8 -- 7.8 (32)
cluster #5: 7.9 -- 10.1 (43)
cluster #6: 10.2 -- 12.1 (33)
cluster #7: 12.3 -- 14.0 (40)
cluster #8: 14.3 -- 16.0 (36)
cluster #9: 16.3 -- 20.9 (23)

score even distribution (SED) MAX: 3.46e+15
score even distribution (SED) MAX: 3461911383490560.0
SED number of digits: 16

number of used clusters (NUC) MAX: 1.0

sum variances (SV) MIN: 4.7613746274303494
sum variances (SV) MIN: 4.76e+00
ratio between SED and sv digits MAX: 0
SUM: NUC(MAX): 1.0	 SED(MAX): 3.46e+15	 SV(MIN): 4.76e+00

Mean Silhouette Coefficient of all clusters MSC(MAX): 0.55
(best value is 1 and the worst value is -1. Values near 0 indicate overlapping clusters)

Davies-Bouldin score DB(MIN): 0.52
(The minimum score is zero, with lower values indicating better clustering.)


TRIAL: 7
***********


starting algorithm at: 10:38:12.532337

finishing algorithm at: 10:38:12.568758

running time of algorithm: 0:00:00.036421

clusters with resulting frequencies:
[(5,  8. ) (8, 14. ) (8, 13.7) (7, 13.3) (5,  7.6) (4,  6.2) (4,  6.1)
 (5,  8.3) (5,  8.8) (5,  8.4) (5,  9.1) (5,  8.5) (6, 10.1) (7, 12.1)
 (6, 10.1) (7, 12.4) (8, 13.8) (7, 11.7) (7, 12.4) (8, 15.6) (8, 15.3)
 (9, 16.4) (7, 12.8) (7, 12. ) (8, 15.4) (8, 15.6) (7, 13.3) (7, 12.9)
 (8, 15.1) (8, 13.6) (8, 15.1) (7, 11.6) (9, 16.6) (7, 13.3) (8, 14.5)
 (9, 16.3) (9, 17.2) (9, 16.5) (8, 15. ) (8, 14.9) (7, 11.8) (7, 11.7)
 (6,  9.6) (5,  8.9) (6, 10.1) (8, 15.5) (6, 10.8) (5,  7.5) (7, 12.8)
 (7, 12.6) (8, 14.8) (9, 19.9) (5,  9.2) (7, 12.4) (7, 11.3) (6,  9.8)
 (8, 14.3) (8, 15.1) (8, 14.4) (8, 15.4) (8, 13.8) (8, 13.6) (8, 14.3)
 (8, 15.9) (9, 16.7) (7, 12.1) (8, 14.3) (9, 16.5) (9, 16.5) (9, 17.5)
 (8, 14.7) (9, 17.5) (9, 20.9) (9, 17. ) (8, 16. ) (8, 15.4) (9, 17.9)
 (8, 15.2) (8, 15.1) (8, 15.3) (9, 17.2) (8, 15.9) (6, 10. ) (6,  9.9)
 (6, 10.3) (8, 15.4) (7, 12.7) (7, 13.2) (8, 15.3) (9, 17.9) (9, 18. )
 (9, 17.6) (8, 16. ) (8, 14.9) (9, 17.1) (9, 18.2) (9, 16.8) (8, 13.6)
 (8, 14.5) (7, 12.4) (6, 10.4) (5,  9.1) (5,  8.9) (8, 14.5) (7, 12.6)
 (5,  8.6) (6, 10.8) (6, 11.2) (7, 12.1) (6, 10.8) (7, 11.4) (7, 12. )
 (9, 16.3) (7, 12.7) (7, 12.7) (7, 12. ) (7, 11.5) (7, 13. ) (7, 11.7)
 (8, 14.8) (5,  7.7) (3,  4.4) (4,  7.4) (5,  8.3) (6, 10.1) (7, 12. )
 (7, 12.9) (6, 10.8) (6,  9.5) (7, 12.1) (7, 12.5) (8, 13.9) (7, 13.3)
 (7, 13.2) (7, 12.3) (8, 13.8) (7, 11.3) (7, 11.7) (7, 12.5) (8, 15.1)
 (7, 11.5) (7, 13. ) (7, 11.6) (7, 12.8) (8, 15.5) (7, 13.1) (7, 12.6)
 (3,  4.4) (3,  4.4) (4,  7.1) (3,  4.2) (6,  9.6) (2,  3.5) (3,  5.3)
 (4,  7. ) (1,  0.4) (2,  3.2) (4,  5.9) (5,  8.1) (4,  6.9) (3,  5.6)
 (4,  7.2) (4,  7.1) (4,  6.1) (4,  7.1) (3,  5.6) (3,  5.4) (4,  6.3)
 (3,  5.3) (5,  7.9) (5,  8.4) (5,  8.1) (2,  2.4) (3,  5.6) (5,  7.5)
 (2,  2.5) (3,  5. ) (3,  3.8) (5,  7.9) (3,  4.3) (0, -2.1) (0, -1.8)
 (3,  3.8) (2,  2.1) (1,  0.5) (1, -0.9) (1,  0.4) (5,  7.5) (5,  8.3)
 (1, -0.2) (1,  0.1) (2,  1.5) (5,  8.3) (6,  9.4) (1,  1.3) (2,  2.2)
 (1, -0.4) (3,  4.5) (5,  7.9) (3,  4.3) (0, -2.7) (1,  0.3) (3,  3.8)
 (2,  2.4) (1,  1.2) (1,  1.2) (1, -0.3) (3,  4.7) (3,  4.9) (1,  1.4)
 (2,  2.2) (1, -0.1) (1, -0.9) (1,  0.6) (3,  4.6) (6,  9.8) (6, 10.6)
 (5,  7.8) (3,  4.4) (1, -0.2) (3,  4.3) (4,  7.4) (5,  8.6) (6, 10.2)
 (4,  7.3) (5,  8.7) (1,  1. ) (2,  2.1) (4,  6.4) (3,  5.4) (1,  0.4)
 (3,  4. ) (5,  8.4) (1,  0.4) (3,  4.2) (1,  0.9) (1,  0.8) (3,  4.3)
 (4,  6.3) (2,  3.5) (0, -1.5) (1,  1.2) (1,  0.5) (3,  5.3) (4,  6.6)
 (0, -1.6) (0, -3.1) (1, -0.1) (1, -0.6) (2,  3. ) (2,  2.9) (0, -1.3)
 (2,  1.8) (2,  2.9) (0, -2.6) (1,  0.5) (2,  2.7) (0, -1.7) (1, -0.9)
 (0, -1.8) (1,  1.3) (2,  2.4) (1, -1.1) (2,  2.3) (0, -2.2) (0, -3.5)
 (1, -1. ) (0, -2.1) (0, -2. ) (0, -2.3) (0, -1.6) (1,  0.8) (0, -2.8)
 (0, -2.8) (2,  3. ) (3,  4.4) (2,  2.3) (0, -2. ) (0, -1.9) (3,  4.8)
 (1, -0.6) (2,  3.1) (0, -2.9) (0, -3.5) (1, -0.3) (1,  0.1) (2,  2.3)
 (2,  2.1) (3,  4.6) (3,  3.7) (0, -1.3) (0, -3.4) (0, -5.3) (1,  0. )
 (2,  2.4) (1, -0.6) (2,  2.3) (0, -3.7) (1, -0.9) (0, -1.5) (0, -3.3)
 (1, -0.1) (1, -0.2) (1,  0.5) (4,  6.1) (3,  4.1) (1,  0.1) (2,  3.2)
 (3,  5.4) (4,  5.8) (4,  6.3) (1, -0.9) (1,  0.2) (0, -3.7) (0, -2.7)
 (0, -2.5) (1, -0.5) (5,  9. ) (7, 13.1) (5,  8.7) (3,  3.9) (1,  0.7)
 (1,  1.1) (3,  5.1) (5,  7.5) (3,  4.7) (2,  3.2) (5,  7.8) (2,  2.4)
 (2,  3.2) (2,  2.5) (4,  6.5) (8, 14.4) (3,  4.9) (2,  2.3) (1,  1.4)
 (3,  5.6) (9, 16.8) (8, 14.4) (6, 10.3) (6, 11.2) (1,  0.3) (1,  0.5)
 (1,  0.5) (3,  4.6) (5,  8.2) (3,  4.5) (4,  6.7) (7, 11.9) (5,  9.2)
 (3,  4.4) (3,  5. ) (4,  6.7) (5,  8.3) (7, 11.3) (5,  9. ) (2,  3.4)
 (2,  3.2) (1,  0.9) (2,  3.3) (5,  7.9) (5,  9. ) (4,  7.1) (7, 12.5)
 (7, 12.5) (7, 12.3)]


analyzing the results:
number of max cluster size: 10
number of actually used clusters: 10
min value of all elements: -5.3
max value of all elements: 20.9
mean of all elements: 7.2655737704918035
median of all elements: 7.45
standard deviation of all elements: 6.017562236643699
variance of all elements: 36.21105527188032
distribution of all clusters: [0 0 0 0 0 0 0 0 0 0 0 0 0 0 0 0 0 0 0 0 0 0 0 0 0 0 0 0 0 0 0 1 1 1 1 1 1
 1 1 1 1 1 1 1 1 1 1 1 1 1 1 1 1 1 1 1 1 1 1 1 1 1 1 1 1 1 1 1 1 1 1 1 1 1
 1 1 1 1 1 1 1 1 1 2 2 2 2 2 2 2 2 2 2 2 2 2 2 2 2 2 2 2 2 2 2 2 2 2 2 2 2
 2 2 2 2 2 2 3 3 3 3 3 3 3 3 3 3 3 3 3 3 3 3 3 3 3 3 3 3 3 3 3 3 3 3 3 3 3
 3 3 3 3 3 3 3 3 3 3 3 4 4 4 4 4 4 4 4 4 4 4 4 4 4 4 4 4 4 4 4 4 4 4 4 5 5
 5 5 5 5 5 5 5 5 5 5 5 5 5 5 5 5 5 5 5 5 5 5 5 5 5 5 5 5 5 5 5 5 5 5 5 5 5
 6 6 6 6 6 6 6 6 6 6 6 6 6 6 6 6 6 6 6 6 6 6 6 7 7 7 7 7 7 7 7 7 7 7 7 7 7
 7 7 7 7 7 7 7 7 7 7 7 7 7 7 7 7 7 7 7 7 7 7 7 7 7 7 7 7 7 7 7 7 7 7 7 7 7
 7 7 8 8 8 8 8 8 8 8 8 8 8 8 8 8 8 8 8 8 8 8 8 8 8 8 8 8 8 8 8 8 8 8 8 8 8
 8 8 8 8 8 8 8 8 8 8 9 9 9 9 9 9 9 9 9 9 9 9 9 9 9 9 9 9 9 9 9 9 9]

cluster #0: 	sum elements:31  	min value: -5.3 	max value: -1.3 	mean: -2.5 	std deviation: 0.902 	median: -2.3
cluster #0 homoscedasticity NOT given with ratio = 5.444444444444444
cluster #1: 	sum elements:52  	min value: -1.1 	max value: 1.4 	mean: 0.2 	std deviation: 0.712 	median: 0.3
cluster #1 homoscedasticity given with ratio = 1.1736111111111114
cluster #2: 	sum elements:34  	min value: 1.5 	max value: 3.5 	mean: 2.6 	std deviation: 0.518 	median: 2.45
cluster #2 homoscedasticity given with ratio = 1.4938271604938278
cluster #3: 	sum elements:42  	min value: 3.7 	max value: 5.6 	mean: 4.7 	std deviation: 0.56 	median: 4.55
cluster #3 homoscedasticity given with ratio = 1.2345679012345694
cluster #4: 	sum elements:24  	min value: 5.8 	max value: 7.4 	mean: 6.6 	std deviation: 0.498 	median: 6.65
cluster #4 homoscedasticity given with ratio = 1.0000000000000022
cluster #5: 	sum elements:39  	min value: 7.5 	max value: 9.2 	mean: 8.3 	std deviation: 0.528 	median: 8.3
cluster #5 homoscedasticity given with ratio = 1.2656249999999938
cluster #6: 	sum elements:23  	min value: 9.4 	max value: 11.2 	mean: 10.2 	std deviation: 0.521 	median: 10.1
cluster #6 homoscedasticity NOT given with ratio = 1.562500000000004
cluster #7: 	sum elements:53  	min value: 11.3 	max value: 13.3 	mean: 12.3 	std deviation: 0.598 	median: 12.4
cluster #7 homoscedasticity given with ratio = 0
cluster #8: 	sum elements:45  	min value: 13.6 	max value: 16.0 	mean: 14.8 	std deviation: 0.705 	median: 14.9
cluster #8 homoscedasticity given with ratio = 1.0000000000000029
cluster #9: 	sum elements:23  	min value: 16.3 	max value: 20.9 	mean: 17.4 	std deviation: 1.129 	median: 17.1
cluster #9 homoscedasticity NOT given with ratio = 10.1239669421488
homoscedasticity given for 7 of 10 used clusters

number of elements: 366

built clusters:
cluster #0: -5.3 -- -1.3 (31)
cluster #1: -1.1 -- 1.4 (52)
cluster #2: 1.5 -- 3.5 (34)
cluster #3: 3.7 -- 5.6 (42)
cluster #4: 5.8 -- 7.4 (24)
cluster #5: 7.5 -- 9.2 (39)
cluster #6: 9.4 -- 11.2 (23)
cluster #7: 11.3 -- 13.3 (53)
cluster #8: 13.6 -- 16.0 (45)
cluster #9: 16.3 -- 20.9 (23)

score even distribution (SED) MAX: 2.72e+15
score even distribution (SED) MAX: 2718398670099840.0
SED number of digits: 16

number of used clusters (NUC) MAX: 1.0

sum variances (SV) MIN: 4.676274431818089
sum variances (SV) MIN: 4.68e+00
ratio between SED and sv digits MAX: 0
SUM: NUC(MAX): 1.0	 SED(MAX): 2.72e+15	 SV(MIN): 4.68e+00

Mean Silhouette Coefficient of all clusters MSC(MAX): 0.56
(best value is 1 and the worst value is -1. Values near 0 indicate overlapping clusters)

Davies-Bouldin score DB(MIN): 0.49
(The minimum score is zero, with lower values indicating better clustering.)


TRIAL: 8
***********


starting algorithm at: 10:38:12.582375

finishing algorithm at: 10:38:12.620480

running time of algorithm: 0:00:00.038105

clusters with resulting frequencies:
[(5,  8. ) (8, 14. ) (7, 13.7) (7, 13.3) (5,  7.6) (4,  6.2) (4,  6.1)
 (5,  8.3) (5,  8.8) (5,  8.4) (5,  9.1) (5,  8.5) (6, 10.1) (7, 12.1)
 (6, 10.1) (7, 12.4) (8, 13.8) (7, 11.7) (7, 12.4) (8, 15.6) (8, 15.3)
 (9, 16.4) (7, 12.8) (7, 12. ) (8, 15.4) (8, 15.6) (7, 13.3) (7, 12.9)
 (8, 15.1) (7, 13.6) (8, 15.1) (7, 11.6) (9, 16.6) (7, 13.3) (8, 14.5)
 (9, 16.3) (9, 17.2) (9, 16.5) (8, 15. ) (8, 14.9) (7, 11.8) (7, 11.7)
 (6,  9.6) (5,  8.9) (6, 10.1) (8, 15.5) (6, 10.8) (5,  7.5) (7, 12.8)
 (7, 12.6) (8, 14.8) (9, 19.9) (5,  9.2) (7, 12.4) (6, 11.3) (6,  9.8)
 (8, 14.3) (8, 15.1) (8, 14.4) (8, 15.4) (8, 13.8) (7, 13.6) (8, 14.3)
 (8, 15.9) (9, 16.7) (7, 12.1) (8, 14.3) (9, 16.5) (9, 16.5) (9, 17.5)
 (8, 14.7) (9, 17.5) (9, 20.9) (9, 17. ) (8, 16. ) (8, 15.4) (9, 17.9)
 (8, 15.2) (8, 15.1) (8, 15.3) (9, 17.2) (8, 15.9) (6, 10. ) (6,  9.9)
 (6, 10.3) (8, 15.4) (7, 12.7) (7, 13.2) (8, 15.3) (9, 17.9) (9, 18. )
 (9, 17.6) (8, 16. ) (8, 14.9) (9, 17.1) (9, 18.2) (9, 16.8) (7, 13.6)
 (8, 14.5) (7, 12.4) (6, 10.4) (5,  9.1) (5,  8.9) (8, 14.5) (7, 12.6)
 (5,  8.6) (6, 10.8) (6, 11.2) (7, 12.1) (6, 10.8) (6, 11.4) (7, 12. )
 (9, 16.3) (7, 12.7) (7, 12.7) (7, 12. ) (7, 11.5) (7, 13. ) (7, 11.7)
 (8, 14.8) (5,  7.7) (3,  4.4) (5,  7.4) (5,  8.3) (6, 10.1) (7, 12. )
 (7, 12.9) (6, 10.8) (6,  9.5) (7, 12.1) (7, 12.5) (8, 13.9) (7, 13.3)
 (7, 13.2) (7, 12.3) (8, 13.8) (6, 11.3) (7, 11.7) (7, 12.5) (8, 15.1)
 (7, 11.5) (7, 13. ) (7, 11.6) (7, 12.8) (8, 15.5) (7, 13.1) (7, 12.6)
 (3,  4.4) (3,  4.4) (4,  7.1) (3,  4.2) (6,  9.6) (3,  3.5) (3,  5.3)
 (4,  7. ) (1,  0.4) (2,  3.2) (4,  5.9) (5,  8.1) (4,  6.9) (4,  5.6)
 (4,  7.2) (4,  7.1) (4,  6.1) (4,  7.1) (4,  5.6) (4,  5.4) (4,  6.3)
 (3,  5.3) (5,  7.9) (5,  8.4) (5,  8.1) (2,  2.4) (4,  5.6) (5,  7.5)
 (2,  2.5) (3,  5. ) (3,  3.8) (5,  7.9) (3,  4.3) (0, -2.1) (0, -1.8)
 (3,  3.8) (2,  2.1) (1,  0.5) (1, -0.9) (1,  0.4) (5,  7.5) (5,  8.3)
 (1, -0.2) (1,  0.1) (2,  1.5) (5,  8.3) (6,  9.4) (2,  1.3) (2,  2.2)
 (1, -0.4) (3,  4.5) (5,  7.9) (3,  4.3) (0, -2.7) (1,  0.3) (3,  3.8)
 (2,  2.4) (2,  1.2) (2,  1.2) (1, -0.3) (3,  4.7) (3,  4.9) (2,  1.4)
 (2,  2.2) (1, -0.1) (1, -0.9) (1,  0.6) (3,  4.6) (6,  9.8) (6, 10.6)
 (5,  7.8) (3,  4.4) (1, -0.2) (3,  4.3) (5,  7.4) (5,  8.6) (6, 10.2)
 (4,  7.3) (5,  8.7) (1,  1. ) (2,  2.1) (4,  6.4) (4,  5.4) (1,  0.4)
 (3,  4. ) (5,  8.4) (1,  0.4) (3,  4.2) (1,  0.9) (1,  0.8) (3,  4.3)
 (4,  6.3) (3,  3.5) (0, -1.5) (2,  1.2) (1,  0.5) (3,  5.3) (4,  6.6)
 (0, -1.6) (0, -3.1) (1, -0.1) (1, -0.6) (2,  3. ) (2,  2.9) (0, -1.3)
 (2,  1.8) (2,  2.9) (0, -2.6) (1,  0.5) (2,  2.7) (0, -1.7) (1, -0.9)
 (0, -1.8) (2,  1.3) (2,  2.4) (1, -1.1) (2,  2.3) (0, -2.2) (0, -3.5)
 (1, -1. ) (0, -2.1) (0, -2. ) (0, -2.3) (0, -1.6) (1,  0.8) (0, -2.8)
 (0, -2.8) (2,  3. ) (3,  4.4) (2,  2.3) (0, -2. ) (0, -1.9) (3,  4.8)
 (1, -0.6) (2,  3.1) (0, -2.9) (0, -3.5) (1, -0.3) (1,  0.1) (2,  2.3)
 (2,  2.1) (3,  4.6) (3,  3.7) (0, -1.3) (0, -3.4) (0, -5.3) (1,  0. )
 (2,  2.4) (1, -0.6) (2,  2.3) (0, -3.7) (1, -0.9) (0, -1.5) (0, -3.3)
 (1, -0.1) (1, -0.2) (1,  0.5) (4,  6.1) (3,  4.1) (1,  0.1) (2,  3.2)
 (4,  5.4) (4,  5.8) (4,  6.3) (1, -0.9) (1,  0.2) (0, -3.7) (0, -2.7)
 (0, -2.5) (1, -0.5) (5,  9. ) (7, 13.1) (5,  8.7) (3,  3.9) (1,  0.7)
 (1,  1.1) (3,  5.1) (5,  7.5) (3,  4.7) (2,  3.2) (5,  7.8) (2,  2.4)
 (2,  3.2) (2,  2.5) (4,  6.5) (8, 14.4) (3,  4.9) (2,  2.3) (2,  1.4)
 (4,  5.6) (9, 16.8) (8, 14.4) (6, 10.3) (6, 11.2) (1,  0.3) (1,  0.5)
 (1,  0.5) (3,  4.6) (5,  8.2) (3,  4.5) (4,  6.7) (7, 11.9) (5,  9.2)
 (3,  4.4) (3,  5. ) (4,  6.7) (5,  8.3) (6, 11.3) (5,  9. ) (3,  3.4)
 (2,  3.2) (1,  0.9) (2,  3.3) (5,  7.9) (5,  9. ) (4,  7.1) (7, 12.5)
 (7, 12.5) (7, 12.3)]


analyzing the results:
number of max cluster size: 10
number of actually used clusters: 10
min value of all elements: -5.3
max value of all elements: 20.9
mean of all elements: 7.2655737704918035
median of all elements: 7.45
standard deviation of all elements: 6.017562236643699
variance of all elements: 36.21105527188032
distribution of all clusters: [0 0 0 0 0 0 0 0 0 0 0 0 0 0 0 0 0 0 0 0 0 0 0 0 0 0 0 0 0 0 0 1 1 1 1 1 1
 1 1 1 1 1 1 1 1 1 1 1 1 1 1 1 1 1 1 1 1 1 1 1 1 1 1 1 1 1 1 1 1 1 1 1 1 1
 1 1 2 2 2 2 2 2 2 2 2 2 2 2 2 2 2 2 2 2 2 2 2 2 2 2 2 2 2 2 2 2 2 2 2 2 2
 2 2 2 3 3 3 3 3 3 3 3 3 3 3 3 3 3 3 3 3 3 3 3 3 3 3 3 3 3 3 3 3 3 3 3 3 3
 3 3 3 3 4 4 4 4 4 4 4 4 4 4 4 4 4 4 4 4 4 4 4 4 4 4 4 4 4 4 4 4 4 5 5 5 5
 5 5 5 5 5 5 5 5 5 5 5 5 5 5 5 5 5 5 5 5 5 5 5 5 5 5 5 5 5 5 5 5 5 5 5 5 5
 6 6 6 6 6 6 6 6 6 6 6 6 6 6 6 6 6 6 6 6 6 6 6 6 6 6 6 7 7 7 7 7 7 7 7 7 7
 7 7 7 7 7 7 7 7 7 7 7 7 7 7 7 7 7 7 7 7 7 7 7 7 7 7 7 7 7 7 7 7 7 7 7 7 7
 7 7 7 7 7 7 8 8 8 8 8 8 8 8 8 8 8 8 8 8 8 8 8 8 8 8 8 8 8 8 8 8 8 8 8 8 8
 8 8 8 8 8 8 8 8 8 8 9 9 9 9 9 9 9 9 9 9 9 9 9 9 9 9 9 9 9 9 9 9 9]

cluster #0: 	sum elements:31  	min value: -5.3 	max value: -1.3 	mean: -2.5 	std deviation: 0.902 	median: -2.3
cluster #0 homoscedasticity NOT given with ratio = 5.444444444444444
cluster #1: 	sum elements:45  	min value: -1.1 	max value: 1.1 	mean: 0.0 	std deviation: 0.61 	median: 0.1
cluster #1 homoscedasticity given with ratio = 0
cluster #2: 	sum elements:38  	min value: 1.2 	max value: 3.3 	mean: 2.3 	std deviation: 0.656 	median: 2.3499999999999996
cluster #2 homoscedasticity given with ratio = 1.2099999999999997
cluster #3: 	sum elements:38  	min value: 3.4 	max value: 5.3 	mean: 4.4 	std deviation: 0.505 	median: 4.4
cluster #3 homoscedasticity given with ratio = 1.2345679012345705
cluster #4: 	sum elements:29  	min value: 5.4 	max value: 7.3 	mean: 6.3 	std deviation: 0.615 	median: 6.3
cluster #4 homoscedasticity given with ratio = 1.2345679012345694
cluster #5: 	sum elements:41  	min value: 7.4 	max value: 9.2 	mean: 8.3 	std deviation: 0.553 	median: 8.3
cluster #5 homoscedasticity given with ratio = 1.000000000000004
cluster #6: 	sum elements:27  	min value: 9.4 	max value: 11.4 	mean: 10.4 	std deviation: 0.621 	median: 10.3
cluster #6 homoscedasticity given with ratio = 0
cluster #7: 	sum elements:53  	min value: 11.5 	max value: 13.7 	mean: 12.5 	std deviation: 0.61 	median: 12.5
cluster #7 homoscedasticity given with ratio = 1.4399999999999984
cluster #8: 	sum elements:41  	min value: 13.8 	max value: 16.0 	mean: 14.9 	std deviation: 0.626 	median: 15.1
cluster #8 homoscedasticity given with ratio = 0
cluster #9: 	sum elements:23  	min value: 16.3 	max value: 20.9 	mean: 17.4 	std deviation: 1.129 	median: 17.1
cluster #9 homoscedasticity NOT given with ratio = 10.1239669421488
homoscedasticity given for 8 of 10 used clusters

number of elements: 366

built clusters:
cluster #0: -5.3 -- -1.3 (31)
cluster #1: -1.1 -- 1.1 (45)
cluster #2: 1.2 -- 3.3 (38)
cluster #3: 3.4 -- 5.3 (38)
cluster #4: 5.4 -- 7.3 (29)
cluster #5: 7.4 -- 9.2 (41)
cluster #6: 9.4 -- 11.4 (27)
cluster #7: 11.5 -- 13.7 (53)
cluster #8: 13.8 -- 16.0 (41)
cluster #9: 16.3 -- 20.9 (23)

score even distribution (SED) MAX: 3.23e+15
score even distribution (SED) MAX: 3232024036536060.0
SED number of digits: 16

number of used clusters (NUC) MAX: 1.0

sum variances (SV) MIN: 4.8200892813593965
sum variances (SV) MIN: 4.82e+00
ratio between SED and sv digits MAX: 0
SUM: NUC(MAX): 1.0	 SED(MAX): 3.23e+15	 SV(MIN): 4.82e+00

Mean Silhouette Coefficient of all clusters MSC(MAX): 0.55
(best value is 1 and the worst value is -1. Values near 0 indicate overlapping clusters)

Davies-Bouldin score DB(MIN): 0.49
(The minimum score is zero, with lower values indicating better clustering.)


TRIAL: 9
***********


starting algorithm at: 10:38:12.635082

finishing algorithm at: 10:38:12.669447

running time of algorithm: 0:00:00.034365

clusters with resulting frequencies:
[(5,  8. ) (8, 14. ) (7, 13.7) (7, 13.3) (4,  7.6) (4,  6.2) (4,  6.1)
 (5,  8.3) (5,  8.8) (5,  8.4) (5,  9.1) (5,  8.5) (6, 10.1) (7, 12.1)
 (6, 10.1) (7, 12.4) (8, 13.8) (7, 11.7) (7, 12.4) (8, 15.6) (8, 15.3)
 (9, 16.4) (7, 12.8) (7, 12. ) (8, 15.4) (8, 15.6) (7, 13.3) (7, 12.9)
 (8, 15.1) (7, 13.6) (8, 15.1) (7, 11.6) (9, 16.6) (7, 13.3) (8, 14.5)
 (9, 16.3) (9, 17.2) (9, 16.5) (8, 15. ) (8, 14.9) (7, 11.8) (7, 11.7)
 (6,  9.6) (5,  8.9) (6, 10.1) (8, 15.5) (6, 10.8) (4,  7.5) (7, 12.8)
 (7, 12.6) (8, 14.8) (9, 19.9) (5,  9.2) (7, 12.4) (6, 11.3) (6,  9.8)
 (8, 14.3) (8, 15.1) (8, 14.4) (8, 15.4) (8, 13.8) (7, 13.6) (8, 14.3)
 (8, 15.9) (9, 16.7) (7, 12.1) (8, 14.3) (9, 16.5) (9, 16.5) (9, 17.5)
 (8, 14.7) (9, 17.5) (9, 20.9) (9, 17. ) (8, 16. ) (8, 15.4) (9, 17.9)
 (8, 15.2) (8, 15.1) (8, 15.3) (9, 17.2) (8, 15.9) (6, 10. ) (6,  9.9)
 (6, 10.3) (8, 15.4) (7, 12.7) (7, 13.2) (8, 15.3) (9, 17.9) (9, 18. )
 (9, 17.6) (8, 16. ) (8, 14.9) (9, 17.1) (9, 18.2) (9, 16.8) (7, 13.6)
 (8, 14.5) (7, 12.4) (6, 10.4) (5,  9.1) (5,  8.9) (8, 14.5) (7, 12.6)
 (5,  8.6) (6, 10.8) (6, 11.2) (7, 12.1) (6, 10.8) (6, 11.4) (7, 12. )
 (9, 16.3) (7, 12.7) (7, 12.7) (7, 12. ) (7, 11.5) (7, 13. ) (7, 11.7)
 (8, 14.8) (5,  7.7) (3,  4.4) (4,  7.4) (5,  8.3) (6, 10.1) (7, 12. )
 (7, 12.9) (6, 10.8) (6,  9.5) (7, 12.1) (7, 12.5) (8, 13.9) (7, 13.3)
 (7, 13.2) (7, 12.3) (8, 13.8) (6, 11.3) (7, 11.7) (7, 12.5) (8, 15.1)
 (7, 11.5) (7, 13. ) (7, 11.6) (7, 12.8) (8, 15.5) (7, 13.1) (7, 12.6)
 (3,  4.4) (3,  4.4) (4,  7.1) (3,  4.2) (6,  9.6) (2,  3.5) (3,  5.3)
 (4,  7. ) (1,  0.4) (2,  3.2) (4,  5.9) (5,  8.1) (4,  6.9) (3,  5.6)
 (4,  7.2) (4,  7.1) (4,  6.1) (4,  7.1) (3,  5.6) (3,  5.4) (4,  6.3)
 (3,  5.3) (5,  7.9) (5,  8.4) (5,  8.1) (2,  2.4) (3,  5.6) (4,  7.5)
 (2,  2.5) (3,  5. ) (3,  3.8) (5,  7.9) (3,  4.3) (0, -2.1) (0, -1.8)
 (3,  3.8) (2,  2.1) (1,  0.5) (1, -0.9) (1,  0.4) (4,  7.5) (5,  8.3)
 (1, -0.2) (1,  0.1) (2,  1.5) (5,  8.3) (5,  9.4) (1,  1.3) (2,  2.2)
 (1, -0.4) (3,  4.5) (5,  7.9) (3,  4.3) (0, -2.7) (1,  0.3) (3,  3.8)
 (2,  2.4) (1,  1.2) (1,  1.2) (1, -0.3) (3,  4.7) (3,  4.9) (2,  1.4)
 (2,  2.2) (1, -0.1) (1, -0.9) (1,  0.6) (3,  4.6) (6,  9.8) (6, 10.6)
 (5,  7.8) (3,  4.4) (1, -0.2) (3,  4.3) (4,  7.4) (5,  8.6) (6, 10.2)
 (4,  7.3) (5,  8.7) (1,  1. ) (2,  2.1) (4,  6.4) (3,  5.4) (1,  0.4)
 (3,  4. ) (5,  8.4) (1,  0.4) (3,  4.2) (1,  0.9) (1,  0.8) (3,  4.3)
 (4,  6.3) (2,  3.5) (0, -1.5) (1,  1.2) (1,  0.5) (3,  5.3) (4,  6.6)
 (0, -1.6) (0, -3.1) (1, -0.1) (1, -0.6) (2,  3. ) (2,  2.9) (0, -1.3)
 (2,  1.8) (2,  2.9) (0, -2.6) (1,  0.5) (2,  2.7) (0, -1.7) (1, -0.9)
 (0, -1.8) (1,  1.3) (2,  2.4) (1, -1.1) (2,  2.3) (0, -2.2) (0, -3.5)
 (1, -1. ) (0, -2.1) (0, -2. ) (0, -2.3) (0, -1.6) (1,  0.8) (0, -2.8)
 (0, -2.8) (2,  3. ) (3,  4.4) (2,  2.3) (0, -2. ) (0, -1.9) (3,  4.8)
 (1, -0.6) (2,  3.1) (0, -2.9) (0, -3.5) (1, -0.3) (1,  0.1) (2,  2.3)
 (2,  2.1) (3,  4.6) (3,  3.7) (0, -1.3) (0, -3.4) (0, -5.3) (1,  0. )
 (2,  2.4) (1, -0.6) (2,  2.3) (0, -3.7) (1, -0.9) (0, -1.5) (0, -3.3)
 (1, -0.1) (1, -0.2) (1,  0.5) (4,  6.1) (3,  4.1) (1,  0.1) (2,  3.2)
 (3,  5.4) (4,  5.8) (4,  6.3) (1, -0.9) (1,  0.2) (0, -3.7) (0, -2.7)
 (0, -2.5) (1, -0.5) (5,  9. ) (7, 13.1) (5,  8.7) (3,  3.9) (1,  0.7)
 (1,  1.1) (3,  5.1) (4,  7.5) (3,  4.7) (2,  3.2) (5,  7.8) (2,  2.4)
 (2,  3.2) (2,  2.5) (4,  6.5) (8, 14.4) (3,  4.9) (2,  2.3) (2,  1.4)
 (3,  5.6) (9, 16.8) (8, 14.4) (6, 10.3) (6, 11.2) (1,  0.3) (1,  0.5)
 (1,  0.5) (3,  4.6) (5,  8.2) (3,  4.5) (4,  6.7) (7, 11.9) (5,  9.2)
 (3,  4.4) (3,  5. ) (4,  6.7) (5,  8.3) (6, 11.3) (5,  9. ) (2,  3.4)
 (2,  3.2) (1,  0.9) (2,  3.3) (5,  7.9) (5,  9. ) (4,  7.1) (7, 12.5)
 (7, 12.5) (7, 12.3)]


analyzing the results:
number of max cluster size: 10
number of actually used clusters: 10
min value of all elements: -5.3
max value of all elements: 20.9
mean of all elements: 7.2655737704918035
median of all elements: 7.45
standard deviation of all elements: 6.017562236643699
variance of all elements: 36.21105527188032
distribution of all clusters: [0 0 0 0 0 0 0 0 0 0 0 0 0 0 0 0 0 0 0 0 0 0 0 0 0 0 0 0 0 0 0 1 1 1 1 1 1
 1 1 1 1 1 1 1 1 1 1 1 1 1 1 1 1 1 1 1 1 1 1 1 1 1 1 1 1 1 1 1 1 1 1 1 1 1
 1 1 1 1 1 1 1 2 2 2 2 2 2 2 2 2 2 2 2 2 2 2 2 2 2 2 2 2 2 2 2 2 2 2 2 2 2
 2 2 2 2 2 2 3 3 3 3 3 3 3 3 3 3 3 3 3 3 3 3 3 3 3 3 3 3 3 3 3 3 3 3 3 3 3
 3 3 3 3 3 3 3 3 3 3 3 4 4 4 4 4 4 4 4 4 4 4 4 4 4 4 4 4 4 4 4 4 4 4 4 4 4
 4 4 4 5 5 5 5 5 5 5 5 5 5 5 5 5 5 5 5 5 5 5 5 5 5 5 5 5 5 5 5 5 5 5 5 5 5
 5 6 6 6 6 6 6 6 6 6 6 6 6 6 6 6 6 6 6 6 6 6 6 6 6 6 6 7 7 7 7 7 7 7 7 7 7
 7 7 7 7 7 7 7 7 7 7 7 7 7 7 7 7 7 7 7 7 7 7 7 7 7 7 7 7 7 7 7 7 7 7 7 7 7
 7 7 7 7 7 7 8 8 8 8 8 8 8 8 8 8 8 8 8 8 8 8 8 8 8 8 8 8 8 8 8 8 8 8 8 8 8
 8 8 8 8 8 8 8 8 8 8 9 9 9 9 9 9 9 9 9 9 9 9 9 9 9 9 9 9 9 9 9 9 9]

cluster #0: 	sum elements:31  	min value: -5.3 	max value: -1.3 	mean: -2.5 	std deviation: 0.902 	median: -2.3
cluster #0 homoscedasticity NOT given with ratio = 5.444444444444444
cluster #1: 	sum elements:50  	min value: -1.1 	max value: 1.3 	mean: 0.2 	std deviation: 0.683 	median: 0.25
cluster #1 homoscedasticity given with ratio = 1.396694214876033
cluster #2: 	sum elements:36  	min value: 1.4 	max value: 3.5 	mean: 2.6 	std deviation: 0.579 	median: 2.4
cluster #2 homoscedasticity NOT given with ratio = 1.7777777777777786
cluster #3: 	sum elements:42  	min value: 3.7 	max value: 5.6 	mean: 4.7 	std deviation: 0.56 	median: 4.55
cluster #3 homoscedasticity given with ratio = 1.2345679012345694
cluster #4: 	sum elements:29  	min value: 5.8 	max value: 7.6 	mean: 6.8 	std deviation: 0.562 	median: 6.9
cluster #4 homoscedasticity NOT given with ratio = 1.5625000000000009
cluster #5: 	sum elements:35  	min value: 7.7 	max value: 9.4 	mean: 8.5 	std deviation: 0.476 	median: 8.4
cluster #5 homoscedasticity given with ratio = 1.2656250000000016
cluster #6: 	sum elements:26  	min value: 9.5 	max value: 11.4 	mean: 10.4 	std deviation: 0.6 	median: 10.3
cluster #6 homoscedasticity given with ratio = 1.234567901234567
cluster #7: 	sum elements:53  	min value: 11.5 	max value: 13.7 	mean: 12.5 	std deviation: 0.61 	median: 12.5
cluster #7 homoscedasticity given with ratio = 1.4399999999999984
cluster #8: 	sum elements:41  	min value: 13.8 	max value: 16.0 	mean: 14.9 	std deviation: 0.626 	median: 15.1
cluster #8 homoscedasticity given with ratio = 0
cluster #9: 	sum elements:23  	min value: 16.3 	max value: 20.9 	mean: 17.4 	std deviation: 1.129 	median: 17.1
cluster #9 homoscedasticity NOT given with ratio = 10.1239669421488
homoscedasticity given for 6 of 10 used clusters

number of elements: 366

built clusters:
cluster #0: -5.3 -- -1.3 (31)
cluster #1: -1.1 -- 1.3 (50)
cluster #2: 1.4 -- 3.5 (36)
cluster #3: 3.7 -- 5.6 (42)
cluster #4: 5.8 -- 7.6 (29)
cluster #5: 7.7 -- 9.4 (35)
cluster #6: 9.5 -- 11.4 (26)
cluster #7: 11.5 -- 13.7 (53)
cluster #8: 13.8 -- 16.0 (41)
cluster #9: 16.3 -- 20.9 (23)

score even distribution (SED) MAX: 3.09e+15
score even distribution (SED) MAX: 3091081400316000.0
SED number of digits: 16

number of used clusters (NUC) MAX: 1.0

sum variances (SV) MIN: 4.714272764807321
sum variances (SV) MIN: 4.71e+00
ratio between SED and sv digits MAX: 0
SUM: NUC(MAX): 1.0	 SED(MAX): 3.09e+15	 SV(MIN): 4.71e+00

Mean Silhouette Coefficient of all clusters MSC(MAX): 0.56
(best value is 1 and the worst value is -1. Values near 0 indicate overlapping clusters)

Davies-Bouldin score DB(MIN): 0.5
(The minimum score is zero, with lower values indicating better clustering.)


TRIAL: 10
***********


starting algorithm at: 10:38:12.684693

finishing algorithm at: 10:38:12.720338

running time of algorithm: 0:00:00.035645

clusters with resulting frequencies:
[(5,  8. ) (8, 14. ) (7, 13.7) (7, 13.3) (5,  7.6) (4,  6.2) (4,  6.1)
 (5,  8.3) (5,  8.8) (5,  8.4) (5,  9.1) (5,  8.5) (6, 10.1) (7, 12.1)
 (6, 10.1) (7, 12.4) (7, 13.8) (6, 11.7) (7, 12.4) (8, 15.6) (8, 15.3)
 (9, 16.4) (7, 12.8) (7, 12. ) (8, 15.4) (8, 15.6) (7, 13.3) (7, 12.9)
 (8, 15.1) (7, 13.6) (8, 15.1) (6, 11.6) (9, 16.6) (7, 13.3) (8, 14.5)
 (9, 16.3) (9, 17.2) (9, 16.5) (8, 15. ) (8, 14.9) (6, 11.8) (6, 11.7)
 (5,  9.6) (5,  8.9) (6, 10.1) (8, 15.5) (6, 10.8) (5,  7.5) (7, 12.8)
 (7, 12.6) (8, 14.8) (9, 19.9) (5,  9.2) (7, 12.4) (6, 11.3) (6,  9.8)
 (8, 14.3) (8, 15.1) (8, 14.4) (8, 15.4) (7, 13.8) (7, 13.6) (8, 14.3)
 (8, 15.9) (9, 16.7) (7, 12.1) (8, 14.3) (9, 16.5) (9, 16.5) (9, 17.5)
 (8, 14.7) (9, 17.5) (9, 20.9) (9, 17. ) (8, 16. ) (8, 15.4) (9, 17.9)
 (8, 15.2) (8, 15.1) (8, 15.3) (9, 17.2) (8, 15.9) (6, 10. ) (6,  9.9)
 (6, 10.3) (8, 15.4) (7, 12.7) (7, 13.2) (8, 15.3) (9, 17.9) (9, 18. )
 (9, 17.6) (8, 16. ) (8, 14.9) (9, 17.1) (9, 18.2) (9, 16.8) (7, 13.6)
 (8, 14.5) (7, 12.4) (6, 10.4) (5,  9.1) (5,  8.9) (8, 14.5) (7, 12.6)
 (5,  8.6) (6, 10.8) (6, 11.2) (7, 12.1) (6, 10.8) (6, 11.4) (7, 12. )
 (9, 16.3) (7, 12.7) (7, 12.7) (7, 12. ) (6, 11.5) (7, 13. ) (6, 11.7)
 (8, 14.8) (5,  7.7) (3,  4.4) (5,  7.4) (5,  8.3) (6, 10.1) (7, 12. )
 (7, 12.9) (6, 10.8) (5,  9.5) (7, 12.1) (7, 12.5) (7, 13.9) (7, 13.3)
 (7, 13.2) (7, 12.3) (7, 13.8) (6, 11.3) (6, 11.7) (7, 12.5) (8, 15.1)
 (6, 11.5) (7, 13. ) (6, 11.6) (7, 12.8) (8, 15.5) (7, 13.1) (7, 12.6)
 (3,  4.4) (3,  4.4) (4,  7.1) (3,  4.2) (5,  9.6) (3,  3.5) (4,  5.3)
 (4,  7. ) (1,  0.4) (3,  3.2) (4,  5.9) (5,  8.1) (4,  6.9) (4,  5.6)
 (4,  7.2) (4,  7.1) (4,  6.1) (4,  7.1) (4,  5.6) (4,  5.4) (4,  6.3)
 (4,  5.3) (5,  7.9) (5,  8.4) (5,  8.1) (2,  2.4) (4,  5.6) (5,  7.5)
 (2,  2.5) (3,  5. ) (3,  3.8) (5,  7.9) (3,  4.3) (0, -2.1) (0, -1.8)
 (3,  3.8) (2,  2.1) (1,  0.5) (1, -0.9) (1,  0.4) (5,  7.5) (5,  8.3)
 (1, -0.2) (1,  0.1) (2,  1.5) (5,  8.3) (5,  9.4) (2,  1.3) (2,  2.2)
 (1, -0.4) (3,  4.5) (5,  7.9) (3,  4.3) (0, -2.7) (1,  0.3) (3,  3.8)
 (2,  2.4) (2,  1.2) (2,  1.2) (1, -0.3) (3,  4.7) (3,  4.9) (2,  1.4)
 (2,  2.2) (1, -0.1) (1, -0.9) (1,  0.6) (3,  4.6) (6,  9.8) (6, 10.6)
 (5,  7.8) (3,  4.4) (1, -0.2) (3,  4.3) (5,  7.4) (5,  8.6) (6, 10.2)
 (5,  7.3) (5,  8.7) (1,  1. ) (2,  2.1) (4,  6.4) (4,  5.4) (1,  0.4)
 (3,  4. ) (5,  8.4) (1,  0.4) (3,  4.2) (1,  0.9) (1,  0.8) (3,  4.3)
 (4,  6.3) (3,  3.5) (0, -1.5) (2,  1.2) (1,  0.5) (4,  5.3) (4,  6.6)
 (0, -1.6) (0, -3.1) (1, -0.1) (1, -0.6) (2,  3. ) (2,  2.9) (0, -1.3)
 (2,  1.8) (2,  2.9) (0, -2.6) (1,  0.5) (2,  2.7) (0, -1.7) (1, -0.9)
 (0, -1.8) (2,  1.3) (2,  2.4) (1, -1.1) (2,  2.3) (0, -2.2) (0, -3.5)
 (1, -1. ) (0, -2.1) (0, -2. ) (0, -2.3) (0, -1.6) (1,  0.8) (0, -2.8)
 (0, -2.8) (2,  3. ) (3,  4.4) (2,  2.3) (0, -2. ) (0, -1.9) (3,  4.8)
 (1, -0.6) (2,  3.1) (0, -2.9) (0, -3.5) (1, -0.3) (1,  0.1) (2,  2.3)
 (2,  2.1) (3,  4.6) (3,  3.7) (0, -1.3) (0, -3.4) (0, -5.3) (1,  0. )
 (2,  2.4) (1, -0.6) (2,  2.3) (0, -3.7) (1, -0.9) (0, -1.5) (0, -3.3)
 (1, -0.1) (1, -0.2) (1,  0.5) (4,  6.1) (3,  4.1) (1,  0.1) (3,  3.2)
 (4,  5.4) (4,  5.8) (4,  6.3) (1, -0.9) (1,  0.2) (0, -3.7) (0, -2.7)
 (0, -2.5) (1, -0.5) (5,  9. ) (7, 13.1) (5,  8.7) (3,  3.9) (1,  0.7)
 (2,  1.1) (3,  5.1) (5,  7.5) (3,  4.7) (3,  3.2) (5,  7.8) (2,  2.4)
 (3,  3.2) (2,  2.5) (4,  6.5) (8, 14.4) (3,  4.9) (2,  2.3) (2,  1.4)
 (4,  5.6) (9, 16.8) (8, 14.4) (6, 10.3) (6, 11.2) (1,  0.3) (1,  0.5)
 (1,  0.5) (3,  4.6) (5,  8.2) (3,  4.5) (4,  6.7) (7, 11.9) (5,  9.2)
 (3,  4.4) (3,  5. ) (4,  6.7) (5,  8.3) (6, 11.3) (5,  9. ) (3,  3.4)
 (3,  3.2) (1,  0.9) (3,  3.3) (5,  7.9) (5,  9. ) (4,  7.1) (7, 12.5)
 (7, 12.5) (7, 12.3)]


analyzing the results:
number of max cluster size: 10
number of actually used clusters: 10
min value of all elements: -5.3
max value of all elements: 20.9
mean of all elements: 7.2655737704918035
median of all elements: 7.45
standard deviation of all elements: 6.017562236643699
variance of all elements: 36.21105527188032
distribution of all clusters: [0 0 0 0 0 0 0 0 0 0 0 0 0 0 0 0 0 0 0 0 0 0 0 0 0 0 0 0 0 0 0 1 1 1 1 1 1
 1 1 1 1 1 1 1 1 1 1 1 1 1 1 1 1 1 1 1 1 1 1 1 1 1 1 1 1 1 1 1 1 1 1 1 1 1
 1 2 2 2 2 2 2 2 2 2 2 2 2 2 2 2 2 2 2 2 2 2 2 2 2 2 2 2 2 2 2 2 2 2 3 3 3
 3 3 3 3 3 3 3 3 3 3 3 3 3 3 3 3 3 3 3 3 3 3 3 3 3 3 3 3 3 3 3 3 3 3 3 3 3
 3 4 4 4 4 4 4 4 4 4 4 4 4 4 4 4 4 4 4 4 4 4 4 4 4 4 4 4 4 4 4 4 5 5 5 5 5
 5 5 5 5 5 5 5 5 5 5 5 5 5 5 5 5 5 5 5 5 5 5 5 5 5 5 5 5 5 5 5 5 5 5 5 5 5
 5 5 5 5 6 6 6 6 6 6 6 6 6 6 6 6 6 6 6 6 6 6 6 6 6 6 6 6 6 6 6 6 6 6 6 6 7
 7 7 7 7 7 7 7 7 7 7 7 7 7 7 7 7 7 7 7 7 7 7 7 7 7 7 7 7 7 7 7 7 7 7 7 7 7
 7 7 7 7 7 7 7 7 7 7 8 8 8 8 8 8 8 8 8 8 8 8 8 8 8 8 8 8 8 8 8 8 8 8 8 8 8
 8 8 8 8 8 8 8 8 8 8 9 9 9 9 9 9 9 9 9 9 9 9 9 9 9 9 9 9 9 9 9 9 9]

cluster #0: 	sum elements:31  	min value: -5.3 	max value: -1.3 	mean: -2.5 	std deviation: 0.902 	median: -2.3
cluster #0 homoscedasticity NOT given with ratio = 5.444444444444444
cluster #1: 	sum elements:44  	min value: -1.1 	max value: 1.0 	mean: 0.0 	std deviation: 0.595 	median: 0.1
cluster #1 homoscedasticity given with ratio = 1.2100000000000002
cluster #2: 	sum elements:33  	min value: 1.1 	max value: 3.1 	mean: 2.1 	std deviation: 0.596 	median: 2.3
cluster #2 homoscedasticity given with ratio = 0
cluster #3: 	sum elements:41  	min value: 3.2 	max value: 5.1 	mean: 4.2 	std deviation: 0.573 	median: 4.3
cluster #3 homoscedasticity given with ratio = 1.2345679012345694
cluster #4: 	sum elements:31  	min value: 5.3 	max value: 7.2 	mean: 6.2 	std deviation: 0.639 	median: 6.2
cluster #4 homoscedasticity given with ratio = 1.234567901234567
cluster #5: 	sum elements:46  	min value: 7.3 	max value: 9.6 	mean: 8.4 	std deviation: 0.651 	median: 8.3
cluster #5 homoscedasticity given with ratio = 1.1900826446280968
cluster #6: 	sum elements:32  	min value: 9.8 	max value: 11.8 	mean: 10.9 	std deviation: 0.679 	median: 10.8
cluster #6 homoscedasticity given with ratio = 1.4938271604938251
cluster #7: 	sum elements:48  	min value: 11.9 	max value: 13.9 	mean: 12.8 	std deviation: 0.575 	median: 12.7
cluster #7 homoscedasticity given with ratio = 1.4938271604938251
cluster #8: 	sum elements:37  	min value: 14.0 	max value: 16.0 	mean: 15.1 	std deviation: 0.533 	median: 15.1
cluster #8 homoscedasticity given with ratio = 1.4938271604938251
cluster #9: 	sum elements:23  	min value: 16.3 	max value: 20.9 	mean: 17.4 	std deviation: 1.129 	median: 17.1
cluster #9 homoscedasticity NOT given with ratio = 10.1239669421488
homoscedasticity given for 8 of 10 used clusters

number of elements: 366

built clusters:
cluster #0: -5.3 -- -1.3 (31)
cluster #1: -1.1 -- 1.0 (44)
cluster #2: 1.1 -- 3.1 (33)
cluster #3: 3.2 -- 5.1 (41)
cluster #4: 5.3 -- 7.2 (31)
cluster #5: 7.3 -- 9.6 (46)
cluster #6: 9.8 -- 11.8 (32)
cluster #7: 11.9 -- 13.9 (48)
cluster #8: 14.0 -- 16.0 (37)
cluster #9: 16.3 -- 20.9 (23)

score even distribution (SED) MAX: 3.44e+15
score even distribution (SED) MAX: 3439952678080512.0
SED number of digits: 16

number of used clusters (NUC) MAX: 1.0

sum variances (SV) MIN: 4.872813283733702
sum variances (SV) MIN: 4.87e+00
ratio between SED and sv digits MAX: 0
SUM: NUC(MAX): 1.0	 SED(MAX): 3.44e+15	 SV(MIN): 4.87e+00

Mean Silhouette Coefficient of all clusters MSC(MAX): 0.54
(best value is 1 and the worst value is -1. Values near 0 indicate overlapping clusters)

Davies-Bouldin score DB(MIN): 0.51
(The minimum score is zero, with lower values indicating better clustering.)

finished all 10 trials


Variances (Population):
 NUC: 0.0,
 SED: 5.07E+28,
 SV: 3.09E-03,
 MSC: 2.15E-05



TEST NUCs: [1. 1. 1. 1. 1. 1. 1. 1. 1. 1.]

Process finished with exit code 0
