

TRIAL: 1
***********


starting algorithm at: 12:42:04.934997

finishing algorithm at: 12:42:04.951929

running time of algorithm: 0:00:00.016932

clusters with resulting frequencies:
[(6,  8. ) (2, 14. ) (7, 13.7) (7, 13.3) (6,  7.6) (3,  6.2) (3,  6.1)
 (6,  8.3) (6,  8.8) (6,  8.4) (6,  9.1) (6,  8.5) (0, 10.1) (7, 12.1)
 (0, 10.1) (7, 12.4) (7, 13.8) (7, 11.7) (7, 12.4) (2, 15.6) (2, 15.3)
 (9, 16.4) (7, 12.8) (7, 12. ) (2, 15.4) (2, 15.6) (7, 13.3) (7, 12.9)
 (2, 15.1) (7, 13.6) (2, 15.1) (7, 11.6) (9, 16.6) (7, 13.3) (2, 14.5)
 (9, 16.3) (9, 17.2) (9, 16.5) (2, 15. ) (2, 14.9) (7, 11.8) (7, 11.7)
 (0,  9.6) (6,  8.9) (0, 10.1) (2, 15.5) (0, 10.8) (6,  7.5) (7, 12.8)
 (7, 12.6) (2, 14.8) (8, 19.9) (6,  9.2) (7, 12.4) (0, 11.3) (0,  9.8)
 (2, 14.3) (2, 15.1) (2, 14.4) (2, 15.4) (7, 13.8) (7, 13.6) (2, 14.3)
 (2, 15.9) (9, 16.7) (7, 12.1) (2, 14.3) (9, 16.5) (9, 16.5) (9, 17.5)
 (2, 14.7) (9, 17.5) (8, 20.9) (9, 17. ) (2, 16. ) (2, 15.4) (9, 17.9)
 (2, 15.2) (2, 15.1) (2, 15.3) (9, 17.2) (2, 15.9) (0, 10. ) (0,  9.9)
 (0, 10.3) (2, 15.4) (7, 12.7) (7, 13.2) (2, 15.3) (9, 17.9) (9, 18. )
 (9, 17.6) (2, 16. ) (2, 14.9) (9, 17.1) (9, 18.2) (9, 16.8) (7, 13.6)
 (2, 14.5) (7, 12.4) (0, 10.4) (6,  9.1) (6,  8.9) (2, 14.5) (7, 12.6)
 (6,  8.6) (0, 10.8) (0, 11.2) (7, 12.1) (0, 10.8) (0, 11.4) (7, 12. )
 (9, 16.3) (7, 12.7) (7, 12.7) (7, 12. ) (0, 11.5) (7, 13. ) (7, 11.7)
 (2, 14.8) (6,  7.7) (3,  4.4) (6,  7.4) (6,  8.3) (0, 10.1) (7, 12. )
 (7, 12.9) (0, 10.8) (6,  9.5) (7, 12.1) (7, 12.5) (7, 13.9) (7, 13.3)
 (7, 13.2) (7, 12.3) (7, 13.8) (0, 11.3) (7, 11.7) (7, 12.5) (2, 15.1)
 (0, 11.5) (7, 13. ) (7, 11.6) (7, 12.8) (2, 15.5) (7, 13.1) (7, 12.6)
 (3,  4.4) (3,  4.4) (6,  7.1) (3,  4.2) (0,  9.6) (4,  3.5) (3,  5.3)
 (6,  7. ) (1,  0.4) (4,  3.2) (3,  5.9) (6,  8.1) (6,  6.9) (3,  5.6)
 (6,  7.2) (6,  7.1) (3,  6.1) (6,  7.1) (3,  5.6) (3,  5.4) (3,  6.3)
 (3,  5.3) (6,  7.9) (6,  8.4) (6,  8.1) (4,  2.4) (3,  5.6) (6,  7.5)
 (4,  2.5) (3,  5. ) (3,  3.8) (6,  7.9) (3,  4.3) (5, -2.1) (5, -1.8)
 (3,  3.8) (4,  2.1) (1,  0.5) (1, -0.9) (1,  0.4) (6,  7.5) (6,  8.3)
 (1, -0.2) (1,  0.1) (1,  1.5) (6,  8.3) (6,  9.4) (1,  1.3) (4,  2.2)
 (1, -0.4) (3,  4.5) (6,  7.9) (3,  4.3) (5, -2.7) (1,  0.3) (3,  3.8)
 (4,  2.4) (1,  1.2) (1,  1.2) (1, -0.3) (3,  4.7) (3,  4.9) (1,  1.4)
 (4,  2.2) (1, -0.1) (1, -0.9) (1,  0.6) (3,  4.6) (0,  9.8) (0, 10.6)
 (6,  7.8) (3,  4.4) (1, -0.2) (3,  4.3) (6,  7.4) (6,  8.6) (0, 10.2)
 (6,  7.3) (6,  8.7) (1,  1. ) (4,  2.1) (3,  6.4) (3,  5.4) (1,  0.4)
 (3,  4. ) (6,  8.4) (1,  0.4) (3,  4.2) (1,  0.9) (1,  0.8) (3,  4.3)
 (3,  6.3) (4,  3.5) (5, -1.5) (1,  1.2) (1,  0.5) (3,  5.3) (6,  6.6)
 (5, -1.6) (5, -3.1) (1, -0.1) (1, -0.6) (4,  3. ) (4,  2.9) (5, -1.3)
 (4,  1.8) (4,  2.9) (5, -2.6) (1,  0.5) (4,  2.7) (5, -1.7) (1, -0.9)
 (5, -1.8) (1,  1.3) (4,  2.4) (5, -1.1) (4,  2.3) (5, -2.2) (5, -3.5)
 (1, -1. ) (5, -2.1) (5, -2. ) (5, -2.3) (5, -1.6) (1,  0.8) (5, -2.8)
 (5, -2.8) (4,  3. ) (3,  4.4) (4,  2.3) (5, -2. ) (5, -1.9) (3,  4.8)
 (1, -0.6) (4,  3.1) (5, -2.9) (5, -3.5) (1, -0.3) (1,  0.1) (4,  2.3)
 (4,  2.1) (3,  4.6) (3,  3.7) (5, -1.3) (5, -3.4) (5, -5.3) (1,  0. )
 (4,  2.4) (1, -0.6) (4,  2.3) (5, -3.7) (1, -0.9) (5, -1.5) (5, -3.3)
 (1, -0.1) (1, -0.2) (1,  0.5) (3,  6.1) (3,  4.1) (1,  0.1) (4,  3.2)
 (3,  5.4) (3,  5.8) (3,  6.3) (1, -0.9) (1,  0.2) (5, -3.7) (5, -2.7)
 (5, -2.5) (1, -0.5) (6,  9. ) (7, 13.1) (6,  8.7) (3,  3.9) (1,  0.7)
 (1,  1.1) (3,  5.1) (6,  7.5) (3,  4.7) (4,  3.2) (6,  7.8) (4,  2.4)
 (4,  3.2) (4,  2.5) (6,  6.5) (2, 14.4) (3,  4.9) (4,  2.3) (1,  1.4)
 (3,  5.6) (9, 16.8) (2, 14.4) (0, 10.3) (0, 11.2) (1,  0.3) (1,  0.5)
 (1,  0.5) (3,  4.6) (6,  8.2) (3,  4.5) (6,  6.7) (7, 11.9) (6,  9.2)
 (3,  4.4) (3,  5. ) (6,  6.7) (6,  8.3) (0, 11.3) (6,  9. ) (4,  3.4)
 (4,  3.2) (1,  0.9) (4,  3.3) (6,  7.9) (6,  9. ) (6,  7.1) (7, 12.5)
 (7, 12.5) (7, 12.3)]


analyzing the results:
number of max cluster size: 10
number of actually used clusters: 10
min value of all elements: -5.3
max value of all elements: 20.9
mean of all elements: 7.2655737704918035
median of all elements: 7.45
standard deviation of all elements: 6.017562236643699
variance of all elements: 36.21105527188032
distribution of all clusters: [0 0 0 0 0 0 0 0 0 0 0 0 0 0 0 0 0 0 0 0 0 0 0 0 0 0 0 1 1 1 1 1 1 1 1 1 1
 1 1 1 1 1 1 1 1 1 1 1 1 1 1 1 1 1 1 1 1 1 1 1 1 1 1 1 1 1 1 1 1 1 1 1 1 1
 1 1 1 1 1 2 2 2 2 2 2 2 2 2 2 2 2 2 2 2 2 2 2 2 2 2 2 2 2 2 2 2 2 2 2 2 2
 2 2 2 2 2 3 3 3 3 3 3 3 3 3 3 3 3 3 3 3 3 3 3 3 3 3 3 3 3 3 3 3 3 3 3 3 3
 3 3 3 3 3 3 3 3 3 3 3 3 3 3 3 3 3 3 3 3 4 4 4 4 4 4 4 4 4 4 4 4 4 4 4 4 4
 4 4 4 4 4 4 4 4 4 4 4 4 4 4 4 4 5 5 5 5 5 5 5 5 5 5 5 5 5 5 5 5 5 5 5 5 5
 5 5 5 5 5 5 5 5 5 5 5 6 6 6 6 6 6 6 6 6 6 6 6 6 6 6 6 6 6 6 6 6 6 6 6 6 6
 6 6 6 6 6 6 6 6 6 6 6 6 6 6 6 6 6 6 6 6 6 6 6 6 6 6 6 6 6 7 7 7 7 7 7 7 7
 7 7 7 7 7 7 7 7 7 7 7 7 7 7 7 7 7 7 7 7 7 7 7 7 7 7 7 7 7 7 7 7 7 7 7 7 7
 7 7 7 7 7 7 7 7 7 7 8 8 9 9 9 9 9 9 9 9 9 9 9 9 9 9 9 9 9 9 9 9 9]

cluster #0: 	sum elements:27  	min value: 9.6 	max value: 11.5 	mean: 10.5 	std deviation: 0.622 	median: 10.4
cluster #0 homoscedasticity given with ratio = 1.234567901234567
cluster #1: 	sum elements:52  	min value: -1.0 	max value: 1.5 	mean: 0.3 	std deviation: 0.71 	median: 0.35
cluster #1 homoscedasticity given with ratio = 1.1736111111111114
cluster #2: 	sum elements:37  	min value: 14.0 	max value: 16.0 	mean: 15.1 	std deviation: 0.533 	median: 15.1
cluster #2 homoscedasticity given with ratio = 1.4938271604938251
cluster #3: 	sum elements:52  	min value: 3.7 	max value: 6.4 	mean: 4.9 	std deviation: 0.782 	median: 4.75
cluster #3 homoscedasticity NOT given with ratio = 1.5624999999999996
cluster #4: 	sum elements:33  	min value: 1.8 	max value: 3.5 	mean: 2.7 	std deviation: 0.484 	median: 2.5
cluster #4 homoscedasticity given with ratio = 1.265625000000001
cluster #5: 	sum elements:32  	min value: -5.3 	max value: -1.1 	mean: -2.4 	std deviation: 0.92 	median: -2.25
cluster #5 homoscedasticity NOT given with ratio = 4.976331360946747
cluster #6: 	sum elements:55  	min value: 6.5 	max value: 9.5 	mean: 8.0 	std deviation: 0.792 	median: 8.1
cluster #6 homoscedasticity given with ratio = 0
cluster #7: 	sum elements:55  	min value: 11.6 	max value: 13.9 	mean: 12.7 	std deviation: 0.654 	median: 12.6
cluster #7 homoscedasticity given with ratio = 1.190082644628102
cluster #8: 	sum elements:2  	min value: 19.9 	max value: 20.9 	mean: 20.4 	std deviation: 0.707 	median: 20.4
cluster #8 homoscedasticity given with ratio = 0
cluster #9: 	sum elements:21  	min value: 16.3 	max value: 18.2 	mean: 17.1 	std deviation: 0.605 	median: 17.0
cluster #9 homoscedasticity NOT given with ratio = 1.8906249999999893
homoscedasticity given for 7 of 10 used clusters

number of elements: 366

built clusters:
cluster #5: -5.3 -- -1.1 (32)
cluster #1: -1.0 -- 1.5 (52)
cluster #4: 1.8 -- 3.5 (33)
cluster #3: 3.7 -- 6.4 (52)
cluster #6: 6.5 -- 9.5 (55)
cluster #0: 9.6 -- 11.5 (27)
cluster #7: 11.6 -- 13.9 (55)
cluster #2: 14.0 -- 16.0 (37)
cluster #9: 16.3 -- 18.2 (21)
cluster #8: 19.9 -- 20.9 (2)

score even distribution (SED) MAX: 3.62e+14
score even distribution (SED) MAX: 362418837580800.0
SED number of digits: 15

number of used clusters (NUC) MAX: 1.0

sum variances (SV) MIN: 4.425828390426341
sum variances (SV) MIN: 4.43e+00
ratio between SED and sv digits MAX: 0
SUM: NUC(MAX): 1.0	 SED(MAX): 3.62e+14	 SV(MIN): 4.43e+00

Mean Silhouette Coefficient of all clusters MSC(MAX): 0.56
(best value is 1 and the worst value is -1. Values near 0 indicate overlapping clusters)

Davies-Bouldin score DB(MIN): 0.47
(The minimum score is zero, with lower values indicating better clustering.)


TRIAL: 2
***********


starting algorithm at: 12:42:04.969729

finishing algorithm at: 12:42:04.978111

running time of algorithm: 0:00:00.008382

clusters with resulting frequencies:
[(4,  8. ) (5, 14. ) (5, 13.7) (1, 13.3) (4,  7.6) (4,  6.2) (4,  6.1)
 (4,  8.3) (7,  8.8) (4,  8.4) (7,  9.1) (4,  8.5) (7, 10.1) (1, 12.1)
 (7, 10.1) (1, 12.4) (5, 13.8) (1, 11.7) (1, 12.4) (5, 15.6) (5, 15.3)
 (3, 16.4) (1, 12.8) (1, 12. ) (5, 15.4) (5, 15.6) (1, 13.3) (1, 12.9)
 (5, 15.1) (1, 13.6) (5, 15.1) (1, 11.6) (3, 16.6) (1, 13.3) (5, 14.5)
 (3, 16.3) (3, 17.2) (3, 16.5) (5, 15. ) (5, 14.9) (1, 11.8) (1, 11.7)
 (7,  9.6) (7,  8.9) (7, 10.1) (5, 15.5) (7, 10.8) (4,  7.5) (1, 12.8)
 (1, 12.6) (5, 14.8) (3, 19.9) (7,  9.2) (1, 12.4) (1, 11.3) (7,  9.8)
 (5, 14.3) (5, 15.1) (5, 14.4) (5, 15.4) (5, 13.8) (1, 13.6) (5, 14.3)
 (5, 15.9) (3, 16.7) (1, 12.1) (5, 14.3) (3, 16.5) (3, 16.5) (3, 17.5)
 (5, 14.7) (3, 17.5) (3, 20.9) (3, 17. ) (5, 16. ) (5, 15.4) (3, 17.9)
 (5, 15.2) (5, 15.1) (5, 15.3) (3, 17.2) (5, 15.9) (7, 10. ) (7,  9.9)
 (7, 10.3) (5, 15.4) (1, 12.7) (1, 13.2) (5, 15.3) (3, 17.9) (3, 18. )
 (3, 17.6) (5, 16. ) (5, 14.9) (3, 17.1) (3, 18.2) (3, 16.8) (1, 13.6)
 (5, 14.5) (1, 12.4) (7, 10.4) (7,  9.1) (7,  8.9) (5, 14.5) (1, 12.6)
 (4,  8.6) (7, 10.8) (1, 11.2) (1, 12.1) (7, 10.8) (1, 11.4) (1, 12. )
 (3, 16.3) (1, 12.7) (1, 12.7) (1, 12. ) (1, 11.5) (1, 13. ) (1, 11.7)
 (5, 14.8) (4,  7.7) (0,  4.4) (4,  7.4) (4,  8.3) (7, 10.1) (1, 12. )
 (1, 12.9) (7, 10.8) (7,  9.5) (1, 12.1) (1, 12.5) (5, 13.9) (1, 13.3)
 (1, 13.2) (1, 12.3) (5, 13.8) (1, 11.3) (1, 11.7) (1, 12.5) (5, 15.1)
 (1, 11.5) (1, 13. ) (1, 11.6) (1, 12.8) (5, 15.5) (1, 13.1) (1, 12.6)
 (0,  4.4) (0,  4.4) (4,  7.1) (0,  4.2) (7,  9.6) (0,  3.5) (0,  5.3)
 (4,  7. ) (8,  0.4) (6,  3.2) (0,  5.9) (4,  8.1) (4,  6.9) (0,  5.6)
 (4,  7.2) (4,  7.1) (4,  6.1) (4,  7.1) (0,  5.6) (0,  5.4) (4,  6.3)
 (0,  5.3) (4,  7.9) (4,  8.4) (4,  8.1) (6,  2.4) (0,  5.6) (4,  7.5)
 (6,  2.5) (0,  5. ) (0,  3.8) (4,  7.9) (0,  4.3) (2, -2.1) (2, -1.8)
 (0,  3.8) (6,  2.1) (8,  0.5) (2, -0.9) (8,  0.4) (4,  7.5) (4,  8.3)
 (8, -0.2) (8,  0.1) (8,  1.5) (4,  8.3) (7,  9.4) (8,  1.3) (6,  2.2)
 (8, -0.4) (0,  4.5) (4,  7.9) (0,  4.3) (9, -2.7) (8,  0.3) (0,  3.8)
 (6,  2.4) (8,  1.2) (8,  1.2) (8, -0.3) (0,  4.7) (0,  4.9) (8,  1.4)
 (6,  2.2) (8, -0.1) (2, -0.9) (8,  0.6) (0,  4.6) (7,  9.8) (7, 10.6)
 (4,  7.8) (0,  4.4) (8, -0.2) (0,  4.3) (4,  7.4) (4,  8.6) (7, 10.2)
 (4,  7.3) (4,  8.7) (8,  1. ) (6,  2.1) (4,  6.4) (0,  5.4) (8,  0.4)
 (0,  4. ) (4,  8.4) (8,  0.4) (0,  4.2) (8,  0.9) (8,  0.8) (0,  4.3)
 (4,  6.3) (0,  3.5) (2, -1.5) (8,  1.2) (8,  0.5) (0,  5.3) (4,  6.6)
 (2, -1.6) (9, -3.1) (8, -0.1) (2, -0.6) (6,  3. ) (6,  2.9) (2, -1.3)
 (6,  1.8) (6,  2.9) (9, -2.6) (8,  0.5) (6,  2.7) (2, -1.7) (2, -0.9)
 (2, -1.8) (8,  1.3) (6,  2.4) (2, -1.1) (6,  2.3) (2, -2.2) (9, -3.5)
 (2, -1. ) (2, -2.1) (2, -2. ) (9, -2.3) (2, -1.6) (8,  0.8) (9, -2.8)
 (9, -2.8) (6,  3. ) (0,  4.4) (6,  2.3) (2, -2. ) (2, -1.9) (0,  4.8)
 (2, -0.6) (6,  3.1) (9, -2.9) (9, -3.5) (8, -0.3) (8,  0.1) (6,  2.3)
 (6,  2.1) (0,  4.6) (0,  3.7) (2, -1.3) (9, -3.4) (9, -5.3) (8,  0. )
 (6,  2.4) (2, -0.6) (6,  2.3) (9, -3.7) (2, -0.9) (2, -1.5) (9, -3.3)
 (8, -0.1) (8, -0.2) (8,  0.5) (4,  6.1) (0,  4.1) (8,  0.1) (6,  3.2)
 (0,  5.4) (0,  5.8) (4,  6.3) (2, -0.9) (8,  0.2) (9, -3.7) (9, -2.7)
 (9, -2.5) (8, -0.5) (7,  9. ) (1, 13.1) (4,  8.7) (0,  3.9) (8,  0.7)
 (8,  1.1) (0,  5.1) (4,  7.5) (0,  4.7) (6,  3.2) (4,  7.8) (6,  2.4)
 (6,  3.2) (6,  2.5) (4,  6.5) (5, 14.4) (0,  4.9) (6,  2.3) (8,  1.4)
 (0,  5.6) (3, 16.8) (5, 14.4) (7, 10.3) (1, 11.2) (8,  0.3) (8,  0.5)
 (8,  0.5) (0,  4.6) (4,  8.2) (0,  4.5) (4,  6.7) (1, 11.9) (7,  9.2)
 (0,  4.4) (0,  5. ) (4,  6.7) (4,  8.3) (1, 11.3) (7,  9. ) (6,  3.4)
 (6,  3.2) (8,  0.9) (6,  3.3) (4,  7.9) (7,  9. ) (4,  7.1) (1, 12.5)
 (1, 12.5) (1, 12.3)]


analyzing the results:
number of max cluster size: 10
number of actually used clusters: 10
min value of all elements: -5.3
max value of all elements: 20.9
mean of all elements: 7.2655737704918035
median of all elements: 7.45
standard deviation of all elements: 6.017562236643699
variance of all elements: 36.21105527188032
distribution of all clusters: [0 0 0 0 0 0 0 0 0 0 0 0 0 0 0 0 0 0 0 0 0 0 0 0 0 0 0 0 0 0 0 0 0 0 0 0 0
 0 0 0 0 0 0 0 0 0 1 1 1 1 1 1 1 1 1 1 1 1 1 1 1 1 1 1 1 1 1 1 1 1 1 1 1 1
 1 1 1 1 1 1 1 1 1 1 1 1 1 1 1 1 1 1 1 1 1 1 1 1 1 1 1 1 1 1 2 2 2 2 2 2 2
 2 2 2 2 2 2 2 2 2 2 2 2 2 2 2 2 2 2 3 3 3 3 3 3 3 3 3 3 3 3 3 3 3 3 3 3 3
 3 3 3 3 4 4 4 4 4 4 4 4 4 4 4 4 4 4 4 4 4 4 4 4 4 4 4 4 4 4 4 4 4 4 4 4 4
 4 4 4 4 4 4 4 4 4 4 4 4 4 4 4 4 4 4 5 5 5 5 5 5 5 5 5 5 5 5 5 5 5 5 5 5 5
 5 5 5 5 5 5 5 5 5 5 5 5 5 5 5 5 5 5 5 5 5 5 5 6 6 6 6 6 6 6 6 6 6 6 6 6 6
 6 6 6 6 6 6 6 6 6 6 6 6 6 6 6 6 6 7 7 7 7 7 7 7 7 7 7 7 7 7 7 7 7 7 7 7 7
 7 7 7 7 7 7 7 7 7 7 7 8 8 8 8 8 8 8 8 8 8 8 8 8 8 8 8 8 8 8 8 8 8 8 8 8 8
 8 8 8 8 8 8 8 8 8 8 8 8 8 8 8 8 8 9 9 9 9 9 9 9 9 9 9 9 9 9 9 9 9]

cluster #0: 	sum elements:46  	min value: 3.5 	max value: 5.9 	mean: 4.7 	std deviation: 0.639 	median: 4.55
cluster #0 homoscedasticity given with ratio = 0
cluster #1: 	sum elements:58  	min value: 11.2 	max value: 13.6 	mean: 12.4 	std deviation: 0.674 	median: 12.4
cluster #1 homoscedasticity given with ratio = 1.0000000000000029
cluster #2: 	sum elements:25  	min value: -2.2 	max value: -0.6 	mean: -1.4 	std deviation: 0.522 	median: -1.5
cluster #2 homoscedasticity given with ratio = 1.0000000000000009
cluster #3: 	sum elements:23  	min value: 16.3 	max value: 20.9 	mean: 17.4 	std deviation: 1.129 	median: 17.1
cluster #3 homoscedasticity NOT given with ratio = 10.1239669421488
cluster #4: 	sum elements:51  	min value: 6.1 	max value: 8.7 	mean: 7.5 	std deviation: 0.798 	median: 7.5
cluster #4 homoscedasticity given with ratio = 1.3611111111111134
cluster #5: 	sum elements:42  	min value: 13.7 	max value: 16.0 	mean: 14.9 	std deviation: 0.647 	median: 15.05
cluster #5 homoscedasticity given with ratio = 1.190082644628102
cluster #6: 	sum elements:31  	min value: 1.8 	max value: 3.4 	mean: 2.6 	std deviation: 0.449 	median: 2.4
cluster #6 homoscedasticity given with ratio = 1.0000000000000007
cluster #7: 	sum elements:31  	min value: 8.8 	max value: 10.8 	mean: 9.8 	std deviation: 0.649 	median: 9.8
cluster #7 homoscedasticity given with ratio = 0
cluster #8: 	sum elements:43  	min value: -0.5 	max value: 1.5 	mean: 0.5 	std deviation: 0.558 	median: 0.5
cluster #8 homoscedasticity given with ratio = 0
cluster #9: 	sum elements:16  	min value: -5.3 	max value: -2.3 	mean: -3.2 	std deviation: 0.717 	median: -3.0
cluster #9 homoscedasticity NOT given with ratio = 5.444444444444438
homoscedasticity given for 8 of 10 used clusters

number of elements: 366

built clusters:
cluster #9: -5.3 -- -2.3 (16)
cluster #2: -2.2 -- -0.6 (25)
cluster #8: -0.5 -- 1.5 (43)
cluster #6: 1.8 -- 3.4 (31)
cluster #0: 3.5 -- 5.9 (46)
cluster #4: 6.1 -- 8.7 (51)
cluster #7: 8.8 -- 10.8 (31)
cluster #1: 11.2 -- 13.6 (58)
cluster #5: 13.7 -- 16.0 (42)
cluster #3: 16.3 -- 20.9 (23)

score even distribution (SED) MAX: 2.17e+15
score even distribution (SED) MAX: 2172625949289600.0
SED number of digits: 16

number of used clusters (NUC) MAX: 1.0

sum variances (SV) MIN: 4.749286253770154
sum variances (SV) MIN: 4.75e+00
ratio between SED and sv digits MAX: 0
SUM: NUC(MAX): 1.0	 SED(MAX): 2.17e+15	 SV(MIN): 4.75e+00

Mean Silhouette Coefficient of all clusters MSC(MAX): 0.55
(best value is 1 and the worst value is -1. Values near 0 indicate overlapping clusters)

Davies-Bouldin score DB(MIN): 0.51
(The minimum score is zero, with lower values indicating better clustering.)


TRIAL: 3
***********


starting algorithm at: 12:42:04.992346

finishing algorithm at: 12:42:05.003799

running time of algorithm: 0:00:00.011453

clusters with resulting frequencies:
[(6,  8. ) (7, 14. ) (4, 13.7) (4, 13.3) (6,  7.6) (9,  6.2) (9,  6.1)
 (6,  8.3) (6,  8.8) (6,  8.4) (3,  9.1) (6,  8.5) (3, 10.1) (4, 12.1)
 (3, 10.1) (4, 12.4) (7, 13.8) (4, 11.7) (4, 12.4) (7, 15.6) (7, 15.3)
 (0, 16.4) (4, 12.8) (4, 12. ) (7, 15.4) (7, 15.6) (4, 13.3) (4, 12.9)
 (7, 15.1) (4, 13.6) (7, 15.1) (4, 11.6) (0, 16.6) (4, 13.3) (7, 14.5)
 (0, 16.3) (0, 17.2) (0, 16.5) (7, 15. ) (7, 14.9) (4, 11.8) (4, 11.7)
 (3,  9.6) (6,  8.9) (3, 10.1) (7, 15.5) (3, 10.8) (6,  7.5) (4, 12.8)
 (4, 12.6) (7, 14.8) (0, 19.9) (3,  9.2) (4, 12.4) (4, 11.3) (3,  9.8)
 (7, 14.3) (7, 15.1) (7, 14.4) (7, 15.4) (7, 13.8) (4, 13.6) (7, 14.3)
 (7, 15.9) (0, 16.7) (4, 12.1) (7, 14.3) (0, 16.5) (0, 16.5) (0, 17.5)
 (7, 14.7) (0, 17.5) (0, 20.9) (0, 17. ) (7, 16. ) (7, 15.4) (0, 17.9)
 (7, 15.2) (7, 15.1) (7, 15.3) (0, 17.2) (7, 15.9) (3, 10. ) (3,  9.9)
 (3, 10.3) (7, 15.4) (4, 12.7) (4, 13.2) (7, 15.3) (0, 17.9) (0, 18. )
 (0, 17.6) (7, 16. ) (7, 14.9) (0, 17.1) (0, 18.2) (0, 16.8) (4, 13.6)
 (7, 14.5) (4, 12.4) (3, 10.4) (3,  9.1) (6,  8.9) (7, 14.5) (4, 12.6)
 (6,  8.6) (3, 10.8) (4, 11.2) (4, 12.1) (3, 10.8) (4, 11.4) (4, 12. )
 (0, 16.3) (4, 12.7) (4, 12.7) (4, 12. ) (4, 11.5) (4, 13. ) (4, 11.7)
 (7, 14.8) (6,  7.7) (1,  4.4) (6,  7.4) (6,  8.3) (3, 10.1) (4, 12. )
 (4, 12.9) (3, 10.8) (3,  9.5) (4, 12.1) (4, 12.5) (7, 13.9) (4, 13.3)
 (4, 13.2) (4, 12.3) (7, 13.8) (4, 11.3) (4, 11.7) (4, 12.5) (7, 15.1)
 (4, 11.5) (4, 13. ) (4, 11.6) (4, 12.8) (7, 15.5) (4, 13.1) (4, 12.6)
 (1,  4.4) (1,  4.4) (6,  7.1) (1,  4.2) (3,  9.6) (1,  3.5) (9,  5.3)
 (6,  7. ) (2,  0.4) (5,  3.2) (9,  5.9) (6,  8.1) (6,  6.9) (9,  5.6)
 (6,  7.2) (6,  7.1) (9,  6.1) (6,  7.1) (9,  5.6) (9,  5.4) (9,  6.3)
 (9,  5.3) (6,  7.9) (6,  8.4) (6,  8.1) (5,  2.4) (9,  5.6) (6,  7.5)
 (5,  2.5) (1,  5. ) (1,  3.8) (6,  7.9) (1,  4.3) (8, -2.1) (8, -1.8)
 (1,  3.8) (5,  2.1) (2,  0.5) (2, -0.9) (2,  0.4) (6,  7.5) (6,  8.3)
 (2, -0.2) (2,  0.1) (2,  1.5) (6,  8.3) (3,  9.4) (2,  1.3) (5,  2.2)
 (2, -0.4) (1,  4.5) (6,  7.9) (1,  4.3) (8, -2.7) (2,  0.3) (1,  3.8)
 (5,  2.4) (2,  1.2) (2,  1.2) (2, -0.3) (1,  4.7) (1,  4.9) (2,  1.4)
 (5,  2.2) (2, -0.1) (2, -0.9) (2,  0.6) (1,  4.6) (3,  9.8) (3, 10.6)
 (6,  7.8) (1,  4.4) (2, -0.2) (1,  4.3) (6,  7.4) (6,  8.6) (3, 10.2)
 (6,  7.3) (6,  8.7) (2,  1. ) (5,  2.1) (9,  6.4) (9,  5.4) (2,  0.4)
 (1,  4. ) (6,  8.4) (2,  0.4) (1,  4.2) (2,  0.9) (2,  0.8) (1,  4.3)
 (9,  6.3) (1,  3.5) (8, -1.5) (2,  1.2) (2,  0.5) (9,  5.3) (9,  6.6)
 (8, -1.6) (8, -3.1) (2, -0.1) (2, -0.6) (5,  3. ) (5,  2.9) (8, -1.3)
 (5,  1.8) (5,  2.9) (8, -2.6) (2,  0.5) (5,  2.7) (8, -1.7) (2, -0.9)
 (8, -1.8) (2,  1.3) (5,  2.4) (8, -1.1) (5,  2.3) (8, -2.2) (8, -3.5)
 (8, -1. ) (8, -2.1) (8, -2. ) (8, -2.3) (8, -1.6) (2,  0.8) (8, -2.8)
 (8, -2.8) (5,  3. ) (1,  4.4) (5,  2.3) (8, -2. ) (8, -1.9) (1,  4.8)
 (2, -0.6) (5,  3.1) (8, -2.9) (8, -3.5) (2, -0.3) (2,  0.1) (5,  2.3)
 (5,  2.1) (1,  4.6) (1,  3.7) (8, -1.3) (8, -3.4) (8, -5.3) (2,  0. )
 (5,  2.4) (2, -0.6) (5,  2.3) (8, -3.7) (2, -0.9) (8, -1.5) (8, -3.3)
 (2, -0.1) (2, -0.2) (2,  0.5) (9,  6.1) (1,  4.1) (2,  0.1) (5,  3.2)
 (9,  5.4) (9,  5.8) (9,  6.3) (2, -0.9) (2,  0.2) (8, -3.7) (8, -2.7)
 (8, -2.5) (2, -0.5) (3,  9. ) (4, 13.1) (6,  8.7) (1,  3.9) (2,  0.7)
 (2,  1.1) (1,  5.1) (6,  7.5) (1,  4.7) (5,  3.2) (6,  7.8) (5,  2.4)
 (5,  3.2) (5,  2.5) (9,  6.5) (7, 14.4) (1,  4.9) (5,  2.3) (2,  1.4)
 (9,  5.6) (0, 16.8) (7, 14.4) (3, 10.3) (4, 11.2) (2,  0.3) (2,  0.5)
 (2,  0.5) (1,  4.6) (6,  8.2) (1,  4.5) (9,  6.7) (4, 11.9) (3,  9.2)
 (1,  4.4) (1,  5. ) (9,  6.7) (6,  8.3) (4, 11.3) (3,  9. ) (1,  3.4)
 (5,  3.2) (2,  0.9) (5,  3.3) (6,  7.9) (3,  9. ) (6,  7.1) (4, 12.5)
 (4, 12.5) (4, 12.3)]


analyzing the results:
number of max cluster size: 10
number of actually used clusters: 10
min value of all elements: -5.3
max value of all elements: 20.9
mean of all elements: 7.2655737704918035
median of all elements: 7.45
standard deviation of all elements: 6.017562236643699
variance of all elements: 36.21105527188032
distribution of all clusters: [0 0 0 0 0 0 0 0 0 0 0 0 0 0 0 0 0 0 0 0 0 0 0 1 1 1 1 1 1 1 1 1 1 1 1 1 1
 1 1 1 1 1 1 1 1 1 1 1 1 1 1 1 1 1 1 1 1 1 2 2 2 2 2 2 2 2 2 2 2 2 2 2 2 2
 2 2 2 2 2 2 2 2 2 2 2 2 2 2 2 2 2 2 2 2 2 2 2 2 2 2 2 2 2 2 2 2 2 2 2 3 3
 3 3 3 3 3 3 3 3 3 3 3 3 3 3 3 3 3 3 3 3 3 3 3 3 3 3 4 4 4 4 4 4 4 4 4 4 4
 4 4 4 4 4 4 4 4 4 4 4 4 4 4 4 4 4 4 4 4 4 4 4 4 4 4 4 4 4 4 4 4 4 4 4 4 4
 4 4 4 4 4 4 4 4 4 4 4 5 5 5 5 5 5 5 5 5 5 5 5 5 5 5 5 5 5 5 5 5 5 5 5 5 5
 5 5 5 5 6 6 6 6 6 6 6 6 6 6 6 6 6 6 6 6 6 6 6 6 6 6 6 6 6 6 6 6 6 6 6 6 6
 6 6 6 6 6 6 6 6 6 7 7 7 7 7 7 7 7 7 7 7 7 7 7 7 7 7 7 7 7 7 7 7 7 7 7 7 7
 7 7 7 7 7 7 7 7 7 7 7 7 7 8 8 8 8 8 8 8 8 8 8 8 8 8 8 8 8 8 8 8 8 8 8 8 8
 8 8 8 8 8 8 8 8 8 9 9 9 9 9 9 9 9 9 9 9 9 9 9 9 9 9 9 9 9 9 9 9 9]

cluster #0: 	sum elements:23  	min value: 16.3 	max value: 20.9 	mean: 17.4 	std deviation: 1.129 	median: 17.1
cluster #0 homoscedasticity NOT given with ratio = 10.1239669421488
cluster #1: 	sum elements:35  	min value: 3.4 	max value: 5.1 	mean: 4.3 	std deviation: 0.447 	median: 4.4
cluster #1 homoscedasticity given with ratio = 1.2656250000000004
cluster #2: 	sum elements:51  	min value: -0.9 	max value: 1.5 	mean: 0.3 	std deviation: 0.694 	median: 0.4
cluster #2 homoscedasticity given with ratio = 0
cluster #3: 	sum elements:28  	min value: 9.0 	max value: 10.8 	mean: 9.9 	std deviation: 0.604 	median: 9.95
cluster #3 homoscedasticity given with ratio = 0
cluster #4: 	sum elements:59  	min value: 11.2 	max value: 13.7 	mean: 12.4 	std deviation: 0.69 	median: 12.4
cluster #4 homoscedasticity given with ratio = 1.1736111111111072
cluster #5: 	sum elements:30  	min value: 1.8 	max value: 3.3 	mean: 2.6 	std deviation: 0.433 	median: 2.4
cluster #5 homoscedasticity given with ratio = 1.306122448979593
cluster #6: 	sum elements:42  	min value: 6.9 	max value: 8.9 	mean: 7.9 	std deviation: 0.577 	median: 7.9
cluster #6 homoscedasticity given with ratio = 0
cluster #7: 	sum elements:41  	min value: 13.8 	max value: 16.0 	mean: 14.9 	std deviation: 0.626 	median: 15.1
cluster #7 homoscedasticity given with ratio = 0
cluster #8: 	sum elements:33  	min value: -5.3 	max value: -1.0 	mean: -2.4 	std deviation: 0.94 	median: -2.2
cluster #8 homoscedasticity NOT given with ratio = 4.290816326530613
cluster #9: 	sum elements:24  	min value: 5.3 	max value: 6.7 	mean: 5.9 	std deviation: 0.477 	median: 6.0
cluster #9 homoscedasticity NOT given with ratio = 1.7777777777777737
homoscedasticity given for 7 of 10 used clusters

number of elements: 366

built clusters:
cluster #8: -5.3 -- -1.0 (33)
cluster #2: -0.9 -- 1.5 (51)
cluster #5: 1.8 -- 3.3 (30)
cluster #1: 3.4 -- 5.1 (35)
cluster #9: 5.3 -- 6.7 (24)
cluster #6: 6.9 -- 8.9 (42)
cluster #3: 9.0 -- 10.8 (28)
cluster #4: 11.2 -- 13.7 (59)
cluster #7: 13.8 -- 16.0 (41)
cluster #0: 16.3 -- 20.9 (23)

score even distribution (SED) MAX: 2.77e+15
score even distribution (SED) MAX: 2774953326499200.0
SED number of digits: 16

number of used clusters (NUC) MAX: 1.0

sum variances (SV) MIN: 4.669951244380856
sum variances (SV) MIN: 4.67e+00
ratio between SED and sv digits MAX: 0
SUM: NUC(MAX): 1.0	 SED(MAX): 2.77e+15	 SV(MIN): 4.67e+00

Mean Silhouette Coefficient of all clusters MSC(MAX): 0.56
(best value is 1 and the worst value is -1. Values near 0 indicate overlapping clusters)

Davies-Bouldin score DB(MIN): 0.49
(The minimum score is zero, with lower values indicating better clustering.)


TRIAL: 4
***********


starting algorithm at: 12:42:05.017382

finishing algorithm at: 12:42:05.025698

running time of algorithm: 0:00:00.008316

clusters with resulting frequencies:
[(2,  8. ) (0, 14. ) (8, 13.7) (8, 13.3) (2,  7.6) (2,  6.2) (2,  6.1)
 (2,  8.3) (7,  8.8) (2,  8.4) (7,  9.1) (2,  8.5) (7, 10.1) (4, 12.1)
 (7, 10.1) (8, 12.4) (8, 13.8) (4, 11.7) (8, 12.4) (0, 15.6) (0, 15.3)
 (6, 16.4) (8, 12.8) (4, 12. ) (0, 15.4) (0, 15.6) (8, 13.3) (8, 12.9)
 (0, 15.1) (8, 13.6) (0, 15.1) (4, 11.6) (6, 16.6) (8, 13.3) (0, 14.5)
 (6, 16.3) (6, 17.2) (6, 16.5) (0, 15. ) (0, 14.9) (4, 11.8) (4, 11.7)
 (7,  9.6) (7,  8.9) (7, 10.1) (0, 15.5) (7, 10.8) (2,  7.5) (8, 12.8)
 (8, 12.6) (0, 14.8) (6, 19.9) (7,  9.2) (8, 12.4) (4, 11.3) (7,  9.8)
 (0, 14.3) (0, 15.1) (0, 14.4) (0, 15.4) (8, 13.8) (8, 13.6) (0, 14.3)
 (0, 15.9) (6, 16.7) (4, 12.1) (0, 14.3) (6, 16.5) (6, 16.5) (6, 17.5)
 (0, 14.7) (6, 17.5) (6, 20.9) (6, 17. ) (6, 16. ) (0, 15.4) (6, 17.9)
 (0, 15.2) (0, 15.1) (0, 15.3) (6, 17.2) (0, 15.9) (7, 10. ) (7,  9.9)
 (7, 10.3) (0, 15.4) (8, 12.7) (8, 13.2) (0, 15.3) (6, 17.9) (6, 18. )
 (6, 17.6) (6, 16. ) (0, 14.9) (6, 17.1) (6, 18.2) (6, 16.8) (8, 13.6)
 (0, 14.5) (8, 12.4) (7, 10.4) (7,  9.1) (7,  8.9) (0, 14.5) (8, 12.6)
 (2,  8.6) (7, 10.8) (4, 11.2) (4, 12.1) (7, 10.8) (4, 11.4) (4, 12. )
 (6, 16.3) (8, 12.7) (8, 12.7) (4, 12. ) (4, 11.5) (8, 13. ) (4, 11.7)
 (0, 14.8) (2,  7.7) (5,  4.4) (2,  7.4) (2,  8.3) (7, 10.1) (4, 12. )
 (8, 12.9) (7, 10.8) (7,  9.5) (4, 12.1) (8, 12.5) (8, 13.9) (8, 13.3)
 (8, 13.2) (8, 12.3) (8, 13.8) (4, 11.3) (4, 11.7) (8, 12.5) (0, 15.1)
 (4, 11.5) (8, 13. ) (4, 11.6) (8, 12.8) (0, 15.5) (8, 13.1) (8, 12.6)
 (5,  4.4) (5,  4.4) (2,  7.1) (5,  4.2) (7,  9.6) (5,  3.5) (5,  5.3)
 (2,  7. ) (9,  0.4) (1,  3.2) (5,  5.9) (2,  8.1) (2,  6.9) (5,  5.6)
 (2,  7.2) (2,  7.1) (2,  6.1) (2,  7.1) (5,  5.6) (5,  5.4) (2,  6.3)
 (5,  5.3) (2,  7.9) (2,  8.4) (2,  8.1) (1,  2.4) (5,  5.6) (2,  7.5)
 (1,  2.5) (5,  5. ) (5,  3.8) (2,  7.9) (5,  4.3) (3, -2.1) (3, -1.8)
 (5,  3.8) (1,  2.1) (9,  0.5) (9, -0.9) (9,  0.4) (2,  7.5) (2,  8.3)
 (9, -0.2) (9,  0.1) (9,  1.5) (2,  8.3) (7,  9.4) (9,  1.3) (1,  2.2)
 (9, -0.4) (5,  4.5) (2,  7.9) (5,  4.3) (3, -2.7) (9,  0.3) (5,  3.8)
 (1,  2.4) (9,  1.2) (9,  1.2) (9, -0.3) (5,  4.7) (5,  4.9) (9,  1.4)
 (1,  2.2) (9, -0.1) (9, -0.9) (9,  0.6) (5,  4.6) (7,  9.8) (7, 10.6)
 (2,  7.8) (5,  4.4) (9, -0.2) (5,  4.3) (2,  7.4) (2,  8.6) (7, 10.2)
 (2,  7.3) (7,  8.7) (9,  1. ) (1,  2.1) (2,  6.4) (5,  5.4) (9,  0.4)
 (5,  4. ) (2,  8.4) (9,  0.4) (5,  4.2) (9,  0.9) (9,  0.8) (5,  4.3)
 (2,  6.3) (5,  3.5) (3, -1.5) (9,  1.2) (9,  0.5) (5,  5.3) (2,  6.6)
 (3, -1.6) (3, -3.1) (9, -0.1) (9, -0.6) (1,  3. ) (1,  2.9) (3, -1.3)
 (1,  1.8) (1,  2.9) (3, -2.6) (9,  0.5) (1,  2.7) (3, -1.7) (9, -0.9)
 (3, -1.8) (9,  1.3) (1,  2.4) (3, -1.1) (1,  2.3) (3, -2.2) (3, -3.5)
 (3, -1. ) (3, -2.1) (3, -2. ) (3, -2.3) (3, -1.6) (9,  0.8) (3, -2.8)
 (3, -2.8) (1,  3. ) (5,  4.4) (1,  2.3) (3, -2. ) (3, -1.9) (5,  4.8)
 (9, -0.6) (1,  3.1) (3, -2.9) (3, -3.5) (9, -0.3) (9,  0.1) (1,  2.3)
 (1,  2.1) (5,  4.6) (5,  3.7) (3, -1.3) (3, -3.4) (3, -5.3) (9,  0. )
 (1,  2.4) (9, -0.6) (1,  2.3) (3, -3.7) (9, -0.9) (3, -1.5) (3, -3.3)
 (9, -0.1) (9, -0.2) (9,  0.5) (2,  6.1) (5,  4.1) (9,  0.1) (1,  3.2)
 (5,  5.4) (5,  5.8) (2,  6.3) (9, -0.9) (9,  0.2) (3, -3.7) (3, -2.7)
 (3, -2.5) (9, -0.5) (7,  9. ) (8, 13.1) (7,  8.7) (5,  3.9) (9,  0.7)
 (9,  1.1) (5,  5.1) (2,  7.5) (5,  4.7) (1,  3.2) (2,  7.8) (1,  2.4)
 (1,  3.2) (1,  2.5) (2,  6.5) (0, 14.4) (5,  4.9) (1,  2.3) (9,  1.4)
 (5,  5.6) (6, 16.8) (0, 14.4) (7, 10.3) (4, 11.2) (9,  0.3) (9,  0.5)
 (9,  0.5) (5,  4.6) (2,  8.2) (5,  4.5) (2,  6.7) (4, 11.9) (7,  9.2)
 (5,  4.4) (5,  5. ) (2,  6.7) (2,  8.3) (4, 11.3) (7,  9. ) (1,  3.4)
 (1,  3.2) (9,  0.9) (1,  3.3) (2,  7.9) (7,  9. ) (2,  7.1) (8, 12.5)
 (8, 12.5) (8, 12.3)]


analyzing the results:
number of max cluster size: 10
number of actually used clusters: 10
min value of all elements: -5.3
max value of all elements: 20.9
mean of all elements: 7.2655737704918035
median of all elements: 7.45
standard deviation of all elements: 6.017562236643699
variance of all elements: 36.21105527188032
distribution of all clusters: [0 0 0 0 0 0 0 0 0 0 0 0 0 0 0 0 0 0 0 0 0 0 0 0 0 0 0 0 0 0 0 0 0 0 0 1 1
 1 1 1 1 1 1 1 1 1 1 1 1 1 1 1 1 1 1 1 1 1 1 1 1 1 1 1 1 1 2 2 2 2 2 2 2 2
 2 2 2 2 2 2 2 2 2 2 2 2 2 2 2 2 2 2 2 2 2 2 2 2 2 2 2 2 2 2 2 2 2 2 2 2 2
 2 2 2 2 3 3 3 3 3 3 3 3 3 3 3 3 3 3 3 3 3 3 3 3 3 3 3 3 3 3 3 3 3 3 3 3 3
 4 4 4 4 4 4 4 4 4 4 4 4 4 4 4 4 4 4 4 4 4 4 4 4 5 5 5 5 5 5 5 5 5 5 5 5 5
 5 5 5 5 5 5 5 5 5 5 5 5 5 5 5 5 5 5 5 5 5 5 5 5 5 5 5 5 5 5 5 5 5 6 6 6 6
 6 6 6 6 6 6 6 6 6 6 6 6 6 6 6 6 6 6 6 6 6 7 7 7 7 7 7 7 7 7 7 7 7 7 7 7 7
 7 7 7 7 7 7 7 7 7 7 7 7 7 7 7 7 7 8 8 8 8 8 8 8 8 8 8 8 8 8 8 8 8 8 8 8 8
 8 8 8 8 8 8 8 8 8 8 8 8 8 8 8 8 8 8 8 9 9 9 9 9 9 9 9 9 9 9 9 9 9 9 9 9 9
 9 9 9 9 9 9 9 9 9 9 9 9 9 9 9 9 9 9 9 9 9 9 9 9 9 9 9 9 9 9 9 9 9]

cluster #0: 	sum elements:35  	min value: 14.0 	max value: 15.9 	mean: 15.0 	std deviation: 0.495 	median: 15.1
cluster #0 homoscedasticity given with ratio = 1.234567901234567
cluster #1: 	sum elements:31  	min value: 1.8 	max value: 3.4 	mean: 2.6 	std deviation: 0.449 	median: 2.4
cluster #1 homoscedasticity given with ratio = 1.0000000000000007
cluster #2: 	sum elements:49  	min value: 6.1 	max value: 8.6 	mean: 7.5 	std deviation: 0.775 	median: 7.5
cluster #2 homoscedasticity NOT given with ratio = 1.6198347107438036
cluster #3: 	sum elements:33  	min value: -5.3 	max value: -1.0 	mean: -2.4 	std deviation: 0.94 	median: -2.2
cluster #3 homoscedasticity NOT given with ratio = 4.290816326530613
cluster #4: 	sum elements:24  	min value: 11.2 	max value: 12.1 	mean: 11.7 	std deviation: 0.311 	median: 11.7
cluster #4 homoscedasticity NOT given with ratio = 1.5624999999999973
cluster #5: 	sum elements:46  	min value: 3.5 	max value: 5.9 	mean: 4.7 	std deviation: 0.639 	median: 4.55
cluster #5 homoscedasticity given with ratio = 0
cluster #6: 	sum elements:25  	min value: 16.0 	max value: 20.9 	mean: 17.3 	std deviation: 1.145 	median: 17.0
cluster #6 homoscedasticity NOT given with ratio = 7.66863905325442
cluster #7: 	sum elements:33  	min value: 8.7 	max value: 10.8 	mean: 9.7 	std deviation: 0.681 	median: 9.8
cluster #7 homoscedasticity given with ratio = 1.210000000000003
cluster #8: 	sum elements:39  	min value: 12.3 	max value: 13.9 	mean: 13.0 	std deviation: 0.488 	median: 12.9
cluster #8 homoscedasticity NOT given with ratio = 1.6530612244898006
cluster #9: 	sum elements:51  	min value: -0.9 	max value: 1.5 	mean: 0.3 	std deviation: 0.694 	median: 0.4
cluster #9 homoscedasticity given with ratio = 0
homoscedasticity given for 5 of 10 used clusters

number of elements: 366

built clusters:
cluster #3: -5.3 -- -1.0 (33)
cluster #9: -0.9 -- 1.5 (51)
cluster #1: 1.8 -- 3.4 (31)
cluster #5: 3.5 -- 5.9 (46)
cluster #2: 6.1 -- 8.6 (49)
cluster #7: 8.7 -- 10.8 (33)
cluster #4: 11.2 -- 12.1 (24)
cluster #8: 12.3 -- 13.9 (39)
cluster #0: 14.0 -- 15.9 (35)
cluster #6: 16.0 -- 20.9 (25)

score even distribution (SED) MAX: 3.18e+15
score even distribution (SED) MAX: 3178319578434000.0
SED number of digits: 16

number of used clusters (NUC) MAX: 1.0

sum variances (SV) MIN: 4.783080673540269
sum variances (SV) MIN: 4.78e+00
ratio between SED and sv digits MAX: 0
SUM: NUC(MAX): 1.0	 SED(MAX): 3.18e+15	 SV(MIN): 4.78e+00

Mean Silhouette Coefficient of all clusters MSC(MAX): 0.54
(best value is 1 and the worst value is -1. Values near 0 indicate overlapping clusters)

Davies-Bouldin score DB(MIN): 0.52
(The minimum score is zero, with lower values indicating better clustering.)


TRIAL: 5
***********


starting algorithm at: 12:42:05.039637

finishing algorithm at: 12:42:05.048606

running time of algorithm: 0:00:00.008969

clusters with resulting frequencies:
[(6,  8. ) (7, 14. ) (1, 13.7) (1, 13.3) (6,  7.6) (0,  6.2) (0,  6.1)
 (6,  8.3) (6,  8.8) (6,  8.4) (6,  9.1) (6,  8.5) (8, 10.1) (1, 12.1)
 (8, 10.1) (1, 12.4) (1, 13.8) (1, 11.7) (1, 12.4) (7, 15.6) (7, 15.3)
 (4, 16.4) (1, 12.8) (1, 12. ) (7, 15.4) (7, 15.6) (1, 13.3) (1, 12.9)
 (7, 15.1) (1, 13.6) (7, 15.1) (1, 11.6) (4, 16.6) (1, 13.3) (7, 14.5)
 (4, 16.3) (4, 17.2) (4, 16.5) (7, 15. ) (7, 14.9) (1, 11.8) (1, 11.7)
 (6,  9.6) (6,  8.9) (8, 10.1) (7, 15.5) (8, 10.8) (6,  7.5) (1, 12.8)
 (1, 12.6) (7, 14.8) (4, 19.9) (6,  9.2) (1, 12.4) (8, 11.3) (8,  9.8)
 (7, 14.3) (7, 15.1) (7, 14.4) (7, 15.4) (1, 13.8) (1, 13.6) (7, 14.3)
 (7, 15.9) (4, 16.7) (1, 12.1) (7, 14.3) (4, 16.5) (4, 16.5) (4, 17.5)
 (7, 14.7) (4, 17.5) (4, 20.9) (4, 17. ) (4, 16. ) (7, 15.4) (4, 17.9)
 (7, 15.2) (7, 15.1) (7, 15.3) (4, 17.2) (7, 15.9) (8, 10. ) (8,  9.9)
 (8, 10.3) (7, 15.4) (1, 12.7) (1, 13.2) (7, 15.3) (4, 17.9) (4, 18. )
 (4, 17.6) (4, 16. ) (7, 14.9) (4, 17.1) (4, 18.2) (4, 16.8) (1, 13.6)
 (7, 14.5) (1, 12.4) (8, 10.4) (6,  9.1) (6,  8.9) (7, 14.5) (1, 12.6)
 (6,  8.6) (8, 10.8) (8, 11.2) (1, 12.1) (8, 10.8) (8, 11.4) (1, 12. )
 (4, 16.3) (1, 12.7) (1, 12.7) (1, 12. ) (8, 11.5) (1, 13. ) (1, 11.7)
 (7, 14.8) (6,  7.7) (5,  4.4) (6,  7.4) (6,  8.3) (8, 10.1) (1, 12. )
 (1, 12.9) (8, 10.8) (6,  9.5) (1, 12.1) (1, 12.5) (1, 13.9) (1, 13.3)
 (1, 13.2) (1, 12.3) (1, 13.8) (8, 11.3) (1, 11.7) (1, 12.5) (7, 15.1)
 (8, 11.5) (1, 13. ) (1, 11.6) (1, 12.8) (7, 15.5) (1, 13.1) (1, 12.6)
 (5,  4.4) (5,  4.4) (6,  7.1) (5,  4.2) (6,  9.6) (5,  3.5) (0,  5.3)
 (6,  7. ) (3,  0.4) (5,  3.2) (0,  5.9) (6,  8.1) (0,  6.9) (0,  5.6)
 (6,  7.2) (6,  7.1) (0,  6.1) (6,  7.1) (0,  5.6) (0,  5.4) (0,  6.3)
 (0,  5.3) (6,  7.9) (6,  8.4) (6,  8.1) (5,  2.4) (0,  5.6) (6,  7.5)
 (5,  2.5) (0,  5. ) (5,  3.8) (6,  7.9) (5,  4.3) (9, -2.1) (9, -1.8)
 (5,  3.8) (5,  2.1) (3,  0.5) (9, -0.9) (3,  0.4) (6,  7.5) (6,  8.3)
 (3, -0.2) (3,  0.1) (5,  1.5) (6,  8.3) (6,  9.4) (3,  1.3) (5,  2.2)
 (3, -0.4) (5,  4.5) (6,  7.9) (5,  4.3) (2, -2.7) (3,  0.3) (5,  3.8)
 (5,  2.4) (3,  1.2) (3,  1.2) (3, -0.3) (5,  4.7) (0,  4.9) (3,  1.4)
 (5,  2.2) (3, -0.1) (9, -0.9) (3,  0.6) (5,  4.6) (8,  9.8) (8, 10.6)
 (6,  7.8) (5,  4.4) (3, -0.2) (5,  4.3) (6,  7.4) (6,  8.6) (8, 10.2)
 (6,  7.3) (6,  8.7) (3,  1. ) (5,  2.1) (0,  6.4) (0,  5.4) (3,  0.4)
 (5,  4. ) (6,  8.4) (3,  0.4) (5,  4.2) (3,  0.9) (3,  0.8) (5,  4.3)
 (0,  6.3) (5,  3.5) (9, -1.5) (3,  1.2) (3,  0.5) (0,  5.3) (0,  6.6)
 (9, -1.6) (2, -3.1) (3, -0.1) (3, -0.6) (5,  3. ) (5,  2.9) (9, -1.3)
 (5,  1.8) (5,  2.9) (2, -2.6) (3,  0.5) (5,  2.7) (9, -1.7) (9, -0.9)
 (9, -1.8) (3,  1.3) (5,  2.4) (9, -1.1) (5,  2.3) (9, -2.2) (2, -3.5)
 (9, -1. ) (9, -2.1) (9, -2. ) (9, -2.3) (9, -1.6) (3,  0.8) (2, -2.8)
 (2, -2.8) (5,  3. ) (5,  4.4) (5,  2.3) (9, -2. ) (9, -1.9) (0,  4.8)
 (3, -0.6) (5,  3.1) (2, -2.9) (2, -3.5) (3, -0.3) (3,  0.1) (5,  2.3)
 (5,  2.1) (5,  4.6) (5,  3.7) (9, -1.3) (2, -3.4) (2, -5.3) (3,  0. )
 (5,  2.4) (3, -0.6) (5,  2.3) (2, -3.7) (9, -0.9) (9, -1.5) (2, -3.3)
 (3, -0.1) (3, -0.2) (3,  0.5) (0,  6.1) (5,  4.1) (3,  0.1) (5,  3.2)
 (0,  5.4) (0,  5.8) (0,  6.3) (9, -0.9) (3,  0.2) (2, -3.7) (2, -2.7)
 (2, -2.5) (3, -0.5) (6,  9. ) (1, 13.1) (6,  8.7) (5,  3.9) (3,  0.7)
 (3,  1.1) (0,  5.1) (6,  7.5) (5,  4.7) (5,  3.2) (6,  7.8) (5,  2.4)
 (5,  3.2) (5,  2.5) (0,  6.5) (7, 14.4) (0,  4.9) (5,  2.3) (3,  1.4)
 (0,  5.6) (4, 16.8) (7, 14.4) (8, 10.3) (8, 11.2) (3,  0.3) (3,  0.5)
 (3,  0.5) (5,  4.6) (6,  8.2) (5,  4.5) (0,  6.7) (1, 11.9) (6,  9.2)
 (5,  4.4) (0,  5. ) (0,  6.7) (6,  8.3) (8, 11.3) (6,  9. ) (5,  3.4)
 (5,  3.2) (3,  0.9) (5,  3.3) (6,  7.9) (6,  9. ) (6,  7.1) (1, 12.5)
 (1, 12.5) (1, 12.3)]


analyzing the results:
number of max cluster size: 10
number of actually used clusters: 10
min value of all elements: -5.3
max value of all elements: 20.9
mean of all elements: 7.2655737704918035
median of all elements: 7.45
standard deviation of all elements: 6.0175622366437
variance of all elements: 36.211055271880326
distribution of all clusters: [0 0 0 0 0 0 0 0 0 0 0 0 0 0 0 0 0 0 0 0 0 0 0 0 0 0 0 0 0 0 0 1 1 1 1 1 1
 1 1 1 1 1 1 1 1 1 1 1 1 1 1 1 1 1 1 1 1 1 1 1 1 1 1 1 1 1 1 1 1 1 1 1 1 1
 1 1 1 1 1 1 1 1 1 1 1 1 2 2 2 2 2 2 2 2 2 2 2 2 2 2 2 3 3 3 3 3 3 3 3 3 3
 3 3 3 3 3 3 3 3 3 3 3 3 3 3 3 3 3 3 3 3 3 3 3 3 3 3 3 3 3 3 3 3 3 3 3 4 4
 4 4 4 4 4 4 4 4 4 4 4 4 4 4 4 4 4 4 4 4 4 4 4 5 5 5 5 5 5 5 5 5 5 5 5 5 5
 5 5 5 5 5 5 5 5 5 5 5 5 5 5 5 5 5 5 5 5 5 5 5 5 5 5 5 5 5 5 5 5 5 5 5 5 5
 5 5 5 5 5 5 5 5 5 6 6 6 6 6 6 6 6 6 6 6 6 6 6 6 6 6 6 6 6 6 6 6 6 6 6 6 6
 6 6 6 6 6 6 6 6 6 6 6 6 6 6 6 6 6 6 6 6 6 6 6 6 7 7 7 7 7 7 7 7 7 7 7 7 7
 7 7 7 7 7 7 7 7 7 7 7 7 7 7 7 7 7 7 7 7 7 7 8 8 8 8 8 8 8 8 8 8 8 8 8 8 8
 8 8 8 8 8 8 8 8 8 8 9 9 9 9 9 9 9 9 9 9 9 9 9 9 9 9 9 9 9 9 9 9 9]

cluster #0: 	sum elements:31  	min value: 4.8 	max value: 6.9 	mean: 5.8 	std deviation: 0.613 	median: 5.6
cluster #0 homoscedasticity given with ratio = 1.210000000000001
cluster #1: 	sum elements:55  	min value: 11.6 	max value: 13.9 	mean: 12.7 	std deviation: 0.654 	median: 12.6
cluster #1 homoscedasticity given with ratio = 1.190082644628102
cluster #2: 	sum elements:15  	min value: -5.3 	max value: -2.5 	mean: -3.2 	std deviation: 0.702 	median: -3.1
cluster #2 homoscedasticity NOT given with ratio = 8.999999999999991
cluster #3: 	sum elements:45  	min value: -0.6 	max value: 1.4 	mean: 0.4 	std deviation: 0.587 	median: 0.4
cluster #3 homoscedasticity given with ratio = 1.0000000000000002
cluster #4: 	sum elements:25  	min value: 16.0 	max value: 20.9 	mean: 17.3 	std deviation: 1.145 	median: 17.0
cluster #4 homoscedasticity NOT given with ratio = 7.66863905325442
cluster #5: 	sum elements:60  	min value: 1.5 	max value: 4.7 	mean: 3.4 	std deviation: 0.926 	median: 3.25
cluster #5 homoscedasticity NOT given with ratio = 2.136094674556212
cluster #6: 	sum elements:52  	min value: 7.0 	max value: 9.6 	mean: 8.2 	std deviation: 0.736 	median: 8.3
cluster #6 homoscedasticity given with ratio = 1.3611111111111134
cluster #7: 	sum elements:35  	min value: 14.0 	max value: 15.9 	mean: 15.0 	std deviation: 0.495 	median: 15.1
cluster #7 homoscedasticity given with ratio = 1.234567901234567
cluster #8: 	sum elements:25  	min value: 9.8 	max value: 11.5 	mean: 10.6 	std deviation: 0.581 	median: 10.6
cluster #8 homoscedasticity given with ratio = 1.2656250000000042
cluster #9: 	sum elements:23  	min value: -2.3 	max value: -0.9 	mean: -1.5 	std deviation: 0.477 	median: -1.6
cluster #9 homoscedasticity NOT given with ratio = 1.777777777777777
homoscedasticity given for 6 of 10 used clusters

number of elements: 366

built clusters:
cluster #2: -5.3 -- -2.5 (15)
cluster #9: -2.3 -- -0.9 (23)
cluster #3: -0.6 -- 1.4 (45)
cluster #5: 1.5 -- 4.7 (60)
cluster #0: 4.8 -- 6.9 (31)
cluster #6: 7.0 -- 9.6 (52)
cluster #8: 9.8 -- 11.5 (25)
cluster #1: 11.6 -- 13.9 (55)
cluster #7: 14.0 -- 15.9 (35)
cluster #4: 16.0 -- 20.9 (25)

score even distribution (SED) MAX: 1.81e+15
score even distribution (SED) MAX: 1806586031250000.0
SED number of digits: 16

number of used clusters (NUC) MAX: 1.0

sum variances (SV) MIN: 4.992905488237177
sum variances (SV) MIN: 4.99e+00
ratio between SED and sv digits MAX: 0
SUM: NUC(MAX): 1.0	 SED(MAX): 1.81e+15	 SV(MIN): 4.99e+00

Mean Silhouette Coefficient of all clusters MSC(MAX): 0.52
(best value is 1 and the worst value is -1. Values near 0 indicate overlapping clusters)

Davies-Bouldin score DB(MIN): 0.52
(The minimum score is zero, with lower values indicating better clustering.)


TRIAL: 6
***********


starting algorithm at: 12:42:05.062743

finishing algorithm at: 12:42:05.071078

running time of algorithm: 0:00:00.008335

clusters with resulting frequencies:
[(2,  8. ) (6, 14. ) (3, 13.7) (3, 13.3) (2,  7.6) (2,  6.2) (7,  6.1)
 (2,  8.3) (8,  8.8) (2,  8.4) (8,  9.1) (2,  8.5) (8, 10.1) (9, 12.1)
 (8, 10.1) (3, 12.4) (3, 13.8) (9, 11.7) (3, 12.4) (6, 15.6) (6, 15.3)
 (0, 16.4) (3, 12.8) (9, 12. ) (6, 15.4) (6, 15.6) (3, 13.3) (3, 12.9)
 (6, 15.1) (3, 13.6) (6, 15.1) (9, 11.6) (0, 16.6) (3, 13.3) (6, 14.5)
 (0, 16.3) (0, 17.2) (0, 16.5) (6, 15. ) (6, 14.9) (9, 11.8) (9, 11.7)
 (8,  9.6) (8,  8.9) (8, 10.1) (6, 15.5) (8, 10.8) (2,  7.5) (3, 12.8)
 (3, 12.6) (6, 14.8) (0, 19.9) (8,  9.2) (3, 12.4) (9, 11.3) (8,  9.8)
 (6, 14.3) (6, 15.1) (6, 14.4) (6, 15.4) (3, 13.8) (3, 13.6) (6, 14.3)
 (6, 15.9) (0, 16.7) (9, 12.1) (6, 14.3) (0, 16.5) (0, 16.5) (0, 17.5)
 (6, 14.7) (0, 17.5) (0, 20.9) (0, 17. ) (0, 16. ) (6, 15.4) (0, 17.9)
 (6, 15.2) (6, 15.1) (6, 15.3) (0, 17.2) (6, 15.9) (8, 10. ) (8,  9.9)
 (8, 10.3) (6, 15.4) (3, 12.7) (3, 13.2) (6, 15.3) (0, 17.9) (0, 18. )
 (0, 17.6) (0, 16. ) (6, 14.9) (0, 17.1) (0, 18.2) (0, 16.8) (3, 13.6)
 (6, 14.5) (3, 12.4) (8, 10.4) (8,  9.1) (8,  8.9) (6, 14.5) (3, 12.6)
 (2,  8.6) (8, 10.8) (9, 11.2) (9, 12.1) (8, 10.8) (9, 11.4) (9, 12. )
 (0, 16.3) (3, 12.7) (3, 12.7) (9, 12. ) (9, 11.5) (3, 13. ) (9, 11.7)
 (6, 14.8) (2,  7.7) (7,  4.4) (2,  7.4) (2,  8.3) (8, 10.1) (9, 12. )
 (3, 12.9) (8, 10.8) (8,  9.5) (9, 12.1) (3, 12.5) (3, 13.9) (3, 13.3)
 (3, 13.2) (3, 12.3) (3, 13.8) (9, 11.3) (9, 11.7) (3, 12.5) (6, 15.1)
 (9, 11.5) (3, 13. ) (9, 11.6) (3, 12.8) (6, 15.5) (3, 13.1) (3, 12.6)
 (7,  4.4) (7,  4.4) (2,  7.1) (7,  4.2) (8,  9.6) (7,  3.5) (7,  5.3)
 (2,  7. ) (5,  0.4) (1,  3.2) (7,  5.9) (2,  8.1) (2,  6.9) (7,  5.6)
 (2,  7.2) (2,  7.1) (7,  6.1) (2,  7.1) (7,  5.6) (7,  5.4) (2,  6.3)
 (7,  5.3) (2,  7.9) (2,  8.4) (2,  8.1) (1,  2.4) (7,  5.6) (2,  7.5)
 (1,  2.5) (7,  5. ) (7,  3.8) (2,  7.9) (7,  4.3) (4, -2.1) (4, -1.8)
 (7,  3.8) (1,  2.1) (5,  0.5) (5, -0.9) (5,  0.4) (2,  7.5) (2,  8.3)
 (5, -0.2) (5,  0.1) (5,  1.5) (2,  8.3) (8,  9.4) (5,  1.3) (1,  2.2)
 (5, -0.4) (7,  4.5) (2,  7.9) (7,  4.3) (4, -2.7) (5,  0.3) (7,  3.8)
 (1,  2.4) (5,  1.2) (5,  1.2) (5, -0.3) (7,  4.7) (7,  4.9) (5,  1.4)
 (1,  2.2) (5, -0.1) (5, -0.9) (5,  0.6) (7,  4.6) (8,  9.8) (8, 10.6)
 (2,  7.8) (7,  4.4) (5, -0.2) (7,  4.3) (2,  7.4) (2,  8.6) (8, 10.2)
 (2,  7.3) (2,  8.7) (5,  1. ) (1,  2.1) (2,  6.4) (7,  5.4) (5,  0.4)
 (7,  4. ) (2,  8.4) (5,  0.4) (7,  4.2) (5,  0.9) (5,  0.8) (7,  4.3)
 (2,  6.3) (7,  3.5) (4, -1.5) (5,  1.2) (5,  0.5) (7,  5.3) (2,  6.6)
 (4, -1.6) (4, -3.1) (5, -0.1) (5, -0.6) (1,  3. ) (1,  2.9) (4, -1.3)
 (1,  1.8) (1,  2.9) (4, -2.6) (5,  0.5) (1,  2.7) (4, -1.7) (5, -0.9)
 (4, -1.8) (5,  1.3) (1,  2.4) (4, -1.1) (1,  2.3) (4, -2.2) (4, -3.5)
 (4, -1. ) (4, -2.1) (4, -2. ) (4, -2.3) (4, -1.6) (5,  0.8) (4, -2.8)
 (4, -2.8) (1,  3. ) (7,  4.4) (1,  2.3) (4, -2. ) (4, -1.9) (7,  4.8)
 (5, -0.6) (1,  3.1) (4, -2.9) (4, -3.5) (5, -0.3) (5,  0.1) (1,  2.3)
 (1,  2.1) (7,  4.6) (7,  3.7) (4, -1.3) (4, -3.4) (4, -5.3) (5,  0. )
 (1,  2.4) (5, -0.6) (1,  2.3) (4, -3.7) (5, -0.9) (4, -1.5) (4, -3.3)
 (5, -0.1) (5, -0.2) (5,  0.5) (7,  6.1) (7,  4.1) (5,  0.1) (1,  3.2)
 (7,  5.4) (7,  5.8) (2,  6.3) (5, -0.9) (5,  0.2) (4, -3.7) (4, -2.7)
 (4, -2.5) (5, -0.5) (8,  9. ) (3, 13.1) (2,  8.7) (7,  3.9) (5,  0.7)
 (5,  1.1) (7,  5.1) (2,  7.5) (7,  4.7) (1,  3.2) (2,  7.8) (1,  2.4)
 (1,  3.2) (1,  2.5) (2,  6.5) (6, 14.4) (7,  4.9) (1,  2.3) (5,  1.4)
 (7,  5.6) (0, 16.8) (6, 14.4) (8, 10.3) (9, 11.2) (5,  0.3) (5,  0.5)
 (5,  0.5) (7,  4.6) (2,  8.2) (7,  4.5) (2,  6.7) (9, 11.9) (8,  9.2)
 (7,  4.4) (7,  5. ) (2,  6.7) (2,  8.3) (9, 11.3) (8,  9. ) (1,  3.4)
 (1,  3.2) (5,  0.9) (1,  3.3) (2,  7.9) (8,  9. ) (2,  7.1) (3, 12.5)
 (3, 12.5) (3, 12.3)]


analyzing the results:
number of max cluster size: 10
number of actually used clusters: 10
min value of all elements: -5.3
max value of all elements: 20.9
mean of all elements: 7.2655737704918035
median of all elements: 7.45
standard deviation of all elements: 6.017562236643699
variance of all elements: 36.21105527188032
distribution of all clusters: [0 0 0 0 0 0 0 0 0 0 0 0 0 0 0 0 0 0 0 0 0 0 0 0 0 1 1 1 1 1 1 1 1 1 1 1 1
 1 1 1 1 1 1 1 1 1 1 1 1 1 1 1 1 1 1 1 2 2 2 2 2 2 2 2 2 2 2 2 2 2 2 2 2 2
 2 2 2 2 2 2 2 2 2 2 2 2 2 2 2 2 2 2 2 2 2 2 2 2 2 2 2 2 2 2 3 3 3 3 3 3 3
 3 3 3 3 3 3 3 3 3 3 3 3 3 3 3 3 3 3 3 3 3 3 3 3 3 3 3 3 3 3 3 3 4 4 4 4 4
 4 4 4 4 4 4 4 4 4 4 4 4 4 4 4 4 4 4 4 4 4 4 4 4 4 4 4 4 5 5 5 5 5 5 5 5 5
 5 5 5 5 5 5 5 5 5 5 5 5 5 5 5 5 5 5 5 5 5 5 5 5 5 5 5 5 5 5 5 5 5 5 5 5 5
 5 5 5 5 5 6 6 6 6 6 6 6 6 6 6 6 6 6 6 6 6 6 6 6 6 6 6 6 6 6 6 6 6 6 6 6 6
 6 6 6 7 7 7 7 7 7 7 7 7 7 7 7 7 7 7 7 7 7 7 7 7 7 7 7 7 7 7 7 7 7 7 7 7 7
 7 7 7 7 7 7 7 7 7 7 7 7 7 7 7 8 8 8 8 8 8 8 8 8 8 8 8 8 8 8 8 8 8 8 8 8 8
 8 8 8 8 8 8 8 8 8 9 9 9 9 9 9 9 9 9 9 9 9 9 9 9 9 9 9 9 9 9 9 9 9]

cluster #0: 	sum elements:25  	min value: 16.0 	max value: 20.9 	mean: 17.3 	std deviation: 1.145 	median: 17.0
cluster #0 homoscedasticity NOT given with ratio = 7.66863905325442
cluster #1: 	sum elements:31  	min value: 1.8 	max value: 3.4 	mean: 2.6 	std deviation: 0.449 	median: 2.4
cluster #1 homoscedasticity given with ratio = 1.0000000000000007
cluster #2: 	sum elements:48  	min value: 6.2 	max value: 8.7 	mean: 7.6 	std deviation: 0.738 	median: 7.65
cluster #2 homoscedasticity NOT given with ratio = 1.6198347107438014
cluster #3: 	sum elements:39  	min value: 12.3 	max value: 13.9 	mean: 13.0 	std deviation: 0.488 	median: 12.9
cluster #3 homoscedasticity NOT given with ratio = 1.6530612244898006
cluster #4: 	sum elements:33  	min value: -5.3 	max value: -1.0 	mean: -2.4 	std deviation: 0.94 	median: -2.2
cluster #4 homoscedasticity NOT given with ratio = 4.290816326530613
cluster #5: 	sum elements:51  	min value: -0.9 	max value: 1.5 	mean: 0.3 	std deviation: 0.694 	median: 0.4
cluster #5 homoscedasticity given with ratio = 0
cluster #6: 	sum elements:35  	min value: 14.0 	max value: 15.9 	mean: 15.0 	std deviation: 0.495 	median: 15.1
cluster #6 homoscedasticity given with ratio = 1.234567901234567
cluster #7: 	sum elements:49  	min value: 3.5 	max value: 6.1 	mean: 4.7 	std deviation: 0.711 	median: 4.6
cluster #7 homoscedasticity given with ratio = 1.3611111111111096
cluster #8: 	sum elements:31  	min value: 8.8 	max value: 10.8 	mean: 9.8 	std deviation: 0.649 	median: 9.8
cluster #8 homoscedasticity given with ratio = 0
cluster #9: 	sum elements:24  	min value: 11.2 	max value: 12.1 	mean: 11.7 	std deviation: 0.311 	median: 11.7
cluster #9 homoscedasticity NOT given with ratio = 1.5624999999999973
homoscedasticity given for 5 of 10 used clusters

number of elements: 366

built clusters:
cluster #4: -5.3 -- -1.0 (33)
cluster #5: -0.9 -- 1.5 (51)
cluster #1: 1.8 -- 3.4 (31)
cluster #7: 3.5 -- 6.1 (49)
cluster #2: 6.2 -- 8.7 (48)
cluster #8: 8.8 -- 10.8 (31)
cluster #9: 11.2 -- 12.1 (24)
cluster #3: 12.3 -- 13.9 (39)
cluster #6: 14.0 -- 15.9 (35)
cluster #0: 16.0 -- 20.9 (25)

score even distribution (SED) MAX: 3.12e+15
score even distribution (SED) MAX: 3115506938544000.0
SED number of digits: 16

number of used clusters (NUC) MAX: 1.0

sum variances (SV) MIN: 4.780583758646992
sum variances (SV) MIN: 4.78e+00
ratio between SED and sv digits MAX: 0
SUM: NUC(MAX): 1.0	 SED(MAX): 3.12e+15	 SV(MIN): 4.78e+00

Mean Silhouette Coefficient of all clusters MSC(MAX): 0.54
(best value is 1 and the worst value is -1. Values near 0 indicate overlapping clusters)

Davies-Bouldin score DB(MIN): 0.52
(The minimum score is zero, with lower values indicating better clustering.)


TRIAL: 7
***********


starting algorithm at: 12:42:05.084956

finishing algorithm at: 12:42:05.093403

running time of algorithm: 0:00:00.008447

clusters with resulting frequencies:
[(9,  8. ) (1, 14. ) (1, 13.7) (6, 13.3) (9,  7.6) (8,  6.2) (8,  6.1)
 (9,  8.3) (9,  8.8) (9,  8.4) (9,  9.1) (9,  8.5) (3, 10.1) (6, 12.1)
 (3, 10.1) (6, 12.4) (1, 13.8) (6, 11.7) (6, 12.4) (1, 15.6) (1, 15.3)
 (7, 16.4) (6, 12.8) (6, 12. ) (1, 15.4) (1, 15.6) (6, 13.3) (6, 12.9)
 (1, 15.1) (6, 13.6) (1, 15.1) (6, 11.6) (7, 16.6) (6, 13.3) (1, 14.5)
 (7, 16.3) (7, 17.2) (7, 16.5) (1, 15. ) (1, 14.9) (6, 11.8) (6, 11.7)
 (3,  9.6) (9,  8.9) (3, 10.1) (1, 15.5) (3, 10.8) (8,  7.5) (6, 12.8)
 (6, 12.6) (1, 14.8) (7, 19.9) (9,  9.2) (6, 12.4) (6, 11.3) (3,  9.8)
 (1, 14.3) (1, 15.1) (1, 14.4) (1, 15.4) (1, 13.8) (6, 13.6) (1, 14.3)
 (1, 15.9) (7, 16.7) (6, 12.1) (1, 14.3) (7, 16.5) (7, 16.5) (7, 17.5)
 (1, 14.7) (7, 17.5) (7, 20.9) (7, 17. ) (1, 16. ) (1, 15.4) (7, 17.9)
 (1, 15.2) (1, 15.1) (1, 15.3) (7, 17.2) (1, 15.9) (3, 10. ) (3,  9.9)
 (3, 10.3) (1, 15.4) (6, 12.7) (6, 13.2) (1, 15.3) (7, 17.9) (7, 18. )
 (7, 17.6) (1, 16. ) (1, 14.9) (7, 17.1) (7, 18.2) (7, 16.8) (6, 13.6)
 (1, 14.5) (6, 12.4) (3, 10.4) (9,  9.1) (9,  8.9) (1, 14.5) (6, 12.6)
 (9,  8.6) (3, 10.8) (6, 11.2) (6, 12.1) (3, 10.8) (6, 11.4) (6, 12. )
 (7, 16.3) (6, 12.7) (6, 12.7) (6, 12. ) (6, 11.5) (6, 13. ) (6, 11.7)
 (1, 14.8) (9,  7.7) (0,  4.4) (8,  7.4) (9,  8.3) (3, 10.1) (6, 12. )
 (6, 12.9) (3, 10.8) (3,  9.5) (6, 12.1) (6, 12.5) (1, 13.9) (6, 13.3)
 (6, 13.2) (6, 12.3) (1, 13.8) (6, 11.3) (6, 11.7) (6, 12.5) (1, 15.1)
 (6, 11.5) (6, 13. ) (6, 11.6) (6, 12.8) (1, 15.5) (6, 13.1) (6, 12.6)
 (0,  4.4) (0,  4.4) (8,  7.1) (0,  4.2) (3,  9.6) (0,  3.5) (0,  5.3)
 (8,  7. ) (2,  0.4) (4,  3.2) (8,  5.9) (9,  8.1) (8,  6.9) (0,  5.6)
 (8,  7.2) (8,  7.1) (8,  6.1) (8,  7.1) (0,  5.6) (0,  5.4) (8,  6.3)
 (0,  5.3) (9,  7.9) (9,  8.4) (9,  8.1) (4,  2.4) (0,  5.6) (8,  7.5)
 (4,  2.5) (0,  5. ) (0,  3.8) (9,  7.9) (0,  4.3) (5, -2.1) (5, -1.8)
 (0,  3.8) (4,  2.1) (2,  0.5) (2, -0.9) (2,  0.4) (8,  7.5) (9,  8.3)
 (2, -0.2) (2,  0.1) (2,  1.5) (9,  8.3) (3,  9.4) (2,  1.3) (4,  2.2)
 (2, -0.4) (0,  4.5) (9,  7.9) (0,  4.3) (5, -2.7) (2,  0.3) (0,  3.8)
 (4,  2.4) (2,  1.2) (2,  1.2) (2, -0.3) (0,  4.7) (0,  4.9) (2,  1.4)
 (4,  2.2) (2, -0.1) (2, -0.9) (2,  0.6) (0,  4.6) (3,  9.8) (3, 10.6)
 (9,  7.8) (0,  4.4) (2, -0.2) (0,  4.3) (8,  7.4) (9,  8.6) (3, 10.2)
 (8,  7.3) (9,  8.7) (2,  1. ) (4,  2.1) (8,  6.4) (0,  5.4) (2,  0.4)
 (0,  4. ) (9,  8.4) (2,  0.4) (0,  4.2) (2,  0.9) (2,  0.8) (0,  4.3)
 (8,  6.3) (0,  3.5) (5, -1.5) (2,  1.2) (2,  0.5) (0,  5.3) (8,  6.6)
 (5, -1.6) (5, -3.1) (2, -0.1) (2, -0.6) (4,  3. ) (4,  2.9) (5, -1.3)
 (4,  1.8) (4,  2.9) (5, -2.6) (2,  0.5) (4,  2.7) (5, -1.7) (2, -0.9)
 (5, -1.8) (2,  1.3) (4,  2.4) (5, -1.1) (4,  2.3) (5, -2.2) (5, -3.5)
 (2, -1. ) (5, -2.1) (5, -2. ) (5, -2.3) (5, -1.6) (2,  0.8) (5, -2.8)
 (5, -2.8) (4,  3. ) (0,  4.4) (4,  2.3) (5, -2. ) (5, -1.9) (0,  4.8)
 (2, -0.6) (4,  3.1) (5, -2.9) (5, -3.5) (2, -0.3) (2,  0.1) (4,  2.3)
 (4,  2.1) (0,  4.6) (0,  3.7) (5, -1.3) (5, -3.4) (5, -5.3) (2,  0. )
 (4,  2.4) (2, -0.6) (4,  2.3) (5, -3.7) (2, -0.9) (5, -1.5) (5, -3.3)
 (2, -0.1) (2, -0.2) (2,  0.5) (8,  6.1) (0,  4.1) (2,  0.1) (4,  3.2)
 (0,  5.4) (8,  5.8) (8,  6.3) (2, -0.9) (2,  0.2) (5, -3.7) (5, -2.7)
 (5, -2.5) (2, -0.5) (9,  9. ) (6, 13.1) (9,  8.7) (0,  3.9) (2,  0.7)
 (2,  1.1) (0,  5.1) (8,  7.5) (0,  4.7) (4,  3.2) (9,  7.8) (4,  2.4)
 (4,  3.2) (4,  2.5) (8,  6.5) (1, 14.4) (0,  4.9) (4,  2.3) (2,  1.4)
 (0,  5.6) (7, 16.8) (1, 14.4) (3, 10.3) (6, 11.2) (2,  0.3) (2,  0.5)
 (2,  0.5) (0,  4.6) (9,  8.2) (0,  4.5) (8,  6.7) (6, 11.9) (9,  9.2)
 (0,  4.4) (0,  5. ) (8,  6.7) (9,  8.3) (6, 11.3) (9,  9. ) (4,  3.4)
 (4,  3.2) (2,  0.9) (4,  3.3) (9,  7.9) (9,  9. ) (8,  7.1) (6, 12.5)
 (6, 12.5) (6, 12.3)]


analyzing the results:
number of max cluster size: 10
number of actually used clusters: 10
min value of all elements: -5.3
max value of all elements: 20.9
mean of all elements: 7.2655737704918035
median of all elements: 7.45
standard deviation of all elements: 6.017562236643699
variance of all elements: 36.21105527188032
distribution of all clusters: [0 0 0 0 0 0 0 0 0 0 0 0 0 0 0 0 0 0 0 0 0 0 0 0 0 0 0 0 0 0 0 0 0 0 0 0 0
 0 0 0 0 0 0 0 1 1 1 1 1 1 1 1 1 1 1 1 1 1 1 1 1 1 1 1 1 1 1 1 1 1 1 1 1 1
 1 1 1 1 1 1 1 1 1 1 1 1 2 2 2 2 2 2 2 2 2 2 2 2 2 2 2 2 2 2 2 2 2 2 2 2 2
 2 2 2 2 2 2 2 2 2 2 2 2 2 2 2 2 2 2 2 2 2 2 2 2 2 2 2 3 3 3 3 3 3 3 3 3 3
 3 3 3 3 3 3 3 3 3 3 3 4 4 4 4 4 4 4 4 4 4 4 4 4 4 4 4 4 4 4 4 4 4 4 4 4 4
 4 4 4 4 4 5 5 5 5 5 5 5 5 5 5 5 5 5 5 5 5 5 5 5 5 5 5 5 5 5 5 5 5 5 5 5 5
 6 6 6 6 6 6 6 6 6 6 6 6 6 6 6 6 6 6 6 6 6 6 6 6 6 6 6 6 6 6 6 6 6 6 6 6 6
 6 6 6 6 6 6 6 6 6 6 6 6 6 6 6 6 6 6 6 6 6 7 7 7 7 7 7 7 7 7 7 7 7 7 7 7 7
 7 7 7 7 7 7 7 8 8 8 8 8 8 8 8 8 8 8 8 8 8 8 8 8 8 8 8 8 8 8 8 8 8 8 8 9 9
 9 9 9 9 9 9 9 9 9 9 9 9 9 9 9 9 9 9 9 9 9 9 9 9 9 9 9 9 9 9 9 9 9]

cluster #0: 	sum elements:44  	min value: 3.5 	max value: 5.6 	mean: 4.6 	std deviation: 0.598 	median: 4.5
cluster #0 homoscedasticity given with ratio = 1.2099999999999993
cluster #1: 	sum elements:42  	min value: 13.7 	max value: 16.0 	mean: 14.9 	std deviation: 0.647 	median: 15.05
cluster #1 homoscedasticity given with ratio = 1.190082644628102
cluster #2: 	sum elements:52  	min value: -1.0 	max value: 1.5 	mean: 0.3 	std deviation: 0.71 	median: 0.35
cluster #2 homoscedasticity given with ratio = 1.1736111111111114
cluster #3: 	sum elements:21  	min value: 9.4 	max value: 10.8 	mean: 10.1 	std deviation: 0.443 	median: 10.1
cluster #3 homoscedasticity given with ratio = 1.000000000000005
cluster #4: 	sum elements:31  	min value: 1.8 	max value: 3.4 	mean: 2.6 	std deviation: 0.449 	median: 2.4
cluster #4 homoscedasticity given with ratio = 1.0000000000000007
cluster #5: 	sum elements:32  	min value: -5.3 	max value: -1.1 	mean: -2.4 	std deviation: 0.92 	median: -2.25
cluster #5 homoscedasticity NOT given with ratio = 4.976331360946747
cluster #6: 	sum elements:58  	min value: 11.2 	max value: 13.6 	mean: 12.4 	std deviation: 0.674 	median: 12.4
cluster #6 homoscedasticity given with ratio = 1.0000000000000029
cluster #7: 	sum elements:23  	min value: 16.3 	max value: 20.9 	mean: 17.4 	std deviation: 1.129 	median: 17.1
cluster #7 homoscedasticity NOT given with ratio = 10.1239669421488
cluster #8: 	sum elements:28  	min value: 5.8 	max value: 7.5 	mean: 6.8 	std deviation: 0.55 	median: 6.800000000000001
cluster #8 homoscedasticity NOT given with ratio = 2.040816326530611
cluster #9: 	sum elements:35  	min value: 7.6 	max value: 9.2 	mean: 8.4 	std deviation: 0.471 	median: 8.4
cluster #9 homoscedasticity given with ratio = 1.0000000000000044
homoscedasticity given for 7 of 10 used clusters

number of elements: 366

built clusters:
cluster #5: -5.3 -- -1.1 (32)
cluster #2: -1.0 -- 1.5 (52)
cluster #4: 1.8 -- 3.4 (31)
cluster #0: 3.5 -- 5.6 (44)
cluster #8: 5.8 -- 7.5 (28)
cluster #9: 7.6 -- 9.2 (35)
cluster #3: 9.4 -- 10.8 (21)
cluster #6: 11.2 -- 13.6 (58)
cluster #1: 13.7 -- 16.0 (42)
cluster #7: 16.3 -- 20.9 (23)

score even distribution (SED) MAX: 2.62e+15
score even distribution (SED) MAX: 2617087135703040.0
SED number of digits: 16

number of used clusters (NUC) MAX: 1.0

sum variances (SV) MIN: 4.628835069646203
sum variances (SV) MIN: 4.63e+00
ratio between SED and sv digits MAX: 0
SUM: NUC(MAX): 1.0	 SED(MAX): 2.62e+15	 SV(MIN): 4.63e+00

Mean Silhouette Coefficient of all clusters MSC(MAX): 0.56
(best value is 1 and the worst value is -1. Values near 0 indicate overlapping clusters)

Davies-Bouldin score DB(MIN): 0.49
(The minimum score is zero, with lower values indicating better clustering.)


TRIAL: 8
***********


starting algorithm at: 12:42:05.107240

finishing algorithm at: 12:42:05.114910

running time of algorithm: 0:00:00.007670

clusters with resulting frequencies:
[(9,  8. ) (2, 14. ) (5, 13.7) (5, 13.3) (9,  7.6) (6,  6.2) (6,  6.1)
 (9,  8.3) (9,  8.8) (9,  8.4) (0,  9.1) (9,  8.5) (0, 10.1) (5, 12.1)
 (0, 10.1) (5, 12.4) (5, 13.8) (5, 11.7) (5, 12.4) (2, 15.6) (2, 15.3)
 (7, 16.4) (5, 12.8) (5, 12. ) (2, 15.4) (2, 15.6) (5, 13.3) (5, 12.9)
 (2, 15.1) (5, 13.6) (2, 15.1) (5, 11.6) (7, 16.6) (5, 13.3) (2, 14.5)
 (7, 16.3) (7, 17.2) (7, 16.5) (2, 15. ) (2, 14.9) (5, 11.8) (5, 11.7)
 (0,  9.6) (9,  8.9) (0, 10.1) (2, 15.5) (0, 10.8) (9,  7.5) (5, 12.8)
 (5, 12.6) (2, 14.8) (7, 19.9) (0,  9.2) (5, 12.4) (5, 11.3) (0,  9.8)
 (2, 14.3) (2, 15.1) (2, 14.4) (2, 15.4) (5, 13.8) (5, 13.6) (2, 14.3)
 (2, 15.9) (7, 16.7) (5, 12.1) (2, 14.3) (7, 16.5) (7, 16.5) (7, 17.5)
 (2, 14.7) (7, 17.5) (7, 20.9) (7, 17. ) (2, 16. ) (2, 15.4) (7, 17.9)
 (2, 15.2) (2, 15.1) (2, 15.3) (7, 17.2) (2, 15.9) (0, 10. ) (0,  9.9)
 (0, 10.3) (2, 15.4) (5, 12.7) (5, 13.2) (2, 15.3) (7, 17.9) (7, 18. )
 (7, 17.6) (2, 16. ) (2, 14.9) (7, 17.1) (7, 18.2) (7, 16.8) (5, 13.6)
 (2, 14.5) (5, 12.4) (0, 10.4) (0,  9.1) (9,  8.9) (2, 14.5) (5, 12.6)
 (9,  8.6) (0, 10.8) (5, 11.2) (5, 12.1) (0, 10.8) (5, 11.4) (5, 12. )
 (7, 16.3) (5, 12.7) (5, 12.7) (5, 12. ) (5, 11.5) (5, 13. ) (5, 11.7)
 (2, 14.8) (9,  7.7) (3,  4.4) (9,  7.4) (9,  8.3) (0, 10.1) (5, 12. )
 (5, 12.9) (0, 10.8) (0,  9.5) (5, 12.1) (5, 12.5) (2, 13.9) (5, 13.3)
 (5, 13.2) (5, 12.3) (5, 13.8) (5, 11.3) (5, 11.7) (5, 12.5) (2, 15.1)
 (5, 11.5) (5, 13. ) (5, 11.6) (5, 12.8) (2, 15.5) (5, 13.1) (5, 12.6)
 (3,  4.4) (3,  4.4) (9,  7.1) (3,  4.2) (0,  9.6) (8,  3.5) (6,  5.3)
 (9,  7. ) (1,  0.4) (8,  3.2) (6,  5.9) (9,  8.1) (9,  6.9) (6,  5.6)
 (9,  7.2) (9,  7.1) (6,  6.1) (9,  7.1) (6,  5.6) (6,  5.4) (6,  6.3)
 (6,  5.3) (9,  7.9) (9,  8.4) (9,  8.1) (8,  2.4) (6,  5.6) (9,  7.5)
 (8,  2.5) (3,  5. ) (3,  3.8) (9,  7.9) (3,  4.3) (4, -2.1) (4, -1.8)
 (3,  3.8) (8,  2.1) (1,  0.5) (1, -0.9) (1,  0.4) (9,  7.5) (9,  8.3)
 (1, -0.2) (1,  0.1) (1,  1.5) (9,  8.3) (0,  9.4) (1,  1.3) (8,  2.2)
 (1, -0.4) (3,  4.5) (9,  7.9) (3,  4.3) (4, -2.7) (1,  0.3) (3,  3.8)
 (8,  2.4) (1,  1.2) (1,  1.2) (1, -0.3) (3,  4.7) (3,  4.9) (1,  1.4)
 (8,  2.2) (1, -0.1) (1, -0.9) (1,  0.6) (3,  4.6) (0,  9.8) (0, 10.6)
 (9,  7.8) (3,  4.4) (1, -0.2) (3,  4.3) (9,  7.4) (9,  8.6) (0, 10.2)
 (9,  7.3) (9,  8.7) (1,  1. ) (8,  2.1) (6,  6.4) (6,  5.4) (1,  0.4)
 (3,  4. ) (9,  8.4) (1,  0.4) (3,  4.2) (1,  0.9) (1,  0.8) (3,  4.3)
 (6,  6.3) (8,  3.5) (4, -1.5) (1,  1.2) (1,  0.5) (6,  5.3) (6,  6.6)
 (4, -1.6) (4, -3.1) (1, -0.1) (1, -0.6) (8,  3. ) (8,  2.9) (4, -1.3)
 (8,  1.8) (8,  2.9) (4, -2.6) (1,  0.5) (8,  2.7) (4, -1.7) (1, -0.9)
 (4, -1.8) (1,  1.3) (8,  2.4) (4, -1.1) (8,  2.3) (4, -2.2) (4, -3.5)
 (4, -1. ) (4, -2.1) (4, -2. ) (4, -2.3) (4, -1.6) (1,  0.8) (4, -2.8)
 (4, -2.8) (8,  3. ) (3,  4.4) (8,  2.3) (4, -2. ) (4, -1.9) (3,  4.8)
 (1, -0.6) (8,  3.1) (4, -2.9) (4, -3.5) (1, -0.3) (1,  0.1) (8,  2.3)
 (8,  2.1) (3,  4.6) (3,  3.7) (4, -1.3) (4, -3.4) (4, -5.3) (1,  0. )
 (8,  2.4) (1, -0.6) (8,  2.3) (4, -3.7) (1, -0.9) (4, -1.5) (4, -3.3)
 (1, -0.1) (1, -0.2) (1,  0.5) (6,  6.1) (3,  4.1) (1,  0.1) (8,  3.2)
 (6,  5.4) (6,  5.8) (6,  6.3) (1, -0.9) (1,  0.2) (4, -3.7) (4, -2.7)
 (4, -2.5) (1, -0.5) (0,  9. ) (5, 13.1) (9,  8.7) (3,  3.9) (1,  0.7)
 (1,  1.1) (3,  5.1) (9,  7.5) (3,  4.7) (8,  3.2) (9,  7.8) (8,  2.4)
 (8,  3.2) (8,  2.5) (6,  6.5) (2, 14.4) (3,  4.9) (8,  2.3) (1,  1.4)
 (6,  5.6) (7, 16.8) (2, 14.4) (0, 10.3) (5, 11.2) (1,  0.3) (1,  0.5)
 (1,  0.5) (3,  4.6) (9,  8.2) (3,  4.5) (6,  6.7) (5, 11.9) (0,  9.2)
 (3,  4.4) (3,  5. ) (6,  6.7) (9,  8.3) (5, 11.3) (0,  9. ) (8,  3.4)
 (8,  3.2) (1,  0.9) (8,  3.3) (9,  7.9) (0,  9. ) (9,  7.1) (5, 12.5)
 (5, 12.5) (5, 12.3)]


analyzing the results:
number of max cluster size: 10
number of actually used clusters: 10
min value of all elements: -5.3
max value of all elements: 20.9
mean of all elements: 7.2655737704918035
median of all elements: 7.45
standard deviation of all elements: 6.017562236643699
variance of all elements: 36.21105527188032
distribution of all clusters: [0 0 0 0 0 0 0 0 0 0 0 0 0 0 0 0 0 0 0 0 0 0 0 0 0 0 0 0 1 1 1 1 1 1 1 1 1
 1 1 1 1 1 1 1 1 1 1 1 1 1 1 1 1 1 1 1 1 1 1 1 1 1 1 1 1 1 1 1 1 1 1 1 1 1
 1 1 1 1 1 2 2 2 2 2 2 2 2 2 2 2 2 2 2 2 2 2 2 2 2 2 2 2 2 2 2 2 2 2 2 2 2
 2 2 2 2 2 2 3 3 3 3 3 3 3 3 3 3 3 3 3 3 3 3 3 3 3 3 3 3 3 3 3 3 3 3 3 3 3
 3 4 4 4 4 4 4 4 4 4 4 4 4 4 4 4 4 4 4 4 4 4 4 4 4 4 4 4 4 4 4 4 4 4 5 5 5
 5 5 5 5 5 5 5 5 5 5 5 5 5 5 5 5 5 5 5 5 5 5 5 5 5 5 5 5 5 5 5 5 5 5 5 5 5
 5 5 5 5 5 5 5 5 5 5 5 5 5 5 5 5 5 5 5 5 5 5 6 6 6 6 6 6 6 6 6 6 6 6 6 6 6
 6 6 6 6 6 6 6 6 6 7 7 7 7 7 7 7 7 7 7 7 7 7 7 7 7 7 7 7 7 7 7 7 8 8 8 8 8
 8 8 8 8 8 8 8 8 8 8 8 8 8 8 8 8 8 8 8 8 8 8 8 8 8 8 8 8 9 9 9 9 9 9 9 9 9
 9 9 9 9 9 9 9 9 9 9 9 9 9 9 9 9 9 9 9 9 9 9 9 9 9 9 9 9 9 9 9 9 9]

cluster #0: 	sum elements:28  	min value: 9.0 	max value: 10.8 	mean: 9.9 	std deviation: 0.604 	median: 9.95
cluster #0 homoscedasticity given with ratio = 0
cluster #1: 	sum elements:51  	min value: -0.9 	max value: 1.5 	mean: 0.3 	std deviation: 0.694 	median: 0.4
cluster #1 homoscedasticity given with ratio = 0
cluster #2: 	sum elements:38  	min value: 13.9 	max value: 16.0 	mean: 15.0 	std deviation: 0.558 	median: 15.1
cluster #2 homoscedasticity given with ratio = 1.2099999999999993
cluster #3: 	sum elements:32  	min value: 3.7 	max value: 5.1 	mean: 4.4 	std deviation: 0.376 	median: 4.4
cluster #3 homoscedasticity given with ratio = 1.0000000000000027
cluster #4: 	sum elements:33  	min value: -5.3 	max value: -1.0 	mean: -2.4 	std deviation: 0.94 	median: -2.2
cluster #4 homoscedasticity NOT given with ratio = 4.290816326530613
cluster #5: 	sum elements:62  	min value: 11.2 	max value: 13.8 	mean: 12.5 	std deviation: 0.738 	median: 12.5
cluster #5 homoscedasticity given with ratio = 0
cluster #6: 	sum elements:24  	min value: 5.3 	max value: 6.7 	mean: 5.9 	std deviation: 0.477 	median: 6.0
cluster #6 homoscedasticity NOT given with ratio = 1.7777777777777737
cluster #7: 	sum elements:23  	min value: 16.3 	max value: 20.9 	mean: 17.4 	std deviation: 1.129 	median: 17.1
cluster #7 homoscedasticity NOT given with ratio = 10.1239669421488
cluster #8: 	sum elements:33  	min value: 1.8 	max value: 3.5 	mean: 2.7 	std deviation: 0.484 	median: 2.5
cluster #8 homoscedasticity given with ratio = 1.265625000000001
cluster #9: 	sum elements:42  	min value: 6.9 	max value: 8.9 	mean: 7.9 	std deviation: 0.577 	median: 7.9
cluster #9 homoscedasticity given with ratio = 0
homoscedasticity given for 7 of 10 used clusters

number of elements: 366

built clusters:
cluster #4: -5.3 -- -1.0 (33)
cluster #1: -0.9 -- 1.5 (51)
cluster #8: 1.8 -- 3.5 (33)
cluster #3: 3.7 -- 5.1 (32)
cluster #6: 5.3 -- 6.7 (24)
cluster #9: 6.9 -- 8.9 (42)
cluster #0: 9.0 -- 10.8 (28)
cluster #5: 11.2 -- 13.8 (62)
cluster #2: 13.9 -- 16.0 (38)
cluster #7: 16.3 -- 20.9 (23)

score even distribution (SED) MAX: 2.72e+15
score even distribution (SED) MAX: 2718126844747776.0
SED number of digits: 16

number of used clusters (NUC) MAX: 1.0

sum variances (SV) MIN: 4.647703117627828
sum variances (SV) MIN: 4.65e+00
ratio between SED and sv digits MAX: 0
SUM: NUC(MAX): 1.0	 SED(MAX): 2.72e+15	 SV(MIN): 4.65e+00

Mean Silhouette Coefficient of all clusters MSC(MAX): 0.56
(best value is 1 and the worst value is -1. Values near 0 indicate overlapping clusters)

Davies-Bouldin score DB(MIN): 0.49
(The minimum score is zero, with lower values indicating better clustering.)


TRIAL: 9
***********


starting algorithm at: 12:42:05.128423

finishing algorithm at: 12:42:05.139053

running time of algorithm: 0:00:00.010630

clusters with resulting frequencies:
[(9,  8. ) (6, 14. ) (1, 13.7) (1, 13.3) (9,  7.6) (2,  6.2) (2,  6.1)
 (9,  8.3) (9,  8.8) (9,  8.4) (5,  9.1) (9,  8.5) (5, 10.1) (1, 12.1)
 (5, 10.1) (1, 12.4) (1, 13.8) (1, 11.7) (1, 12.4) (6, 15.6) (6, 15.3)
 (4, 16.4) (1, 12.8) (1, 12. ) (6, 15.4) (6, 15.6) (1, 13.3) (1, 12.9)
 (6, 15.1) (1, 13.6) (6, 15.1) (1, 11.6) (4, 16.6) (1, 13.3) (6, 14.5)
 (4, 16.3) (4, 17.2) (4, 16.5) (6, 15. ) (6, 14.9) (1, 11.8) (1, 11.7)
 (5,  9.6) (9,  8.9) (5, 10.1) (6, 15.5) (5, 10.8) (9,  7.5) (1, 12.8)
 (1, 12.6) (6, 14.8) (4, 19.9) (5,  9.2) (1, 12.4) (1, 11.3) (5,  9.8)
 (6, 14.3) (6, 15.1) (6, 14.4) (6, 15.4) (1, 13.8) (1, 13.6) (6, 14.3)
 (6, 15.9) (4, 16.7) (1, 12.1) (6, 14.3) (4, 16.5) (4, 16.5) (4, 17.5)
 (6, 14.7) (4, 17.5) (4, 20.9) (4, 17. ) (6, 16. ) (6, 15.4) (4, 17.9)
 (6, 15.2) (6, 15.1) (6, 15.3) (4, 17.2) (6, 15.9) (5, 10. ) (5,  9.9)
 (5, 10.3) (6, 15.4) (1, 12.7) (1, 13.2) (6, 15.3) (4, 17.9) (4, 18. )
 (4, 17.6) (6, 16. ) (6, 14.9) (4, 17.1) (4, 18.2) (4, 16.8) (1, 13.6)
 (6, 14.5) (1, 12.4) (5, 10.4) (5,  9.1) (9,  8.9) (6, 14.5) (1, 12.6)
 (9,  8.6) (5, 10.8) (1, 11.2) (1, 12.1) (5, 10.8) (1, 11.4) (1, 12. )
 (4, 16.3) (1, 12.7) (1, 12.7) (1, 12. ) (1, 11.5) (1, 13. ) (1, 11.7)
 (6, 14.8) (9,  7.7) (7,  4.4) (9,  7.4) (9,  8.3) (5, 10.1) (1, 12. )
 (1, 12.9) (5, 10.8) (5,  9.5) (1, 12.1) (1, 12.5) (6, 13.9) (1, 13.3)
 (1, 13.2) (1, 12.3) (1, 13.8) (1, 11.3) (1, 11.7) (1, 12.5) (6, 15.1)
 (1, 11.5) (1, 13. ) (1, 11.6) (1, 12.8) (6, 15.5) (1, 13.1) (1, 12.6)
 (7,  4.4) (7,  4.4) (9,  7.1) (7,  4.2) (5,  9.6) (7,  3.5) (2,  5.3)
 (9,  7. ) (8,  0.4) (3,  3.2) (2,  5.9) (9,  8.1) (9,  6.9) (2,  5.6)
 (9,  7.2) (9,  7.1) (2,  6.1) (9,  7.1) (2,  5.6) (2,  5.4) (2,  6.3)
 (2,  5.3) (9,  7.9) (9,  8.4) (9,  8.1) (3,  2.4) (2,  5.6) (9,  7.5)
 (3,  2.5) (7,  5. ) (7,  3.8) (9,  7.9) (7,  4.3) (0, -2.1) (0, -1.8)
 (7,  3.8) (3,  2.1) (8,  0.5) (8, -0.9) (8,  0.4) (9,  7.5) (9,  8.3)
 (8, -0.2) (8,  0.1) (3,  1.5) (9,  8.3) (5,  9.4) (8,  1.3) (3,  2.2)
 (8, -0.4) (7,  4.5) (9,  7.9) (7,  4.3) (0, -2.7) (8,  0.3) (7,  3.8)
 (3,  2.4) (8,  1.2) (8,  1.2) (8, -0.3) (7,  4.7) (7,  4.9) (8,  1.4)
 (3,  2.2) (8, -0.1) (8, -0.9) (8,  0.6) (7,  4.6) (5,  9.8) (5, 10.6)
 (9,  7.8) (7,  4.4) (8, -0.2) (7,  4.3) (9,  7.4) (9,  8.6) (5, 10.2)
 (9,  7.3) (9,  8.7) (8,  1. ) (3,  2.1) (2,  6.4) (2,  5.4) (8,  0.4)
 (7,  4. ) (9,  8.4) (8,  0.4) (7,  4.2) (8,  0.9) (8,  0.8) (7,  4.3)
 (2,  6.3) (7,  3.5) (0, -1.5) (8,  1.2) (8,  0.5) (2,  5.3) (2,  6.6)
 (0, -1.6) (0, -3.1) (8, -0.1) (8, -0.6) (3,  3. ) (3,  2.9) (0, -1.3)
 (3,  1.8) (3,  2.9) (0, -2.6) (8,  0.5) (3,  2.7) (0, -1.7) (8, -0.9)
 (0, -1.8) (8,  1.3) (3,  2.4) (0, -1.1) (3,  2.3) (0, -2.2) (0, -3.5)
 (0, -1. ) (0, -2.1) (0, -2. ) (0, -2.3) (0, -1.6) (8,  0.8) (0, -2.8)
 (0, -2.8) (3,  3. ) (7,  4.4) (3,  2.3) (0, -2. ) (0, -1.9) (7,  4.8)
 (8, -0.6) (3,  3.1) (0, -2.9) (0, -3.5) (8, -0.3) (8,  0.1) (3,  2.3)
 (3,  2.1) (7,  4.6) (7,  3.7) (0, -1.3) (0, -3.4) (0, -5.3) (8,  0. )
 (3,  2.4) (8, -0.6) (3,  2.3) (0, -3.7) (8, -0.9) (0, -1.5) (0, -3.3)
 (8, -0.1) (8, -0.2) (8,  0.5) (2,  6.1) (7,  4.1) (8,  0.1) (3,  3.2)
 (2,  5.4) (2,  5.8) (2,  6.3) (8, -0.9) (8,  0.2) (0, -3.7) (0, -2.7)
 (0, -2.5) (8, -0.5) (5,  9. ) (1, 13.1) (9,  8.7) (7,  3.9) (8,  0.7)
 (8,  1.1) (7,  5.1) (9,  7.5) (7,  4.7) (3,  3.2) (9,  7.8) (3,  2.4)
 (3,  3.2) (3,  2.5) (2,  6.5) (6, 14.4) (7,  4.9) (3,  2.3) (8,  1.4)
 (2,  5.6) (4, 16.8) (6, 14.4) (5, 10.3) (1, 11.2) (8,  0.3) (8,  0.5)
 (8,  0.5) (7,  4.6) (9,  8.2) (7,  4.5) (2,  6.7) (1, 11.9) (5,  9.2)
 (7,  4.4) (7,  5. ) (2,  6.7) (9,  8.3) (1, 11.3) (5,  9. ) (7,  3.4)
 (3,  3.2) (8,  0.9) (3,  3.3) (9,  7.9) (5,  9. ) (9,  7.1) (1, 12.5)
 (1, 12.5) (1, 12.3)]


analyzing the results:
number of max cluster size: 10
number of actually used clusters: 10
min value of all elements: -5.3
max value of all elements: 20.9
mean of all elements: 7.2655737704918035
median of all elements: 7.45
standard deviation of all elements: 6.017562236643699
variance of all elements: 36.21105527188032
distribution of all clusters: [0 0 0 0 0 0 0 0 0 0 0 0 0 0 0 0 0 0 0 0 0 0 0 0 0 0 0 0 0 0 0 0 0 1 1 1 1
 1 1 1 1 1 1 1 1 1 1 1 1 1 1 1 1 1 1 1 1 1 1 1 1 1 1 1 1 1 1 1 1 1 1 1 1 1
 1 1 1 1 1 1 1 1 1 1 1 1 1 1 1 1 1 1 1 1 1 2 2 2 2 2 2 2 2 2 2 2 2 2 2 2 2
 2 2 2 2 2 2 2 2 3 3 3 3 3 3 3 3 3 3 3 3 3 3 3 3 3 3 3 3 3 3 3 3 3 3 3 3 3
 3 3 4 4 4 4 4 4 4 4 4 4 4 4 4 4 4 4 4 4 4 4 4 4 4 5 5 5 5 5 5 5 5 5 5 5 5
 5 5 5 5 5 5 5 5 5 5 5 5 5 5 5 5 6 6 6 6 6 6 6 6 6 6 6 6 6 6 6 6 6 6 6 6 6
 6 6 6 6 6 6 6 6 6 6 6 6 6 6 6 6 6 7 7 7 7 7 7 7 7 7 7 7 7 7 7 7 7 7 7 7 7
 7 7 7 7 7 7 7 7 7 7 7 7 7 7 7 8 8 8 8 8 8 8 8 8 8 8 8 8 8 8 8 8 8 8 8 8 8
 8 8 8 8 8 8 8 8 8 8 8 8 8 8 8 8 8 8 8 8 8 8 8 8 8 8 8 8 9 9 9 9 9 9 9 9 9
 9 9 9 9 9 9 9 9 9 9 9 9 9 9 9 9 9 9 9 9 9 9 9 9 9 9 9 9 9 9 9 9 9]

cluster #0: 	sum elements:33  	min value: -5.3 	max value: -1.0 	mean: -2.4 	std deviation: 0.94 	median: -2.2
cluster #0 homoscedasticity NOT given with ratio = 4.290816326530613
cluster #1: 	sum elements:62  	min value: 11.2 	max value: 13.8 	mean: 12.5 	std deviation: 0.738 	median: 12.5
cluster #1 homoscedasticity given with ratio = 0
cluster #2: 	sum elements:24  	min value: 5.3 	max value: 6.7 	mean: 5.9 	std deviation: 0.477 	median: 6.0
cluster #2 homoscedasticity NOT given with ratio = 1.7777777777777737
cluster #3: 	sum elements:31  	min value: 1.5 	max value: 3.3 	mean: 2.6 	std deviation: 0.469 	median: 2.4
cluster #3 homoscedasticity NOT given with ratio = 2.4693877551020433
cluster #4: 	sum elements:23  	min value: 16.3 	max value: 20.9 	mean: 17.4 	std deviation: 1.129 	median: 17.1
cluster #4 homoscedasticity NOT given with ratio = 10.1239669421488
cluster #5: 	sum elements:28  	min value: 9.0 	max value: 10.8 	mean: 9.9 	std deviation: 0.604 	median: 9.95
cluster #5 homoscedasticity given with ratio = 0
cluster #6: 	sum elements:38  	min value: 13.9 	max value: 16.0 	mean: 15.0 	std deviation: 0.558 	median: 15.1
cluster #6 homoscedasticity given with ratio = 1.2099999999999993
cluster #7: 	sum elements:35  	min value: 3.4 	max value: 5.1 	mean: 4.3 	std deviation: 0.447 	median: 4.4
cluster #7 homoscedasticity given with ratio = 1.2656250000000004
cluster #8: 	sum elements:50  	min value: -0.9 	max value: 1.4 	mean: 0.3 	std deviation: 0.679 	median: 0.35
cluster #8 homoscedasticity given with ratio = 1.1900826446280994
cluster #9: 	sum elements:42  	min value: 6.9 	max value: 8.9 	mean: 7.9 	std deviation: 0.577 	median: 7.9
cluster #9 homoscedasticity given with ratio = 0
homoscedasticity given for 6 of 10 used clusters

number of elements: 366

built clusters:
cluster #0: -5.3 -- -1.0 (33)
cluster #8: -0.9 -- 1.4 (50)
cluster #3: 1.5 -- 3.3 (31)
cluster #7: 3.4 -- 5.1 (35)
cluster #2: 5.3 -- 6.7 (24)
cluster #9: 6.9 -- 8.9 (42)
cluster #5: 9.0 -- 10.8 (28)
cluster #1: 11.2 -- 13.8 (62)
cluster #6: 13.9 -- 16.0 (38)
cluster #4: 16.3 -- 20.9 (23)

score even distribution (SED) MAX: 2.74e+15
score even distribution (SED) MAX: 2738012131008000.0
SED number of digits: 16

number of used clusters (NUC) MAX: 1.0

sum variances (SV) MIN: 4.66985227720109
sum variances (SV) MIN: 4.67e+00
ratio between SED and sv digits MAX: 0
SUM: NUC(MAX): 1.0	 SED(MAX): 2.74e+15	 SV(MIN): 4.67e+00

Mean Silhouette Coefficient of all clusters MSC(MAX): 0.56
(best value is 1 and the worst value is -1. Values near 0 indicate overlapping clusters)

Davies-Bouldin score DB(MIN): 0.49
(The minimum score is zero, with lower values indicating better clustering.)


TRIAL: 10
***********


starting algorithm at: 12:42:05.154564

finishing algorithm at: 12:42:05.177041

running time of algorithm: 0:00:00.022477

clusters with resulting frequencies:
[(3,  8. ) (7, 14. ) (0, 13.7) (0, 13.3) (3,  7.6) (2,  6.2) (2,  6.1)
 (3,  8.3) (3,  8.8) (3,  8.4) (3,  9.1) (3,  8.5) (9, 10.1) (0, 12.1)
 (9, 10.1) (0, 12.4) (0, 13.8) (9, 11.7) (0, 12.4) (7, 15.6) (7, 15.3)
 (4, 16.4) (0, 12.8) (0, 12. ) (7, 15.4) (7, 15.6) (0, 13.3) (0, 12.9)
 (7, 15.1) (0, 13.6) (7, 15.1) (9, 11.6) (4, 16.6) (0, 13.3) (7, 14.5)
 (4, 16.3) (4, 17.2) (4, 16.5) (7, 15. ) (7, 14.9) (9, 11.8) (9, 11.7)
 (3,  9.6) (3,  8.9) (9, 10.1) (7, 15.5) (9, 10.8) (3,  7.5) (0, 12.8)
 (0, 12.6) (7, 14.8) (4, 19.9) (3,  9.2) (0, 12.4) (9, 11.3) (3,  9.8)
 (7, 14.3) (7, 15.1) (7, 14.4) (7, 15.4) (0, 13.8) (0, 13.6) (7, 14.3)
 (4, 15.9) (4, 16.7) (0, 12.1) (7, 14.3) (4, 16.5) (4, 16.5) (4, 17.5)
 (7, 14.7) (4, 17.5) (4, 20.9) (4, 17. ) (4, 16. ) (7, 15.4) (4, 17.9)
 (7, 15.2) (7, 15.1) (7, 15.3) (4, 17.2) (4, 15.9) (9, 10. ) (9,  9.9)
 (9, 10.3) (7, 15.4) (0, 12.7) (0, 13.2) (7, 15.3) (4, 17.9) (4, 18. )
 (4, 17.6) (4, 16. ) (7, 14.9) (4, 17.1) (4, 18.2) (4, 16.8) (0, 13.6)
 (7, 14.5) (0, 12.4) (9, 10.4) (3,  9.1) (3,  8.9) (7, 14.5) (0, 12.6)
 (3,  8.6) (9, 10.8) (9, 11.2) (0, 12.1) (9, 10.8) (9, 11.4) (0, 12. )
 (4, 16.3) (0, 12.7) (0, 12.7) (0, 12. ) (9, 11.5) (0, 13. ) (9, 11.7)
 (7, 14.8) (3,  7.7) (6,  4.4) (3,  7.4) (3,  8.3) (9, 10.1) (0, 12. )
 (0, 12.9) (9, 10.8) (3,  9.5) (0, 12.1) (0, 12.5) (0, 13.9) (0, 13.3)
 (0, 13.2) (0, 12.3) (0, 13.8) (9, 11.3) (9, 11.7) (0, 12.5) (7, 15.1)
 (9, 11.5) (0, 13. ) (9, 11.6) (0, 12.8) (7, 15.5) (0, 13.1) (0, 12.6)
 (6,  4.4) (6,  4.4) (2,  7.1) (6,  4.2) (3,  9.6) (6,  3.5) (6,  5.3)
 (2,  7. ) (8,  0.4) (1,  3.2) (2,  5.9) (3,  8.1) (2,  6.9) (2,  5.6)
 (2,  7.2) (2,  7.1) (2,  6.1) (2,  7.1) (2,  5.6) (2,  5.4) (2,  6.3)
 (6,  5.3) (3,  7.9) (3,  8.4) (3,  8.1) (1,  2.4) (2,  5.6) (3,  7.5)
 (1,  2.5) (6,  5. ) (6,  3.8) (3,  7.9) (6,  4.3) (5, -2.1) (5, -1.8)
 (6,  3.8) (1,  2.1) (8,  0.5) (8, -0.9) (8,  0.4) (3,  7.5) (3,  8.3)
 (8, -0.2) (8,  0.1) (8,  1.5) (3,  8.3) (3,  9.4) (8,  1.3) (1,  2.2)
 (8, -0.4) (6,  4.5) (3,  7.9) (6,  4.3) (5, -2.7) (8,  0.3) (6,  3.8)
 (1,  2.4) (8,  1.2) (8,  1.2) (8, -0.3) (6,  4.7) (6,  4.9) (8,  1.4)
 (1,  2.2) (8, -0.1) (8, -0.9) (8,  0.6) (6,  4.6) (3,  9.8) (9, 10.6)
 (3,  7.8) (6,  4.4) (8, -0.2) (6,  4.3) (3,  7.4) (3,  8.6) (9, 10.2)
 (2,  7.3) (3,  8.7) (8,  1. ) (1,  2.1) (2,  6.4) (2,  5.4) (8,  0.4)
 (6,  4. ) (3,  8.4) (8,  0.4) (6,  4.2) (8,  0.9) (8,  0.8) (6,  4.3)
 (2,  6.3) (6,  3.5) (5, -1.5) (8,  1.2) (8,  0.5) (6,  5.3) (2,  6.6)
 (5, -1.6) (5, -3.1) (8, -0.1) (8, -0.6) (1,  3. ) (1,  2.9) (5, -1.3)
 (1,  1.8) (1,  2.9) (5, -2.6) (8,  0.5) (1,  2.7) (5, -1.7) (8, -0.9)
 (5, -1.8) (8,  1.3) (1,  2.4) (5, -1.1) (1,  2.3) (5, -2.2) (5, -3.5)
 (5, -1. ) (5, -2.1) (5, -2. ) (5, -2.3) (5, -1.6) (8,  0.8) (5, -2.8)
 (5, -2.8) (1,  3. ) (6,  4.4) (1,  2.3) (5, -2. ) (5, -1.9) (6,  4.8)
 (8, -0.6) (1,  3.1) (5, -2.9) (5, -3.5) (8, -0.3) (8,  0.1) (1,  2.3)
 (1,  2.1) (6,  4.6) (6,  3.7) (5, -1.3) (5, -3.4) (5, -5.3) (8,  0. )
 (1,  2.4) (8, -0.6) (1,  2.3) (5, -3.7) (8, -0.9) (5, -1.5) (5, -3.3)
 (8, -0.1) (8, -0.2) (8,  0.5) (2,  6.1) (6,  4.1) (8,  0.1) (1,  3.2)
 (2,  5.4) (2,  5.8) (2,  6.3) (8, -0.9) (8,  0.2) (5, -3.7) (5, -2.7)
 (5, -2.5) (8, -0.5) (3,  9. ) (0, 13.1) (3,  8.7) (6,  3.9) (8,  0.7)
 (8,  1.1) (6,  5.1) (3,  7.5) (6,  4.7) (1,  3.2) (3,  7.8) (1,  2.4)
 (1,  3.2) (1,  2.5) (2,  6.5) (7, 14.4) (6,  4.9) (1,  2.3) (8,  1.4)
 (2,  5.6) (4, 16.8) (7, 14.4) (9, 10.3) (9, 11.2) (8,  0.3) (8,  0.5)
 (8,  0.5) (6,  4.6) (3,  8.2) (6,  4.5) (2,  6.7) (9, 11.9) (3,  9.2)
 (6,  4.4) (6,  5. ) (2,  6.7) (3,  8.3) (9, 11.3) (3,  9. ) (6,  3.4)
 (1,  3.2) (8,  0.9) (1,  3.3) (3,  7.9) (3,  9. ) (2,  7.1) (0, 12.5)
 (0, 12.5) (0, 12.3)]


analyzing the results:
number of max cluster size: 10
number of actually used clusters: 10
min value of all elements: -5.3
max value of all elements: 20.9
mean of all elements: 7.2655737704918035
median of all elements: 7.45
standard deviation of all elements: 6.017562236643698
variance of all elements: 36.21105527188031
distribution of all clusters: [0 0 0 0 0 0 0 0 0 0 0 0 0 0 0 0 0 0 0 0 0 0 0 0 0 0 0 0 0 0 0 0 0 0 0 0 0
 0 0 0 0 0 0 0 0 0 0 1 1 1 1 1 1 1 1 1 1 1 1 1 1 1 1 1 1 1 1 1 1 1 1 1 1 1
 1 1 1 2 2 2 2 2 2 2 2 2 2 2 2 2 2 2 2 2 2 2 2 2 2 2 2 2 2 2 2 2 3 3 3 3 3
 3 3 3 3 3 3 3 3 3 3 3 3 3 3 3 3 3 3 3 3 3 3 3 3 3 3 3 3 3 3 3 3 3 3 3 3 3
 3 3 3 3 3 4 4 4 4 4 4 4 4 4 4 4 4 4 4 4 4 4 4 4 4 4 4 4 4 4 4 4 5 5 5 5 5
 5 5 5 5 5 5 5 5 5 5 5 5 5 5 5 5 5 5 5 5 5 5 5 5 5 5 5 5 6 6 6 6 6 6 6 6 6
 6 6 6 6 6 6 6 6 6 6 6 6 6 6 6 6 6 6 6 6 6 6 6 6 6 6 6 6 6 7 7 7 7 7 7 7 7
 7 7 7 7 7 7 7 7 7 7 7 7 7 7 7 7 7 7 7 7 7 7 7 7 7 8 8 8 8 8 8 8 8 8 8 8 8
 8 8 8 8 8 8 8 8 8 8 8 8 8 8 8 8 8 8 8 8 8 8 8 8 8 8 8 8 8 8 8 8 8 8 8 8 8
 8 8 9 9 9 9 9 9 9 9 9 9 9 9 9 9 9 9 9 9 9 9 9 9 9 9 9 9 9 9 9 9 9]

cluster #0: 	sum elements:47  	min value: 12.0 	max value: 13.9 	mean: 12.8 	std deviation: 0.565 	median: 12.7
cluster #0 homoscedasticity NOT given with ratio = 1.8906249999999956
cluster #1: 	sum elements:30  	min value: 1.8 	max value: 3.3 	mean: 2.6 	std deviation: 0.433 	median: 2.4
cluster #1 homoscedasticity given with ratio = 1.306122448979593
cluster #2: 	sum elements:29  	min value: 5.4 	max value: 7.3 	mean: 6.3 	std deviation: 0.615 	median: 6.3
cluster #2 homoscedasticity given with ratio = 1.2345679012345694
cluster #3: 	sum elements:47  	min value: 7.4 	max value: 9.8 	mean: 8.5 	std deviation: 0.686 	median: 8.4
cluster #3 homoscedasticity given with ratio = 1.3966942148760355
cluster #4: 	sum elements:27  	min value: 15.9 	max value: 20.9 	mean: 17.2 	std deviation: 1.158 	median: 16.8
cluster #4 homoscedasticity NOT given with ratio = 8.100591715976341
cluster #5: 	sum elements:33  	min value: -5.3 	max value: -1.0 	mean: -2.4 	std deviation: 0.94 	median: -2.2
cluster #5 homoscedasticity NOT given with ratio = 4.290816326530613
cluster #6: 	sum elements:38  	min value: 3.4 	max value: 5.3 	mean: 4.4 	std deviation: 0.505 	median: 4.4
cluster #6 homoscedasticity given with ratio = 1.2345679012345705
cluster #7: 	sum elements:33  	min value: 14.0 	max value: 15.6 	mean: 14.9 	std deviation: 0.454 	median: 15.1
cluster #7 homoscedasticity NOT given with ratio = 1.6530612244898006
cluster #8: 	sum elements:51  	min value: -0.9 	max value: 1.5 	mean: 0.3 	std deviation: 0.694 	median: 0.4
cluster #8 homoscedasticity given with ratio = 0
cluster #9: 	sum elements:31  	min value: 9.9 	max value: 11.9 	mean: 11.0 	std deviation: 0.654 	median: 11.2
cluster #9 homoscedasticity given with ratio = 1.4938271604938251
homoscedasticity given for 6 of 10 used clusters

number of elements: 366

built clusters:
cluster #5: -5.3 -- -1.0 (33)
cluster #8: -0.9 -- 1.5 (51)
cluster #1: 1.8 -- 3.3 (30)
cluster #6: 3.4 -- 5.3 (38)
cluster #2: 5.4 -- 7.3 (29)
cluster #3: 7.4 -- 9.8 (47)
cluster #9: 9.9 -- 11.9 (31)
cluster #0: 12.0 -- 13.9 (47)
cluster #7: 14.0 -- 15.6 (33)
cluster #4: 15.9 -- 20.9 (27)

score even distribution (SED) MAX: 3.39e+15
score even distribution (SED) MAX: 3394861639664220.0
SED number of digits: 16

number of used clusters (NUC) MAX: 1.0

sum variances (SV) MIN: 4.802084817942974
sum variances (SV) MIN: 4.80e+00
ratio between SED and sv digits MAX: 0
SUM: NUC(MAX): 1.0	 SED(MAX): 3.39e+15	 SV(MIN): 4.80e+00

Mean Silhouette Coefficient of all clusters MSC(MAX): 0.54
(best value is 1 and the worst value is -1. Values near 0 indicate overlapping clusters)

Davies-Bouldin score DB(MIN): 0.51
(The minimum score is zero, with lower values indicating better clustering.)

finished all 10 trials


Variances (Population):
 NUC: 0.0
 SED: 6.99e+29
 SV: 1.95e-02
 MSC: 1.77e-04



TEST NUCs: [1. 1. 1. 1. 1. 1. 1. 1. 1. 1.]

Process finished with exit code 0
