starting algorithm at: 16:06:57.474737
finishing algorithm at: 16:06:57.481251

running time of algorithm: 0:00:00.006514

[(0, -3.58) (0, -3.56) (0, -3.53) (0, -3.5 ) (0, -3.46) (0, -3.41)
 (0, -3.39) (0, -3.39) (0, -3.38) (0, -3.37) (0, -3.35) (0, -3.34)
 (0, -3.31) (0, -3.29) (0, -3.28) (0, -3.24) (0, -3.2 ) (0, -3.19)
 (0, -3.19) (0, -3.18) (0, -3.18) (0, -3.17) (0, -3.17) (0, -3.17)
 (0, -3.15) (0, -3.14) (0, -3.13) (0, -3.12) (0, -3.12) (0, -3.11)
 (0, -3.11) (0, -3.11) (0, -3.09) (0, -3.07) (0, -3.07) (0, -3.07)
 (0, -3.06) (0, -3.06) (0, -3.05) (0, -3.04) (0, -3.04) (0, -3.04)
 (0, -3.03) (0, -3.03) (0, -3.  ) (0, -3.  ) (0, -3.  ) (0, -2.98)
 (0, -2.98) (0, -2.97) (0, -2.97) (0, -2.96) (0, -2.96) (0, -2.96)
 (0, -2.95) (0, -2.93) (0, -2.93) (0, -2.92) (0, -2.91) (0, -2.91)
 (0, -2.91) (0, -2.91) (0, -2.91) (0, -2.9 ) (1, -2.89) (1, -2.88)
 (1, -2.87) (1, -2.86) (1, -2.84) (1, -2.84) (1, -2.84) (1, -2.81)
 (1, -2.81) (1, -2.8 ) (1, -2.79) (1, -2.79) (1, -2.79) (1, -2.79)
 (1, -2.79) (1, -2.77) (1, -2.76) (1, -2.76) (1, -2.76) (1, -2.76)
 (1, -2.74) (1, -2.73) (1, -2.72) (1, -2.72) (1, -2.72) (1, -2.71)
 (1, -2.71) (1, -2.71) (1, -2.71) (1, -2.7 ) (1, -2.7 ) (1, -2.7 )
 (1, -2.7 ) (1, -2.7 ) (1, -2.69) (1, -2.69) (1, -2.69) (1, -2.69)
 (1, -2.68) (1, -2.68) (1, -2.68) (1, -2.68) (1, -2.68) (1, -2.67)
 (1, -2.67) (1, -2.67) (1, -2.66) (1, -2.66) (1, -2.65) (1, -2.65)
 (1, -2.64) (1, -2.64) (1, -2.63) (1, -2.63) (1, -2.63) (1, -2.63)
 (1, -2.63) (1, -2.62) (1, -2.62) (1, -2.59) (1, -2.58) (1, -2.57)
 (1, -2.57) (1, -2.57) (1, -2.56) (1, -2.55) (1, -2.55) (1, -2.54)
 (1, -2.54) (1, -2.52) (1, -2.52) (1, -2.52) (1, -2.52) (1, -2.52)
 (1, -2.51) (1, -2.5 ) (1, -2.49) (1, -2.48) (1, -2.48) (1, -2.48)
 (1, -2.47) (1, -2.47) (1, -2.46) (1, -2.46) (1, -2.45) (1, -2.44)
 (1, -2.44) (1, -2.44) (1, -2.44) (2, -2.43) (2, -2.42) (2, -2.42)
 (2, -2.41) (2, -2.41) (2, -2.4 ) (2, -2.4 ) (2, -2.38) (2, -2.38)
 (2, -2.37) (2, -2.37) (2, -2.37) (2, -2.36) (2, -2.36) (2, -2.35)
 (2, -2.35) (2, -2.35) (2, -2.35) (2, -2.35) (2, -2.33) (2, -2.33)
 (2, -2.33) (2, -2.31) (2, -2.31) (2, -2.3 ) (2, -2.3 ) (2, -2.3 )
 (2, -2.3 ) (2, -2.3 ) (2, -2.3 ) (2, -2.29) (2, -2.29) (2, -2.29)
 (2, -2.29) (2, -2.29) (2, -2.29) (2, -2.28) (2, -2.28) (2, -2.28)
 (2, -2.27) (2, -2.27) (2, -2.27) (2, -2.27) (2, -2.26) (2, -2.26)
 (2, -2.26) (2, -2.26) (2, -2.25) (2, -2.24) (2, -2.24) (2, -2.22)
 (2, -2.22) (2, -2.22) (2, -2.21) (2, -2.21) (2, -2.2 ) (2, -2.19)
 (2, -2.19) (2, -2.19) (2, -2.19) (2, -2.19) (2, -2.18) (2, -2.17)
 (2, -2.17) (2, -2.15) (2, -2.15) (2, -2.15) (2, -2.14) (2, -2.14)
 (2, -2.14) (2, -2.13) (2, -2.13) (2, -2.12) (2, -2.12) (2, -2.12)
 (2, -2.11) (2, -2.1 ) (2, -2.1 ) (2, -2.1 ) (2, -2.09) (2, -2.08)
 (2, -2.08) (2, -2.08) (2, -2.07) (2, -2.07) (2, -2.06) (2, -2.05)
 (2, -2.05) (2, -2.03) (2, -2.02) (2, -2.01) (2, -2.01) (2, -2.01)
 (2, -2.  ) (2, -1.99) (2, -1.99) (2, -1.94) (2, -1.94) (3, -1.92)
 (3, -1.9 ) (3, -1.9 ) (3, -1.89) (3, -1.89) (3, -1.88) (3, -1.87)
 (3, -1.87) (3, -1.87) (3, -1.85) (3, -1.84) (3, -1.83) (3, -1.79)
 (3, -1.77) (3, -1.75) (3, -1.75) (3, -1.74) (3, -1.74) (3, -1.73)
 (3, -1.71) (3, -1.71) (3, -1.71) (3, -1.7 ) (3, -1.67) (3, -1.65)
 (3, -1.63) (3, -1.61) (3, -1.61) (3, -1.59) (3, -1.59) (3, -1.58)
 (3, -1.57) (3, -1.57) (3, -1.53) (3, -1.52) (3, -1.52) (3, -1.52)
 (3, -1.52) (3, -1.49) (3, -1.48) (3, -1.4 ) (3, -1.36) (3, -1.31)
 (3, -1.29) (3, -1.26) (3, -1.22) (3, -1.1 ) (4, -1.04) (4, -1.04)
 (4,  0.62) (4,  0.88) (4,  0.92) (4,  0.93) (4,  1.03) (4,  1.05)
 (4,  1.17) (4,  1.18) (4,  1.26) (4,  1.27) (4,  1.34) (4,  1.37)
 (4,  1.37) (4,  1.39) (4,  1.4 ) (4,  1.41) (4,  1.42) (4,  1.51)
 (4,  1.52) (5,  1.53) (5,  1.55) (5,  1.56) (5,  1.57) (5,  1.58)
 (5,  1.58) (5,  1.59) (5,  1.6 ) (5,  1.62) (5,  1.62) (5,  1.63)
 (5,  1.63) (5,  1.64) (5,  1.64) (5,  1.67) (5,  1.68) (5,  1.68)
 (5,  1.68) (5,  1.69) (5,  1.69) (5,  1.69) (5,  1.69) (5,  1.69)
 (5,  1.7 ) (5,  1.7 ) (5,  1.71) (5,  1.73) (5,  1.73) (5,  1.73)
 (5,  1.73) (5,  1.75) (5,  1.76) (5,  1.77) (5,  1.77) (5,  1.77)
 (5,  1.78) (5,  1.78) (5,  1.79) (5,  1.79) (5,  1.8 ) (5,  1.81)
 (5,  1.82) (5,  1.82) (5,  1.82) (5,  1.82) (5,  1.83) (5,  1.85)
 (5,  1.86) (5,  1.86) (5,  1.86) (5,  1.87) (5,  1.87) (5,  1.87)
 (5,  1.88) (5,  1.88) (5,  1.88) (5,  1.89) (5,  1.9 ) (5,  1.91)
 (5,  1.91) (5,  1.91) (5,  1.91) (5,  1.91) (5,  1.91) (5,  1.91)
 (5,  1.92) (5,  1.92) (5,  1.92) (5,  1.92) (5,  1.92) (5,  1.93)
 (5,  1.94) (5,  1.94) (5,  1.94) (5,  1.94) (5,  1.94) (5,  1.94)
 (5,  1.95) (5,  1.95) (5,  1.95) (5,  1.95) (5,  1.95) (5,  1.96)
 (5,  1.96) (5,  1.96) (5,  1.96) (5,  1.96) (5,  1.97) (5,  1.97)
 (5,  1.97) (5,  1.97) (5,  1.97) (5,  1.97) (5,  1.98) (5,  1.98)
 (5,  1.98) (5,  1.99) (5,  1.99) (5,  2.  ) (5,  2.  ) (5,  2.  )
 (5,  2.  ) (5,  2.02) (5,  2.02) (5,  2.02) (5,  2.02) (5,  2.02)
 (5,  2.03) (5,  2.03) (5,  2.03) (5,  2.04) (5,  2.04) (5,  2.04)
 (5,  2.05) (5,  2.05) (5,  2.05) (6,  2.06) (6,  2.07) (6,  2.08)
 (6,  2.09) (6,  2.1 ) (6,  2.1 ) (6,  2.1 ) (6,  2.1 ) (6,  2.11)
 (6,  2.11) (6,  2.11) (6,  2.11) (6,  2.12) (6,  2.12) (6,  2.12)
 (6,  2.12) (6,  2.13) (6,  2.13) (6,  2.13) (6,  2.13) (6,  2.13)
 (6,  2.13) (6,  2.13) (6,  2.13) (6,  2.14) (6,  2.14) (6,  2.15)
 (6,  2.15) (6,  2.15) (6,  2.16) (6,  2.16) (6,  2.16) (6,  2.16)
 (6,  2.16) (6,  2.16) (6,  2.17) (6,  2.17) (6,  2.17) (6,  2.18)
 (6,  2.18) (6,  2.18) (6,  2.18) (6,  2.19) (6,  2.19) (6,  2.19)
 (6,  2.19) (6,  2.19) (6,  2.2 ) (6,  2.2 ) (6,  2.2 ) (6,  2.2 )
 (6,  2.21) (6,  2.21) (6,  2.21) (6,  2.22) (6,  2.22) (6,  2.22)
 (6,  2.23) (6,  2.23) (6,  2.24) (6,  2.24) (6,  2.24) (6,  2.24)
 (6,  2.24) (6,  2.24) (6,  2.24) (6,  2.25) (6,  2.25) (6,  2.25)
 (6,  2.25) (6,  2.25) (6,  2.26) (6,  2.26) (6,  2.26) (6,  2.26)
 (6,  2.26) (6,  2.26) (6,  2.27) (6,  2.27) (6,  2.27) (6,  2.27)
 (6,  2.27) (6,  2.27) (6,  2.27) (6,  2.28) (6,  2.28) (6,  2.28)
 (6,  2.28) (6,  2.29) (6,  2.29) (6,  2.29) (6,  2.29) (6,  2.29)
 (6,  2.29) (6,  2.29) (6,  2.3 ) (6,  2.3 ) (6,  2.31) (6,  2.31)
 (6,  2.31) (6,  2.31) (6,  2.31) (6,  2.31) (6,  2.31) (6,  2.32)
 (6,  2.32) (6,  2.32) (6,  2.32) (6,  2.32) (6,  2.32) (6,  2.32)
 (6,  2.32) (6,  2.33) (6,  2.33) (6,  2.33) (6,  2.33) (6,  2.33)
 (6,  2.34) (6,  2.34) (6,  2.35) (6,  2.35) (6,  2.35) (6,  2.35)
 (6,  2.35) (6,  2.35) (6,  2.35) (6,  2.35) (6,  2.36) (6,  2.36)
 (6,  2.36) (6,  2.36) (6,  2.36) (6,  2.36) (6,  2.36) (6,  2.37)
 (6,  2.37) (6,  2.37) (6,  2.37) (6,  2.37) (6,  2.37) (6,  2.37)
 (6,  2.38) (6,  2.38) (6,  2.38) (6,  2.38) (6,  2.38) (6,  2.39)
 (6,  2.39) (6,  2.39) (6,  2.39) (6,  2.39) (6,  2.39) (6,  2.4 )
 (6,  2.4 ) (6,  2.41) (6,  2.41) (6,  2.41) (6,  2.41) (6,  2.41)
 (6,  2.42) (6,  2.42) (6,  2.42) (6,  2.42) (6,  2.42) (6,  2.42)
 (6,  2.42) (7,  2.43) (7,  2.44) (7,  2.44) (7,  2.44) (7,  2.44)
 (7,  2.44) (7,  2.44) (7,  2.44) (7,  2.45) (7,  2.45) (7,  2.45)
 (7,  2.45) (7,  2.45) (7,  2.45) (7,  2.45) (7,  2.45) (7,  2.45)
 (7,  2.45) (7,  2.45) (7,  2.46) (7,  2.46) (7,  2.46) (7,  2.46)
 (7,  2.46) (7,  2.46) (7,  2.46) (7,  2.47) (7,  2.47) (7,  2.47)
 (7,  2.48) (7,  2.48) (7,  2.48) (7,  2.48) (7,  2.48) (7,  2.48)
 (7,  2.49) (7,  2.49) (7,  2.49) (7,  2.49) (7,  2.5 ) (7,  2.5 )
 (7,  2.5 ) (7,  2.5 ) (7,  2.5 ) (7,  2.5 ) (7,  2.51) (7,  2.51)
 (7,  2.52) (7,  2.52) (7,  2.52) (7,  2.53) (7,  2.53) (7,  2.53)
 (7,  2.53) (7,  2.53) (7,  2.53) (7,  2.53) (7,  2.53) (7,  2.53)
 (7,  2.53) (7,  2.53) (7,  2.53) (7,  2.53) (7,  2.53) (7,  2.53)
 (7,  2.54) (7,  2.54) (7,  2.54) (7,  2.54) (7,  2.55) (7,  2.55)
 (7,  2.55) (7,  2.55) (7,  2.55) (7,  2.55) (7,  2.55) (7,  2.56)
 (7,  2.56) (7,  2.56) (7,  2.56) (7,  2.56) (7,  2.57) (7,  2.57)
 (7,  2.57) (7,  2.57) (7,  2.57) (7,  2.57) (7,  2.57) (7,  2.57)
 (7,  2.58) (7,  2.58) (7,  2.58) (7,  2.58) (7,  2.58) (7,  2.58)
 (7,  2.59) (7,  2.59) (7,  2.59) (7,  2.59) (7,  2.59) (7,  2.59)
 (7,  2.59) (7,  2.59) (7,  2.6 ) (7,  2.6 ) (7,  2.6 ) (7,  2.6 )
 (7,  2.6 ) (7,  2.6 ) (7,  2.6 ) (7,  2.6 ) (7,  2.61) (7,  2.61)
 (7,  2.61) (7,  2.61) (7,  2.61) (7,  2.62) (7,  2.62) (7,  2.63)
 (7,  2.63) (7,  2.63) (7,  2.63) (7,  2.63) (7,  2.63) (7,  2.64)
 (7,  2.64) (7,  2.65) (7,  2.65) (7,  2.66) (7,  2.66) (7,  2.66)
 (7,  2.67) (7,  2.67) (7,  2.67) (7,  2.67) (7,  2.67) (7,  2.67)
 (7,  2.67) (7,  2.67) (7,  2.68) (7,  2.68) (7,  2.68) (7,  2.68)
 (7,  2.68) (7,  2.68) (7,  2.68) (7,  2.69) (7,  2.69) (7,  2.69)
 (7,  2.69) (7,  2.69) (7,  2.69) (7,  2.69) (7,  2.7 ) (7,  2.7 )
 (7,  2.7 ) (7,  2.71) (7,  2.71) (7,  2.71) (7,  2.71) (7,  2.72)
 (7,  2.72) (7,  2.72) (7,  2.72) (7,  2.72) (7,  2.72) (7,  2.72)
 (7,  2.72) (7,  2.73) (7,  2.73) (7,  2.73) (7,  2.73) (7,  2.73)
 (7,  2.74) (7,  2.74) (7,  2.74) (7,  2.74) (7,  2.74) (7,  2.74)
 (7,  2.74) (7,  2.75) (7,  2.75) (7,  2.75) (7,  2.76) (7,  2.76)
 (7,  2.76) (7,  2.76) (7,  2.76) (7,  2.76) (7,  2.76) (8,  2.77)
 (8,  2.78) (8,  2.78) (8,  2.78) (8,  2.78) (8,  2.79) (8,  2.79)
 (8,  2.79) (8,  2.79) (8,  2.79) (8,  2.8 ) (8,  2.8 ) (8,  2.8 )
 (8,  2.81) (8,  2.81) (8,  2.81) (8,  2.81) (8,  2.81) (8,  2.81)
 (8,  2.81) (8,  2.82) (8,  2.82) (8,  2.82) (8,  2.83) (8,  2.83)
 (8,  2.83) (8,  2.83) (8,  2.83) (8,  2.83) (8,  2.83) (8,  2.84)
 (8,  2.85) (8,  2.86) (8,  2.87) (8,  2.87) (8,  2.88) (8,  2.88)
 (8,  2.88) (8,  2.88) (8,  2.88) (8,  2.88) (8,  2.89) (8,  2.89)
 (8,  2.9 ) (8,  2.9 ) (8,  2.9 ) (8,  2.9 ) (8,  2.9 ) (8,  2.9 )
 (8,  2.9 ) (8,  2.9 ) (8,  2.9 ) (8,  2.9 ) (8,  2.9 ) (8,  2.9 )
 (8,  2.9 ) (8,  2.9 ) (8,  2.9 ) (8,  2.91) (8,  2.91) (8,  2.91)
 (8,  2.92) (8,  2.92) (8,  2.93) (8,  2.93) (8,  2.94) (8,  2.94)
 (8,  2.94) (8,  2.95) (8,  2.95) (8,  2.95) (8,  2.95) (8,  2.96)
 (8,  2.96) (8,  2.96) (8,  2.96) (8,  2.96) (8,  2.96) (8,  2.97)
 (8,  2.97) (8,  2.97) (8,  2.97) (8,  2.97) (8,  2.97) (8,  2.97)
 (8,  2.97) (8,  2.97) (8,  2.97) (8,  2.97) (8,  2.98) (8,  2.98)
 (8,  2.98) (8,  2.98) (8,  2.99) (8,  3.  ) (8,  3.  ) (8,  3.  )
 (8,  3.  ) (8,  3.  ) (8,  3.  ) (8,  3.  ) (8,  3.01) (8,  3.01)
 (8,  3.01) (8,  3.01) (8,  3.01) (8,  3.01) (8,  3.02) (8,  3.02)
 (8,  3.02) (8,  3.03) (8,  3.03) (8,  3.03) (8,  3.03) (8,  3.03)
 (8,  3.04) (8,  3.04) (8,  3.05) (8,  3.05) (8,  3.06) (8,  3.06)
 (8,  3.07) (8,  3.08) (8,  3.09) (8,  3.09) (8,  3.1 ) (8,  3.11)
 (8,  3.11) (8,  3.11) (8,  3.11) (8,  3.11) (8,  3.11) (8,  3.11)
 (8,  3.12) (8,  3.12) (8,  3.13) (8,  3.14) (8,  3.14) (8,  3.14)
 (8,  3.15) (8,  3.15) (8,  3.15) (8,  3.16) (8,  3.16) (8,  3.16)
 (8,  3.16) (8,  3.17) (9,  3.18) (9,  3.18) (9,  3.19) (9,  3.19)
 (9,  3.21) (9,  3.21) (9,  3.22) (9,  3.22) (9,  3.23) (9,  3.25)
 (9,  3.25) (9,  3.28) (9,  3.28) (9,  3.29) (9,  3.29) (9,  3.29)
 (9,  3.3 ) (9,  3.3 ) (9,  3.3 ) (9,  3.3 ) (9,  3.31) (9,  3.32)
 (9,  3.32) (9,  3.33) (9,  3.34) (9,  3.35) (9,  3.35) (9,  3.36)
 (9,  3.36) (9,  3.37) (9,  3.37) (9,  3.37) (9,  3.39) (9,  3.39)
 (9,  3.4 ) (9,  3.41) (9,  3.42) (9,  3.45) (9,  3.47) (9,  3.47)
 (9,  3.47) (9,  3.47) (9,  3.48) (9,  3.48) (9,  3.48) (9,  3.5 )
 (9,  3.5 ) (9,  3.51) (9,  3.51) (9,  3.52) (9,  3.52) (9,  3.53)
 (9,  3.56) (9,  3.59) (9,  3.61) (9,  3.66) (9,  3.68) (9,  3.69)
 (9,  3.72) (9,  3.72) (9,  3.74) (9,  3.85)]


analyzing the results:
number of max cluster size: 10
number of actually used clusters: 10
min value of all elements: -3.58
max value of all elements: 3.85
mean of all elements: 1.01941
median of all elements: 2.24
standard deviation of all elements: 2.3237137413846827
variance of all elements: 5.399645551899999
distribution of all clusters: [0 0 0 0 0 0 0 0 0 0 0 0 0 0 0 0 0 0 0 0 0 0 0 0 0 0 0 0 0 0 0 0 0 0 0 0 0
 0 0 0 0 0 0 0 0 0 0 0 0 0 0 0 0 0 0 0 0 0 0 0 0 0 0 0 1 1 1 1 1 1 1 1 1 1
 1 1 1 1 1 1 1 1 1 1 1 1 1 1 1 1 1 1 1 1 1 1 1 1 1 1 1 1 1 1 1 1 1 1 1 1 1
 1 1 1 1 1 1 1 1 1 1 1 1 1 1 1 1 1 1 1 1 1 1 1 1 1 1 1 1 1 1 1 1 1 1 1 1 1
 1 1 1 1 1 2 2 2 2 2 2 2 2 2 2 2 2 2 2 2 2 2 2 2 2 2 2 2 2 2 2 2 2 2 2 2 2
 2 2 2 2 2 2 2 2 2 2 2 2 2 2 2 2 2 2 2 2 2 2 2 2 2 2 2 2 2 2 2 2 2 2 2 2 2
 2 2 2 2 2 2 2 2 2 2 2 2 2 2 2 2 2 2 2 2 2 2 2 2 2 2 2 2 2 3 3 3 3 3 3 3 3
 3 3 3 3 3 3 3 3 3 3 3 3 3 3 3 3 3 3 3 3 3 3 3 3 3 3 3 3 3 3 3 3 3 3 3 3 3
 3 3 4 4 4 4 4 4 4 4 4 4 4 4 4 4 4 4 4 4 4 4 4 5 5 5 5 5 5 5 5 5 5 5 5 5 5
 5 5 5 5 5 5 5 5 5 5 5 5 5 5 5 5 5 5 5 5 5 5 5 5 5 5 5 5 5 5 5 5 5 5 5 5 5
 5 5 5 5 5 5 5 5 5 5 5 5 5 5 5 5 5 5 5 5 5 5 5 5 5 5 5 5 5 5 5 5 5 5 5 5 5
 5 5 5 5 5 5 5 5 5 5 5 5 5 5 5 5 5 5 5 5 5 5 5 5 5 5 5 5 6 6 6 6 6 6 6 6 6
 6 6 6 6 6 6 6 6 6 6 6 6 6 6 6 6 6 6 6 6 6 6 6 6 6 6 6 6 6 6 6 6 6 6 6 6 6
 6 6 6 6 6 6 6 6 6 6 6 6 6 6 6 6 6 6 6 6 6 6 6 6 6 6 6 6 6 6 6 6 6 6 6 6 6
 6 6 6 6 6 6 6 6 6 6 6 6 6 6 6 6 6 6 6 6 6 6 6 6 6 6 6 6 6 6 6 6 6 6 6 6 6
 6 6 6 6 6 6 6 6 6 6 6 6 6 6 6 6 6 6 6 6 6 6 6 6 6 6 6 6 6 6 6 6 6 6 6 6 6
 6 6 6 6 6 6 6 6 6 7 7 7 7 7 7 7 7 7 7 7 7 7 7 7 7 7 7 7 7 7 7 7 7 7 7 7 7
 7 7 7 7 7 7 7 7 7 7 7 7 7 7 7 7 7 7 7 7 7 7 7 7 7 7 7 7 7 7 7 7 7 7 7 7 7
 7 7 7 7 7 7 7 7 7 7 7 7 7 7 7 7 7 7 7 7 7 7 7 7 7 7 7 7 7 7 7 7 7 7 7 7 7
 7 7 7 7 7 7 7 7 7 7 7 7 7 7 7 7 7 7 7 7 7 7 7 7 7 7 7 7 7 7 7 7 7 7 7 7 7
 7 7 7 7 7 7 7 7 7 7 7 7 7 7 7 7 7 7 7 7 7 7 7 7 7 7 7 7 7 7 7 7 7 7 7 7 7
 7 7 7 7 7 7 7 7 7 7 7 7 7 7 8 8 8 8 8 8 8 8 8 8 8 8 8 8 8 8 8 8 8 8 8 8 8
 8 8 8 8 8 8 8 8 8 8 8 8 8 8 8 8 8 8 8 8 8 8 8 8 8 8 8 8 8 8 8 8 8 8 8 8 8
 8 8 8 8 8 8 8 8 8 8 8 8 8 8 8 8 8 8 8 8 8 8 8 8 8 8 8 8 8 8 8 8 8 8 8 8 8
 8 8 8 8 8 8 8 8 8 8 8 8 8 8 8 8 8 8 8 8 8 8 8 8 8 8 8 8 8 8 8 8 8 8 8 8 8
 8 8 8 8 8 8 8 8 8 8 8 8 8 9 9 9 9 9 9 9 9 9 9 9 9 9 9 9 9 9 9 9 9 9 9 9 9
 9 9 9 9 9 9 9 9 9 9 9 9 9 9 9 9 9 9 9 9 9 9 9 9 9 9 9 9 9 9 9 9 9 9 9 9 9
 9]

cluster #0: 	sum elements:64  	min value: -3.58 	max value: -2.9 	mean: -3.1 	std deviation: 0.181 	median: -3.0999999999999996
cluster #0 homoscedasticity NOT given with ratio = 5.75999999999999
cluster #1: 	sum elements:89  	min value: -2.89 	max value: -2.44 	mean: -2.7 	std deviation: 0.12 	median: -2.67
cluster #1 homoscedasticity NOT given with ratio = 1.8725761772853229
cluster #2: 	sum elements:98  	min value: -2.43 	max value: -1.94 	mean: -2.2 	std deviation: 0.125 	median: -2.24
cluster #2 homoscedasticity given with ratio = 1.2778827977315714
cluster #3: 	sum elements:47  	min value: -1.92 	max value: -1.1 	mean: -1.6 	std deviation: 0.201 	median: -1.67
cluster #3 homoscedasticity NOT given with ratio = 2.4414062500000027
cluster #4: 	sum elements:21  	min value: -1.04 	max value: 1.52 	mean: 1.0 	std deviation: 0.699 	median: 1.26
cluster #4 homoscedasticity NOT given with ratio = 15.390532544378697
cluster #5: 	sum elements:116  	min value: 1.53 	max value: 2.05 	mean: 1.9 	std deviation: 0.141 	median: 1.9049999999999998
cluster #5 homoscedasticity NOT given with ratio = 6.084444444444447
cluster #6: 	sum elements:166  	min value: 2.06 	max value: 2.42 	mean: 2.3 	std deviation: 0.098 	median: 2.27
cluster #6 homoscedasticity NOT given with ratio = 3.999999999999985
cluster #7: 	sum elements:190  	min value: 2.43 	max value: 2.76 	mean: 2.6 	std deviation: 0.098 	median: 2.585
cluster #7 homoscedasticity given with ratio = 1.1289062500000033
cluster #8: 	sum elements:147  	min value: 2.77 	max value: 3.17 	mean: 3.0 	std deviation: 0.108 	median: 2.96
cluster #8 homoscedasticity NOT given with ratio = 1.8304498269896206
cluster #9: 	sum elements:62  	min value: 3.18 	max value: 3.85 	mean: 3.4 	std deviation: 0.157 	median: 3.37
cluster #9 homoscedasticity NOT given with ratio = 4.183884297520674
homoscedasticity given for 2 of 10 used clusters

number of elements: 1000

score even distribution (SED) MAX: 1.84e+19
score even distribution (SED) MAX: 1.8371385545631068e+19
SED number of digits: 20

number of used clusters (NUC) MAX: 1.0

sum cluster standard deviation (SCSD) MIN: 0.6679639873964214
sum cluster standard deviation (SCSD) MIN: 6.68e-01

ratio between SED and SCSD MAX: 2.75e+19
ratio between SED and SCSD MAX: 2.750355691665166e+19
ratio between SED and SCSD digits MAX: 20
SUM: NUC(MAX): 1.0	 SED(MAX): 1.84e+19	 SCSD(MIN): 6.68e-01	 SED_SCSD(MAX): 2.75e+19

Mean Silhouette Coefficient of all clusters (MAX): 0.55
(best value is 1 and the worst value is -1. Values near 0 indicate overlapping clusters)

Davies-Bouldin score (MIN): 0.53
(The minimum score is zero, with lower values indicating better clustering.)
