starting algorithm at: 16:03:02.066425
finishing algorithm at: 16:03:02.072517

running time of algorithm: 0:00:00.006092

[(0, -1.48) (0, -1.35) (0, -1.28) (0, -1.16) (0, -1.15) (0, -1.09)
 (0, -1.09) (0, -1.07) (0, -1.05) (0, -1.03) (0, -1.02) (0, -1.01)
 (0, -0.98) (0, -0.96) (0, -0.94) (0, -0.93) (0, -0.91) (0, -0.9 )
 (0, -0.88) (0, -0.88) (0, -0.85) (0, -0.81) (0, -0.81) (0, -0.79)
 (0, -0.79) (0, -0.77) (0, -0.77) (0, -0.75) (0, -0.73) (0, -0.72)
 (0, -0.71) (0, -0.71) (0, -0.71) (0, -0.71) (0, -0.69) (0, -0.68)
 (0, -0.67) (0, -0.67) (0, -0.65) (0, -0.65) (0, -0.64) (0, -0.64)
 (0, -0.62) (0, -0.62) (0, -0.61) (0, -0.6 ) (0, -0.6 ) (0, -0.59)
 (0, -0.59) (0, -0.56) (0, -0.56) (0, -0.55) (0, -0.55) (0, -0.55)
 (0, -0.54) (0, -0.53) (0, -0.52) (0, -0.52) (0, -0.51) (0, -0.51)
 (0, -0.49) (0, -0.49) (0, -0.49) (1, -0.48) (1, -0.48) (1, -0.48)
 (1, -0.46) (1, -0.46) (1, -0.45) (1, -0.45) (1, -0.45) (1, -0.45)
 (1, -0.45) (1, -0.44) (1, -0.44) (1, -0.43) (1, -0.41) (1, -0.38)
 (1, -0.38) (1, -0.37) (1, -0.37) (1, -0.37) (1, -0.36) (1, -0.36)
 (1, -0.36) (1, -0.36) (1, -0.36) (1, -0.35) (1, -0.35) (1, -0.35)
 (1, -0.34) (1, -0.34) (1, -0.33) (1, -0.33) (1, -0.33) (1, -0.33)
 (1, -0.33) (1, -0.31) (1, -0.31) (1, -0.3 ) (1, -0.3 ) (1, -0.29)
 (1, -0.28) (1, -0.28) (1, -0.26) (1, -0.26) (1, -0.26) (1, -0.26)
 (1, -0.25) (1, -0.25) (1, -0.25) (1, -0.25) (1, -0.24) (1, -0.24)
 (1, -0.24) (1, -0.23) (1, -0.23) (1, -0.22) (1, -0.21) (1, -0.21)
 (1, -0.21) (1, -0.2 ) (1, -0.2 ) (1, -0.2 ) (1, -0.2 ) (1, -0.19)
 (1, -0.19) (1, -0.18) (1, -0.18) (1, -0.18) (1, -0.18) (1, -0.18)
 (1, -0.18) (1, -0.17) (1, -0.17) (1, -0.16) (1, -0.15) (1, -0.15)
 (1, -0.15) (1, -0.14) (1, -0.14) (1, -0.14) (1, -0.13) (1, -0.12)
 (1, -0.12) (1, -0.12) (1, -0.11) (1, -0.1 ) (1, -0.1 ) (1, -0.09)
 (1, -0.09) (1, -0.08) (1, -0.08) (1, -0.08) (1, -0.08) (1, -0.07)
 (1, -0.07) (1, -0.07) (1, -0.07) (1, -0.07) (1, -0.06) (1, -0.05)
 (1, -0.04) (1, -0.04) (1, -0.03) (1, -0.03) (1, -0.03) (1, -0.03)
 (1, -0.02) (1, -0.02) (1, -0.02) (1, -0.02) (1, -0.02) (1, -0.01)
 (1, -0.01) (1, -0.01) (1, -0.  ) (1, -0.  ) (1,  0.01) (1,  0.01)
 (1,  0.01) (1,  0.01) (1,  0.02) (1,  0.02) (1,  0.02) (1,  0.02)
 (1,  0.02) (1,  0.02) (1,  0.03) (1,  0.04) (1,  0.04) (1,  0.04)
 (2,  0.05) (2,  0.05) (2,  0.05) (2,  0.06) (2,  0.06) (2,  0.06)
 (2,  0.07) (2,  0.07) (2,  0.07) (2,  0.08) (2,  0.08) (2,  0.08)
 (2,  0.08) (2,  0.09) (2,  0.09) (2,  0.09) (2,  0.09) (2,  0.09)
 (2,  0.09) (2,  0.1 ) (2,  0.1 ) (2,  0.1 ) (2,  0.1 ) (2,  0.1 )
 (2,  0.11) (2,  0.11) (2,  0.11) (2,  0.11) (2,  0.12) (2,  0.12)
 (2,  0.12) (2,  0.12) (2,  0.13) (2,  0.14) (2,  0.14) (2,  0.15)
 (2,  0.15) (2,  0.16) (2,  0.16) (2,  0.16) (2,  0.16) (2,  0.17)
 (2,  0.17) (2,  0.17) (2,  0.17) (2,  0.17) (2,  0.17) (2,  0.18)
 (2,  0.18) (2,  0.2 ) (2,  0.2 ) (2,  0.2 ) (2,  0.21) (2,  0.21)
 (2,  0.21) (2,  0.21) (2,  0.22) (2,  0.22) (2,  0.22) (2,  0.23)
 (2,  0.23) (2,  0.24) (2,  0.24) (2,  0.24) (2,  0.24) (2,  0.24)
 (2,  0.24) (2,  0.25) (2,  0.25) (2,  0.25) (2,  0.25) (2,  0.26)
 (2,  0.26) (2,  0.26) (2,  0.26) (2,  0.26) (2,  0.26) (2,  0.27)
 (2,  0.27) (2,  0.28) (2,  0.28) (2,  0.28) (2,  0.28) (2,  0.28)
 (2,  0.28) (2,  0.29) (2,  0.29) (2,  0.29) (2,  0.29) (2,  0.29)
 (2,  0.29) (2,  0.3 ) (2,  0.3 ) (2,  0.3 ) (2,  0.3 ) (2,  0.31)
 (2,  0.31) (2,  0.31) (2,  0.31) (2,  0.32) (2,  0.32) (2,  0.33)
 (2,  0.33) (2,  0.33) (2,  0.33) (2,  0.33) (2,  0.33) (2,  0.34)
 (2,  0.34) (2,  0.34) (2,  0.34) (2,  0.34) (2,  0.34) (2,  0.35)
 (2,  0.35) (2,  0.36) (2,  0.36) (2,  0.36) (2,  0.37) (2,  0.37)
 (2,  0.37) (2,  0.37) (2,  0.37) (2,  0.38) (2,  0.39) (2,  0.39)
 (2,  0.39) (2,  0.39) (2,  0.39) (2,  0.39) (2,  0.4 ) (2,  0.4 )
 (2,  0.4 ) (2,  0.41) (2,  0.42) (2,  0.42) (2,  0.42) (2,  0.43)
 (2,  0.43) (2,  0.43) (2,  0.43) (2,  0.43) (2,  0.44) (2,  0.44)
 (2,  0.44) (2,  0.44) (2,  0.44) (2,  0.44) (2,  0.44) (2,  0.44)
 (2,  0.44) (2,  0.45) (2,  0.45) (2,  0.45) (2,  0.45) (2,  0.46)
 (2,  0.46) (2,  0.46) (2,  0.46) (2,  0.46) (2,  0.47) (2,  0.47)
 (2,  0.47) (2,  0.47) (2,  0.48) (2,  0.48) (2,  0.48) (2,  0.48)
 (2,  0.49) (2,  0.49) (2,  0.5 ) (2,  0.5 ) (3,  0.51) (3,  0.51)
 (3,  0.51) (3,  0.51) (3,  0.52) (3,  0.52) (3,  0.53) (3,  0.53)
 (3,  0.54) (3,  0.54) (3,  0.55) (3,  0.55) (3,  0.55) (3,  0.56)
 (3,  0.56) (3,  0.56) (3,  0.56) (3,  0.56) (3,  0.56) (3,  0.56)
 (3,  0.58) (3,  0.58) (3,  0.58) (3,  0.59) (3,  0.59) (3,  0.59)
 (3,  0.59) (3,  0.59) (3,  0.6 ) (3,  0.6 ) (3,  0.6 ) (3,  0.6 )
 (3,  0.6 ) (3,  0.6 ) (3,  0.61) (3,  0.61) (3,  0.61) (3,  0.61)
 (3,  0.62) (3,  0.62) (3,  0.62) (3,  0.62) (3,  0.62) (3,  0.62)
 (3,  0.63) (3,  0.63) (3,  0.63) (3,  0.64) (3,  0.64) (3,  0.64)
 (3,  0.64) (3,  0.64) (3,  0.65) (3,  0.65) (3,  0.65) (3,  0.65)
 (3,  0.65) (3,  0.66) (3,  0.66) (3,  0.66) (3,  0.67) (3,  0.67)
 (3,  0.67) (3,  0.67) (3,  0.68) (3,  0.68) (3,  0.68) (3,  0.68)
 (3,  0.68) (3,  0.68) (3,  0.69) (3,  0.69) (3,  0.69) (3,  0.69)
 (3,  0.7 ) (3,  0.7 ) (3,  0.7 ) (3,  0.7 ) (3,  0.7 ) (3,  0.71)
 (3,  0.71) (3,  0.71) (3,  0.71) (3,  0.71) (3,  0.71) (3,  0.72)
 (3,  0.72) (3,  0.72) (3,  0.72) (3,  0.72) (3,  0.73) (3,  0.73)
 (3,  0.73) (3,  0.73) (3,  0.75) (3,  0.75) (3,  0.75) (3,  0.75)
 (3,  0.75) (3,  0.76) (3,  0.76) (3,  0.76) (3,  0.77) (3,  0.77)
 (3,  0.77) (3,  0.77) (3,  0.78) (3,  0.78) (3,  0.78) (3,  0.78)
 (3,  0.79) (3,  0.79) (3,  0.8 ) (3,  0.8 ) (3,  0.8 ) (3,  0.8 )
 (3,  0.8 ) (3,  0.8 ) (3,  0.8 ) (3,  0.81) (3,  0.81) (3,  0.81)
 (3,  0.81) (3,  0.81) (3,  0.81) (3,  0.81) (3,  0.81) (3,  0.81)
 (3,  0.82) (3,  0.82) (3,  0.83) (3,  0.83) (3,  0.83) (3,  0.83)
 (3,  0.84) (3,  0.85) (3,  0.85) (3,  0.86) (3,  0.86) (3,  0.87)
 (3,  0.88) (3,  0.88) (3,  0.88) (3,  0.89) (3,  0.89) (3,  0.89)
 (3,  0.89) (3,  0.9 ) (3,  0.91) (3,  0.91) (3,  0.91) (3,  0.91)
 (3,  0.91) (3,  0.91) (3,  0.92) (3,  0.92) (3,  0.92) (3,  0.92)
 (3,  0.92) (3,  0.92) (3,  0.93) (3,  0.93) (3,  0.93) (3,  0.93)
 (3,  0.94) (3,  0.94) (3,  0.94) (3,  0.94) (3,  0.95) (3,  0.96)
 (3,  0.96) (3,  0.96) (3,  0.96) (3,  0.96) (3,  0.96) (4,  0.98)
 (4,  0.98) (4,  0.98) (4,  0.98) (4,  1.  ) (4,  1.  ) (4,  1.  )
 (4,  1.01) (4,  1.01) (4,  1.01) (4,  1.01) (4,  1.01) (4,  1.01)
 (4,  1.02) (4,  1.02) (4,  1.02) (4,  1.02) (4,  1.02) (4,  1.03)
 (4,  1.03) (4,  1.03) (4,  1.03) (4,  1.03) (4,  1.04) (4,  1.04)
 (4,  1.04) (4,  1.04) (4,  1.05) (4,  1.05) (4,  1.05) (4,  1.05)
 (4,  1.05) (4,  1.06) (4,  1.06) (4,  1.06) (4,  1.06) (4,  1.07)
 (4,  1.07) (4,  1.07) (4,  1.07) (4,  1.07) (4,  1.08) (4,  1.08)
 (4,  1.08) (4,  1.08) (4,  1.09) (4,  1.09) (4,  1.09) (4,  1.1 )
 (4,  1.1 ) (4,  1.11) (4,  1.12) (4,  1.12) (4,  1.12) (4,  1.12)
 (4,  1.12) (4,  1.12) (4,  1.12) (4,  1.12) (4,  1.13) (4,  1.13)
 (4,  1.13) (4,  1.13) (4,  1.14) (4,  1.14) (4,  1.14) (4,  1.14)
 (4,  1.14) (4,  1.14) (4,  1.14) (4,  1.15) (4,  1.15) (4,  1.15)
 (4,  1.15) (4,  1.15) (4,  1.16) (4,  1.16) (4,  1.16) (4,  1.17)
 (4,  1.17) (4,  1.17) (4,  1.17) (4,  1.17) (4,  1.17) (4,  1.18)
 (4,  1.18) (4,  1.2 ) (4,  1.2 ) (4,  1.2 ) (4,  1.21) (4,  1.21)
 (4,  1.21) (4,  1.22) (4,  1.23) (4,  1.23) (4,  1.23) (4,  1.23)
 (4,  1.23) (4,  1.24) (4,  1.24) (4,  1.24) (4,  1.25) (4,  1.26)
 (4,  1.26) (4,  1.26) (4,  1.26) (4,  1.27) (4,  1.27) (4,  1.27)
 (4,  1.27) (4,  1.28) (4,  1.28) (4,  1.28) (4,  1.29) (4,  1.3 )
 (4,  1.3 ) (4,  1.31) (4,  1.31) (4,  1.32) (4,  1.32) (4,  1.32)
 (4,  1.32) (4,  1.33) (4,  1.33) (4,  1.33) (4,  1.34) (4,  1.34)
 (4,  1.34) (4,  1.34) (4,  1.34) (4,  1.34) (4,  1.34) (4,  1.34)
 (4,  1.35) (4,  1.35) (4,  1.35) (4,  1.36) (4,  1.36) (4,  1.36)
 (4,  1.36) (4,  1.36) (4,  1.36) (4,  1.37) (4,  1.37) (4,  1.37)
 (4,  1.37) (4,  1.37) (4,  1.37) (4,  1.38) (4,  1.38) (4,  1.39)
 (4,  1.39) (4,  1.4 ) (4,  1.4 ) (4,  1.41) (4,  1.41) (4,  1.41)
 (4,  1.41) (4,  1.41) (4,  1.42) (4,  1.42) (4,  1.42) (4,  1.42)
 (4,  1.43) (4,  1.44) (4,  1.46) (4,  1.46) (4,  1.48) (4,  1.48)
 (4,  1.48) (4,  1.49) (4,  1.49) (4,  1.49) (4,  1.5 ) (4,  1.5 )
 (4,  1.5 ) (5,  1.51) (5,  1.52) (5,  1.52) (5,  1.52) (5,  1.53)
 (5,  1.54) (5,  1.55) (5,  1.55) (5,  1.55) (5,  1.55) (5,  1.55)
 (5,  1.57) (5,  1.58) (5,  1.58) (5,  1.58) (5,  1.58) (5,  1.59)
 (5,  1.59) (5,  1.59) (5,  1.59) (5,  1.6 ) (5,  1.6 ) (5,  1.62)
 (5,  1.62) (5,  1.62) (5,  1.63) (5,  1.63) (5,  1.63) (5,  1.63)
 (5,  1.64) (5,  1.64) (5,  1.65) (5,  1.65) (5,  1.67) (5,  1.67)
 (5,  1.68) (5,  1.69) (5,  1.7 ) (5,  1.7 ) (5,  1.71) (5,  1.71)
 (5,  1.72) (5,  1.72) (5,  1.72) (5,  1.73) (5,  1.73) (5,  1.73)
 (5,  1.74) (5,  1.75) (5,  1.76) (5,  1.76) (5,  1.76) (5,  1.77)
 (5,  1.77) (5,  1.77) (5,  1.77) (5,  1.78) (5,  1.78) (5,  1.79)
 (5,  1.79) (5,  1.79) (5,  1.8 ) (5,  1.81) (5,  1.81) (5,  1.82)
 (5,  1.82) (5,  1.82) (5,  1.84) (5,  1.84) (5,  1.86) (5,  1.86)
 (5,  1.86) (5,  1.86) (5,  1.87) (5,  1.87) (5,  1.87) (5,  1.88)
 (5,  1.88) (5,  1.89) (5,  1.9 ) (5,  1.92) (5,  1.92) (5,  1.92)
 (5,  1.94) (5,  1.94) (5,  1.94) (5,  1.94) (5,  1.94) (5,  1.94)
 (5,  1.96) (5,  1.96) (5,  1.97) (5,  1.97) (5,  1.97) (5,  2.  )
 (5,  2.  ) (5,  2.01) (5,  2.01) (5,  2.02) (5,  2.03) (5,  2.04)
 (5,  2.04) (5,  2.05) (5,  2.05) (5,  2.06) (5,  2.06) (5,  2.08)
 (5,  2.08) (5,  2.08) (5,  2.08) (5,  2.08) (5,  2.1 ) (5,  2.11)
 (5,  2.11) (5,  2.12) (5,  2.12) (5,  2.12) (6,  2.13) (6,  2.13)
 (6,  2.14) (6,  2.15) (6,  2.15) (6,  2.16) (6,  2.16) (6,  2.17)
 (6,  2.17) (6,  2.19) (6,  2.21) (6,  2.21) (6,  2.21) (6,  2.21)
 (6,  2.22) (6,  2.22) (6,  2.23) (6,  2.23) (6,  2.23) (6,  2.23)
 (6,  2.25) (6,  2.25) (6,  2.26) (6,  2.26) (6,  2.26) (6,  2.27)
 (6,  2.27) (6,  2.27) (6,  2.27) (6,  2.28) (6,  2.3 ) (6,  2.3 )
 (6,  2.3 ) (6,  2.31) (6,  2.32) (6,  2.33) (6,  2.33) (6,  2.37)
 (6,  2.38) (6,  2.41) (6,  2.41) (6,  2.43) (6,  2.44) (6,  2.45)
 (6,  2.45) (6,  2.47) (6,  2.48) (6,  2.48) (6,  2.48) (6,  2.48)
 (6,  2.48) (6,  2.49) (6,  2.49) (6,  2.49) (6,  2.49) (6,  2.5 )
 (6,  2.5 ) (6,  2.51) (6,  2.51) (6,  2.51) (6,  2.52) (6,  2.53)
 (6,  2.53) (6,  2.54) (6,  2.55) (6,  2.58) (6,  2.59) (6,  2.59)
 (6,  2.6 ) (6,  2.63) (6,  2.64) (6,  2.66) (6,  2.66) (6,  2.66)
 (6,  2.67) (6,  2.67) (6,  2.67) (6,  2.68) (6,  2.68) (6,  2.68)
 (6,  2.68) (6,  2.68) (6,  2.69) (6,  2.72) (6,  2.74) (6,  2.76)
 (6,  2.77) (6,  2.78) (6,  2.79) (6,  2.8 ) (6,  2.8 ) (6,  2.81)
 (6,  2.84) (6,  2.85) (7,  2.87) (7,  2.9 ) (7,  2.91) (7,  2.93)
 (7,  2.95) (7,  2.96) (7,  2.96) (7,  2.98) (7,  3.01) (7,  3.02)
 (7,  3.03) (7,  3.06) (7,  3.09) (7,  3.1 ) (7,  3.11) (7,  3.17)
 (7,  3.2 ) (7,  3.21) (7,  3.23) (7,  3.23) (7,  3.24) (7,  3.24)
 (7,  3.24) (7,  3.25) (7,  3.26) (7,  3.29) (7,  3.29) (7,  3.3 )
 (7,  3.31) (7,  3.31) (7,  3.32) (7,  3.33) (7,  3.37) (7,  3.38)
 (7,  3.39) (7,  3.4 ) (7,  3.4 ) (7,  3.43) (7,  3.44) (7,  3.46)
 (7,  3.47) (7,  3.58) (7,  3.58) (7,  3.6 ) (7,  3.62) (7,  3.63)
 (7,  3.64) (7,  3.65) (7,  3.66) (7,  3.69) (8,  3.75) (8,  3.83)
 (8,  3.84) (8,  3.89) (8,  3.93) (8,  3.93) (8,  3.94) (8,  3.99)
 (8,  4.02) (8,  4.13) (8,  4.15) (8,  4.18) (8,  4.29) (8,  4.43)
 (8,  4.58) (8,  4.59) (8,  4.81) (8,  4.86) (9,  4.88) (9,  5.16)
 (9,  5.54) (9,  5.61) (9,  5.95) (9,  6.96)]


analyzing the results:
number of max cluster size: 10
number of actually used clusters: 10
min value of all elements: -1.48
max value of all elements: 6.96
mean of all elements: 1.03117
median of all elements: 0.85
standard deviation of all elements: 1.168495926864959
variance of all elements: 1.3653827311
distribution of all clusters: [0 0 0 0 0 0 0 0 0 0 0 0 0 0 0 0 0 0 0 0 0 0 0 0 0 0 0 0 0 0 0 0 0 0 0 0 0
 0 0 0 0 0 0 0 0 0 0 0 0 0 0 0 0 0 0 0 0 0 0 0 0 0 0 1 1 1 1 1 1 1 1 1 1 1
 1 1 1 1 1 1 1 1 1 1 1 1 1 1 1 1 1 1 1 1 1 1 1 1 1 1 1 1 1 1 1 1 1 1 1 1 1
 1 1 1 1 1 1 1 1 1 1 1 1 1 1 1 1 1 1 1 1 1 1 1 1 1 1 1 1 1 1 1 1 1 1 1 1 1
 1 1 1 1 1 1 1 1 1 1 1 1 1 1 1 1 1 1 1 1 1 1 1 1 1 1 1 1 1 1 1 1 1 1 1 1 1
 1 1 1 1 1 1 1 2 2 2 2 2 2 2 2 2 2 2 2 2 2 2 2 2 2 2 2 2 2 2 2 2 2 2 2 2 2
 2 2 2 2 2 2 2 2 2 2 2 2 2 2 2 2 2 2 2 2 2 2 2 2 2 2 2 2 2 2 2 2 2 2 2 2 2
 2 2 2 2 2 2 2 2 2 2 2 2 2 2 2 2 2 2 2 2 2 2 2 2 2 2 2 2 2 2 2 2 2 2 2 2 2
 2 2 2 2 2 2 2 2 2 2 2 2 2 2 2 2 2 2 2 2 2 2 2 2 2 2 2 2 2 2 2 2 2 2 2 2 2
 2 2 2 2 2 2 2 2 2 2 2 2 2 2 2 2 2 2 2 2 2 2 2 2 2 2 2 2 2 2 2 3 3 3 3 3 3
 3 3 3 3 3 3 3 3 3 3 3 3 3 3 3 3 3 3 3 3 3 3 3 3 3 3 3 3 3 3 3 3 3 3 3 3 3
 3 3 3 3 3 3 3 3 3 3 3 3 3 3 3 3 3 3 3 3 3 3 3 3 3 3 3 3 3 3 3 3 3 3 3 3 3
 3 3 3 3 3 3 3 3 3 3 3 3 3 3 3 3 3 3 3 3 3 3 3 3 3 3 3 3 3 3 3 3 3 3 3 3 3
 3 3 3 3 3 3 3 3 3 3 3 3 3 3 3 3 3 3 3 3 3 3 3 3 3 3 3 3 3 3 3 3 3 3 3 3 3
 3 3 3 3 3 3 3 3 3 3 3 3 3 3 3 3 3 3 3 3 3 4 4 4 4 4 4 4 4 4 4 4 4 4 4 4 4
 4 4 4 4 4 4 4 4 4 4 4 4 4 4 4 4 4 4 4 4 4 4 4 4 4 4 4 4 4 4 4 4 4 4 4 4 4
 4 4 4 4 4 4 4 4 4 4 4 4 4 4 4 4 4 4 4 4 4 4 4 4 4 4 4 4 4 4 4 4 4 4 4 4 4
 4 4 4 4 4 4 4 4 4 4 4 4 4 4 4 4 4 4 4 4 4 4 4 4 4 4 4 4 4 4 4 4 4 4 4 4 4
 4 4 4 4 4 4 4 4 4 4 4 4 4 4 4 4 4 4 4 4 4 4 4 4 4 4 4 4 4 4 4 4 4 4 4 4 4
 4 4 4 4 4 4 4 4 4 4 4 4 5 5 5 5 5 5 5 5 5 5 5 5 5 5 5 5 5 5 5 5 5 5 5 5 5
 5 5 5 5 5 5 5 5 5 5 5 5 5 5 5 5 5 5 5 5 5 5 5 5 5 5 5 5 5 5 5 5 5 5 5 5 5
 5 5 5 5 5 5 5 5 5 5 5 5 5 5 5 5 5 5 5 5 5 5 5 5 5 5 5 5 5 5 5 5 5 5 5 5 5
 5 5 5 5 5 5 5 5 5 5 5 5 5 5 5 5 5 5 6 6 6 6 6 6 6 6 6 6 6 6 6 6 6 6 6 6 6
 6 6 6 6 6 6 6 6 6 6 6 6 6 6 6 6 6 6 6 6 6 6 6 6 6 6 6 6 6 6 6 6 6 6 6 6 6
 6 6 6 6 6 6 6 6 6 6 6 6 6 6 6 6 6 6 6 6 6 6 6 6 6 6 6 6 6 6 6 6 6 6 6 6 6
 6 7 7 7 7 7 7 7 7 7 7 7 7 7 7 7 7 7 7 7 7 7 7 7 7 7 7 7 7 7 7 7 7 7 7 7 7
 7 7 7 7 7 7 7 7 7 7 7 7 7 7 8 8 8 8 8 8 8 8 8 8 8 8 8 8 8 8 8 8 9 9 9 9 9
 9]

cluster #0: 	sum elements:63  	min value: -1.48 	max value: -0.49 	mean: -0.8 	std deviation: 0.229 	median: -0.71
cluster #0 homoscedasticity NOT given with ratio = 4.811654526534857
cluster #1: 	sum elements:129  	min value: -0.48 	max value: 0.04 	mean: -0.2 	std deviation: 0.151 	median: -0.18
cluster #1 homoscedasticity given with ratio = 1.3611111111111105
cluster #2: 	sum elements:172  	min value: 0.05 	max value: 0.5 	mean: 0.3 	std deviation: 0.131 	median: 0.29
cluster #2 homoscedasticity NOT given with ratio = 1.5624999999999998
cluster #3: 	sum elements:175  	min value: 0.51 	max value: 0.96 	mean: 0.7 	std deviation: 0.128 	median: 0.72
cluster #3 homoscedasticity NOT given with ratio = 1.8725761772853198
cluster #4: 	sum elements:176  	min value: 0.98 	max value: 1.5 	mean: 1.2 	std deviation: 0.147 	median: 1.2
cluster #4 homoscedasticity NOT given with ratio = 1.8595041322314059
cluster #5: 	sum elements:117  	min value: 1.51 	max value: 2.12 	mean: 1.8 	std deviation: 0.178 	median: 1.79
cluster #5 homoscedasticity given with ratio = 1.217598097502973
cluster #6: 	sum elements:94  	min value: 2.13 	max value: 2.85 	mean: 2.5 	std deviation: 0.206 	median: 2.48
cluster #6 homoscedasticity given with ratio = 1.1175510204081633
cluster #7: 	sum elements:50  	min value: 2.87 	max value: 3.69 	mean: 3.3 	std deviation: 0.23 	median: 3.275
cluster #7 homoscedasticity given with ratio = 1.2156476002629826
cluster #8: 	sum elements:18  	min value: 3.75 	max value: 4.86 	mean: 4.2 	std deviation: 0.335 	median: 4.074999999999999
cluster #8 homoscedasticity NOT given with ratio = 2.1511111111111103
cluster #9: 	sum elements:6  	min value: 4.88 	max value: 6.96 	mean: 5.7 	std deviation: 0.664 	median: 5.575
cluster #9 homoscedasticity NOT given with ratio = 2.361094586555619
homoscedasticity given for 4 of 10 used clusters

number of elements: 1000

score even distribution (SED) MAX: 2.56e+18
score even distribution (SED) MAX: 2.55691857605184e+18
SED number of digits: 19

number of used clusters (NUC) MAX: 1.0

sum cluster standard deviation (SCSD) MIN: 0.8105301918484714
sum cluster standard deviation (SCSD) MIN: 8.11e-01

ratio between SED and SCSD MAX: 3.15e+18
ratio between SED and SCSD MAX: 3.154624715731571e+18
ratio between SED and SCSD digits MAX: 19
SUM: NUC(MAX): 1.0	 SED(MAX): 2.56e+18	 SCSD(MIN): 8.11e-01	 SED_SCSD(MAX): 3.15e+18

Mean Silhouette Coefficient of all clusters (MAX): 0.53
(best value is 1 and the worst value is -1. Values near 0 indicate overlapping clusters)

Davies-Bouldin score (MIN): 0.52
(The minimum score is zero, with lower values indicating better clustering.)
