starting algorithm at: 07:37:48.285836
finishing algorithm at: 07:37:48.296607

running time of algorithm: 0:00:00.010771


frquencies result
[(5, -3.04) (1, -2.8 ) (9, -2.06) (4, -1.83) (9, -2.46) (9, -2.08)
 (1, -2.63) (4, -1.77) (4, -1.79) (5, -3.19) (9, -2.26) (9, -2.31)
 (9, -2.18) (5, -3.41) (4, -1.94) (1, -2.79) (9, -2.4 ) (1, -2.64)
 (1, -2.76) (5, -3.15) (1, -2.55) (4, -1.74) (4, -1.67) (4, -1.52)
 (4, -1.26) (1, -2.63) (1, -2.48) (9, -2.19) (5, -3.17) (4, -1.87)
 (1, -2.57) (9, -2.01) (4, -1.4 ) (9, -2.17) (4, -1.87) (1, -2.66)
 (9, -2.01) (9, -2.3 ) (9, -2.19) (9, -2.35) (4, -1.84) (4, -1.9 )
 (9, -2.24) (9, -2.27) (5, -2.91) (9, -2.35) (1, -2.84) (1, -2.63)
 (9, -2.44) (4, -1.89) (1, -2.71) (1, -2.68) (9, -2.19) (5, -3.39)
 (5, -2.91) (1, -2.51) (1, -2.63) (1, -2.76) (9, -2.44) (1, -2.52)
 (5, -3.46) (5, -3.07) (4, -1.59) (1, -2.62) (9, -2.  ) (5, -3.03)
 (1, -2.7 ) (9, -2.1 ) (9, -2.29) (1, -2.52) (1, -2.79) (1, -2.84)
 (4, -1.71) (9, -2.2 ) (9, -2.15) (9, -2.02) (9, -2.14) (1, -2.76)
 (1, -2.56) (1, -2.67) (9, -2.05) (1, -2.48) (9, -2.28) (1, -2.68)
 (1, -2.66) (9, -2.3 ) (5, -2.97) (1, -2.81) (1, -2.64) (9, -2.26)
 (5, -3.2 ) (5, -3.18) (5, -3.29) (1, -2.73) (1, -2.67) (5, -3.  )
 (5, -3.34) (1, -2.69) (9, -2.21) (9, -2.3 ) (9, -2.29) (4, -1.88)
 (1, -2.79) (4, -1.58) (5, -3.53) (1, -2.68) (5, -2.96) (4, -1.71)
 (1, -2.79) (9, -2.26) (4, -1.94) (4, -1.57) (5, -3.12) (1, -2.76)
 (9, -2.44) (5, -3.04) (4, -1.75) (9, -2.38) (5, -2.9 ) (4, -1.53)
 (4, -1.63) (9, -2.08) (4, -1.29) (9, -2.17) (9, -2.44) (9, -2.31)
 (9, -1.99) (1, -2.59) (9, -2.22) (5, -2.89) (1, -2.87) (1, -2.71)
 (9, -2.03) (9, -2.42) (5, -3.11) (5, -3.  ) (1, -2.72) (5, -3.14)
 (1, -2.47) (5, -3.03) (9, -2.35) (9, -2.27) (1, -2.58) (1, -2.7 )
 (1, -2.47) (5, -3.17) (5, -3.09) (1, -2.81) (1, -2.84) (5, -3.06)
 (1, -2.69) (9, -2.12) (9, -2.35) (9, -2.19) (9, -2.3 ) (9, -2.3 )
 (9, -2.29) (4, -1.04) (4, -1.61) (9, -2.22) (9, -2.43) (4, -1.1 )
 (1, -2.72) (1, -2.63) (1, -2.57) (9, -2.14) (4, -1.36) (5, -2.93)
 (4, -1.22) (9, -2.22) (1, -2.86) (4, -1.92) (9, -2.33) (5, -2.98)
 (1, -2.52) (5, -3.56) (9, -2.12) (5, -2.98) (5, -3.31) (9, -2.29)
 (5, -3.06) (9, -2.3 ) (5, -3.11) (4, -1.52) (9, -2.1 ) (1, -2.71)
 (9, -2.1 ) (1, -2.48) (5, -3.24) (5, -3.07) (1, -2.54) (9, -2.13)
 (9, -2.01) (9, -2.05) (5, -2.96) (5, -3.04) (4, -1.59) (1, -2.71)
 (1, -2.77) (9, -2.36) (1, -2.55) (5, -3.37) (1, -2.65) (5, -2.88)
 (1, -2.52) (4, -1.52) (5, -3.5 ) (1, -2.49) (5, -2.92) (1, -2.74)
 (4, -1.04) (9, -2.07) (4, -1.89) (9, -2.12) (1, -2.52) (5, -2.93)
 (9, -2.15) (4, -1.75) (4, -1.74) (9, -2.42) (4, -1.49) (1, -2.62)
 (9, -2.33) (9, -2.15) (4, -1.57) (5, -3.39) (9, -2.19) (1, -2.68)
 (5, -3.35) (4, -1.31) (9, -2.27) (1, -2.65) (1, -2.68) (9, -2.41)
 (5, -2.91) (9, -2.08) (5, -3.38) (9, -2.41) (5, -3.12) (9, -2.37)
 (9, -2.4 ) (9, -2.28) (9, -2.21) (5, -2.91) (1, -2.7 ) (9, -2.46)
 (9, -2.36) (9, -2.33) (5, -3.  ) (9, -1.99) (5, -3.11) (4, -1.52)
 (9, -2.14) (1, -2.67) (5, -3.19) (9, -2.45) (4, -1.87) (9, -2.11)
 (9, -2.25) (1, -2.54) (1, -2.5 ) (1, -2.79) (5, -3.18) (9, -2.07)
 (9, -2.13) (9, -2.35) (5, -2.97) (5, -2.95) (4, -1.71) (9, -2.38)
 (9, -2.27) (4, -1.48) (5, -3.13) (5, -3.58) (4, -1.9 ) (4, -1.85)
 (9, -2.24) (5, -2.91) (1, -2.72) (5, -3.28) (1, -2.69) (4, -1.73)
 (1, -2.7 ) (9, -2.29) (5, -3.05) (1, -2.69) (4, -1.65) (5, -3.07)
 (9, -2.29) (1, -2.57) (9, -2.09) (4, -1.61) (9, -2.37) (9, -2.37)
 (9, -2.28) (5, -3.17) (4, -1.7 ) (9, -2.26) (1, -2.7 ) (5, -2.96)
 (7,  1.58) (0,  2.57) (2,  1.82) (3,  3.48) (0,  2.46) (8,  2.83)
 (0,  2.63) (2,  1.98) (6,  2.21) (2,  1.73) (7,  1.63) (6,  2.13)
 (8,  2.96) (6,  2.16) (6,  2.19) (8,  3.15) (0,  2.51) (8,  2.94)
 (0,  2.51) (8,  2.81) (6,  2.44) (8,  3.03) (3,  3.47) (8,  3.14)
 (3,  3.19) (6,  2.18) (8,  2.86) (0,  2.58) (6,  2.45) (2,  1.71)
 (0,  2.49) (2,  2.03) (6,  2.22) (6,  2.36) (0,  2.54) (6,  2.19)
 (2,  1.9 ) (8,  2.88) (6,  2.31) (0,  2.53) (2,  1.94) (0,  2.77)
 (2,  1.89) (0,  2.63) (2,  1.78) (0,  2.66) (2,  1.97) (8,  3.02)
 (6,  2.45) (2,  1.69) (2,  1.95) (2,  1.79) (3,  3.35) (8,  3.09)
 (8,  3.02) (8,  2.9 ) (8,  2.8 ) (0,  2.76) (0,  2.67) (6,  2.32)
 (8,  2.94) (0,  2.74) (0,  2.57) (0,  2.56) (0,  2.58) (7,  1.57)
 (0,  2.54) (8,  2.97) (3,  3.51) (6,  2.25) (8,  2.94) (0,  2.5 )
 (0,  2.53) (7,  1.39) (2,  1.92) (0,  2.78) (7,  1.03) (7,  1.34)
 (8,  2.91) (6,  2.33) (2,  1.88) (0,  2.71) (3,  3.69) (8,  3.01)
 (8,  3.12) (0,  2.59) (6,  2.32) (2,  2.11) (0,  2.67) (6,  2.26)
 (3,  3.29) (0,  2.68) (0,  2.76) (3,  3.36) (2,  2.1 ) (0,  2.46)
 (7,  1.41) (2,  2.08) (0,  2.47) (2,  2.06) (0,  2.74) (2,  1.83)
 (3,  3.5 ) (2,  1.8 ) (2,  2.  ) (8,  2.9 ) (2,  1.95) (8,  2.82)
 (0,  2.73) (0,  2.48) (0,  2.55) (0,  2.67) (8,  3.03) (8,  3.09)
 (6,  2.2 ) (6,  2.39) (2,  1.7 ) (3,  3.31) (8,  2.83) (0,  2.56)
 (8,  2.9 ) (7,  1.05) (0,  2.53) (8,  2.9 ) (8,  2.81) (0,  2.6 )
 (2,  1.96) (8,  2.97) (2,  1.82) (8,  2.97) (6,  2.38) (6,  2.37)
 (8,  2.8 ) (0,  2.76) (0,  2.73) (8,  2.96) (0,  2.56) (2,  1.97)
 (6,  2.34) (3,  3.66) (2,  1.97) (0,  2.49) (6,  2.35) (6,  2.17)
 (2,  2.  ) (2,  1.95) (3,  3.21) (8,  2.9 ) (6,  2.42) (6,  2.39)
 (8,  3.01) (8,  2.96) (8,  2.98) (6,  2.15) (8,  3.13) (8,  3.04)
 (0,  2.72) (0,  2.59) (6,  2.3 ) (2,  1.85) (0,  2.71) (6,  2.44)
 (6,  2.44) (3,  3.48) (0,  2.63) (6,  2.45) (8,  3.11) (0,  2.78)
 (8,  3.06) (8,  3.05) (6,  2.14) (0,  2.78) (2,  1.92) (7,  1.64)
 (8,  2.99) (6,  2.32) (0,  2.63) (8,  3.16) (3,  3.29) (8,  2.97)
 (0,  2.46) (7,  1.64) (0,  2.59) (0,  2.61) (6,  2.36) (3,  3.25)
 (3,  3.42) (8,  2.88) (6,  2.19) (2,  1.97) (2,  2.1 ) (8,  2.84)
 (8,  3.03) (6,  2.45) (7,  0.88) (0,  2.69) (0,  2.48) (2,  2.  )
 (0,  2.52) (0,  2.69) (3,  3.17) (6,  2.16) (3,  3.22) (0,  2.56)
 (2,  1.98) (7,  1.63) (2,  1.73) (0,  2.72) (6,  2.41) (2,  1.88)
 (2,  1.97) (8,  3.03) (3,  3.61) (7,  1.55) (6,  2.16) (0,  2.61)
 (3,  3.28) (0,  2.68) (2,  2.04) (7,  1.58) (2,  2.1 ) (6,  2.35)
 (2,  2.05) (6,  2.33) (6,  2.36) (8,  2.82) (6,  2.45) (3,  3.37)
 (3,  3.19) (0,  2.63) (0,  2.74) (6,  2.18) (6,  2.42) (8,  2.98)
 (8,  3.11) (2,  1.79) (0,  2.57) (0,  2.48) (2,  1.96) (0,  2.46)
 (6,  2.41) (7,  0.93) (2,  1.68) (6,  2.24) (0,  2.58) (8,  2.83)
 (2,  1.69) (6,  2.26) (0,  2.62) (8,  2.95) (0,  2.53) (0,  2.53)
 (2,  2.  ) (6,  2.22) (8,  2.97) (0,  2.5 ) (6,  2.27) (0,  2.53)
 (6,  2.26) (2,  2.02) (6,  2.33) (2,  1.69) (8,  2.79) (8,  2.9 )
 (8,  2.97) (0,  2.5 ) (8,  2.87) (8,  3.16) (2,  2.03) (2,  1.96)
 (0,  2.53) (6,  2.28) (0,  2.72) (0,  2.71) (8,  2.97) (8,  2.87)
 (8,  2.81) (3,  3.53) (6,  2.38) (8,  3.02) (0,  2.67) (8,  2.88)
 (2,  1.95) (0,  2.65) (2,  1.96) (6,  2.16) (2,  1.69) (7,  1.6 )
 (8,  2.9 ) (0,  2.62) (7,  1.42) (6,  2.28) (2,  1.91) (3,  3.18)
 (0,  2.53) (7,  1.53) (2,  2.12) (2,  2.05) (6,  2.3 ) (6,  2.35)
 (0,  2.72) (6,  2.37) (8,  2.98) (0,  2.52) (3,  3.68) (7,  1.59)
 (6,  2.14) (0,  2.48) (6,  2.24) (8,  2.96) (6,  2.36) (0,  2.6 )
 (0,  2.72) (6,  2.39) (0,  2.68) (8,  3.07) (6,  2.42) (2,  1.91)
 (0,  2.6 ) (8,  3.  ) (0,  2.6 ) (6,  2.45) (0,  2.75) (6,  2.34)
 (8,  2.79) (0,  2.5 ) (0,  2.54) (6,  2.29) (0,  2.68) (0,  2.61)
 (0,  2.53) (8,  2.79) (2,  2.12) (0,  2.74) (6,  2.2 ) (8,  2.95)
 (6,  2.16) (0,  2.58) (6,  2.31) (6,  2.45) (6,  2.43) (2,  1.94)
 (6,  2.36) (0,  2.6 ) (3,  3.25) (2,  1.92) (0,  2.48) (8,  3.04)
 (8,  2.98) (8,  2.96) (6,  2.19) (8,  2.92) (6,  2.38) (6,  2.36)
 (0,  2.7 ) (3,  3.52) (2,  1.69) (8,  2.83) (6,  2.42) (2,  1.73)
 (6,  2.23) (3,  3.56) (8,  2.96) (3,  3.41) (2,  1.91) (3,  3.35)
 (3,  3.36) (8,  2.97) (6,  2.24) (6,  2.26) (3,  3.3 ) (8,  2.79)
 (0,  2.65) (8,  3.06) (8,  2.88) (0,  2.72) (2,  2.07) (0,  2.55)
 (7,  0.92) (8,  3.03) (6,  2.13) (0,  2.53) (3,  3.23) (2,  1.91)
 (0,  2.63) (0,  2.54) (6,  2.29) (0,  2.55) (2,  1.82) (2,  1.88)
 (7,  1.17) (0,  2.5 ) (8,  3.01) (3,  3.32) (7,  1.52) (0,  2.57)
 (0,  2.71) (8,  2.88) (0,  2.74) (2,  2.02) (3,  3.29) (8,  2.83)
 (0,  2.67) (2,  1.73) (0,  2.59) (2,  2.12) (0,  2.7 ) (7,  1.27)
 (8,  3.11) (0,  2.49) (6,  2.13) (8,  2.8 ) (2,  1.68) (6,  2.27)
 (8,  3.  ) (0,  2.58) (0,  2.68) (6,  2.13) (0,  2.55) (8,  3.08)
 (2,  1.91) (3,  3.74) (6,  2.38) (8,  3.12) (8,  2.89) (6,  2.25)
 (2,  1.86) (6,  2.16) (6,  2.31) (6,  2.27) (8,  3.15) (0,  2.57)
 (6,  2.45) (0,  2.55) (0,  2.69) (2,  2.1 ) (0,  2.6 ) (0,  2.59)
 (2,  1.68) (0,  2.73) (8,  2.92) (8,  2.9 ) (8,  2.97) (2,  1.87)
 (0,  2.59) (0,  2.74) (8,  3.01) (2,  1.75) (8,  2.9 ) (0,  2.69)
 (0,  2.75) (2,  1.99) (0,  2.6 ) (6,  2.2 ) (8,  3.  ) (0,  2.7 )
 (0,  2.74) (3,  3.22) (6,  2.28) (0,  2.47) (0,  2.46) (6,  2.44)
 (0,  2.57) (0,  2.76) (2,  1.86) (2,  1.77) (3,  3.47) (2,  1.81)
 (8,  2.9 ) (6,  2.28) (8,  2.9 ) (7,  1.37) (6,  2.42) (2,  1.92)
 (6,  2.24) (6,  2.24) (3,  3.21) (2,  2.11) (6,  2.37) (8,  3.14)
 (3,  3.45) (0,  2.68) (2,  1.86) (0,  2.69) (3,  3.3 ) (3,  3.47)
 (6,  2.15) (2,  1.96) (0,  2.69) (8,  2.9 ) (6,  2.32) (6,  2.32)
 (8,  2.83) (3,  3.39) (0,  2.61) (2,  1.94) (6,  2.29) (7,  1.4 )
 (8,  2.82) (8,  3.  ) (3,  3.3 ) (8,  2.9 ) (0,  2.78) (2,  1.99)
 (7,  1.62) (3,  3.4 ) (8,  3.16) (8,  2.97) (0,  2.64) (2,  2.11)
 (0,  2.73) (7,  1.56) (8,  2.81) (0,  2.6 ) (6,  2.21) (7,  1.67)
 (0,  2.47) (2,  1.93) (2,  1.91) (8,  3.1 ) (6,  2.31) (2,  1.77)
 (6,  2.26) (8,  3.11) (8,  2.97) (0,  2.55) (0,  2.55) (6,  2.35)
 (2,  1.95) (2,  2.09) (6,  2.44) (6,  2.41) (8,  2.89) (6,  2.18)
 (0,  2.76) (6,  2.29) (6,  2.31) (6,  2.19) (6,  2.31) (6,  2.13)
 (6,  2.35) (0,  2.53) (8,  3.05) (6,  2.17) (6,  2.2 ) (0,  2.59)
 (0,  2.67) (0,  2.64) (3,  3.28) (6,  2.15) (6,  2.29) (8,  2.88)
 (0,  2.66) (6,  2.13) (8,  2.9 ) (0,  2.61) (3,  3.47) (0,  2.57)
 (6,  2.27) (2,  2.02) (3,  3.37) (6,  2.35) (6,  2.41) (2,  2.02)
 (0,  2.48) (6,  2.36) (8,  2.95) (2,  1.94) (0,  2.72) (2,  2.11)
 (0,  2.52) (0,  2.67) (6,  2.37) (6,  2.27) (6,  2.44) (0,  2.57)
 (0,  2.53) (6,  2.25) (6,  2.4 ) (8,  2.79) (2,  1.7 ) (2,  1.82)
 (3,  3.72) (0,  2.66) (6,  2.35) (8,  2.95) (0,  2.49) (8,  3.11)
 (8,  3.11) (6,  2.24) (3,  3.5 ) (8,  3.  ) (2,  2.04) (6,  2.24)
 (6,  2.32) (8,  3.01) (3,  3.52) (6,  2.27) (3,  3.85) (6,  2.25)
 (6,  2.32) (6,  2.44) (7,  1.51) (2,  2.03) (0,  2.76) (8,  2.81)
 (6,  2.39) (7,  0.62) (3,  3.72) (2,  1.98) (7,  1.62) (8,  2.91)
 (8,  2.83) (3,  3.32) (0,  2.58) (8,  3.  ) (8,  3.11) (3,  3.18)
 (2,  1.87) (6,  2.39) (6,  2.38) (2,  2.05) (3,  3.39) (6,  2.37)
 (6,  2.17) (6,  2.37) (6,  2.25) (2,  1.77) (8,  2.93) (8,  2.81)
 (8,  2.93) (2,  2.04) (6,  2.45) (6,  2.4 ) (8,  3.15) (3,  3.48)
 (6,  2.39) (0,  2.46) (6,  2.33) (7,  1.26) (0,  2.68) (6,  2.29)
 (2,  1.94) (0,  2.53) (8,  2.9 ) (6,  2.45) (2,  1.92) (0,  2.5 )
 (6,  2.29) (7,  1.18) (6,  2.45) (6,  2.33) (2,  2.02) (6,  2.37)
 (0,  2.56) (8,  2.85) (3,  3.37) (8,  3.16) (8,  3.  ) (6,  2.27)
 (8,  2.91) (2,  1.78) (2,  1.97) (6,  2.32) (6,  2.42) (2,  1.94)
 (6,  2.23) (2,  1.91) (6,  2.21) (6,  2.42) (6,  2.41) (6,  2.13)
 (6,  2.31) (2,  2.12) (0,  2.72) (0,  2.59) (0,  2.46) (0,  2.53)
 (0,  2.76) (6,  2.26) (0,  2.75) (2,  1.87) (6,  2.22) (6,  2.13)
 (3,  3.59) (6,  2.35) (0,  2.73) (7,  1.37) (3,  3.34) (3,  3.51)
 (3,  3.3 ) (2,  1.76) (8,  3.01) (8,  3.14) (3,  3.33) (6,  2.18)
 (0,  2.67) (0,  2.69) (0,  2.53) (8,  2.81)]


analyzing the results:
number of max cluster size: 10
number of actually used clusters: 10
min value of all elements: -3.58
max value of all elements: 3.85
mean of all elements: 1.01941
median of all elements: 2.24
standard deviation of all elements: 2.3237137413846827
variance of all elements: 5.405050602502501
distribution of all clusters: [0 0 0 0 0 0 0 0 0 0 0 0 0 0 0 0 0 0 0 0 0 0 0 0 0 0 0 0 0 0 0 0 0 0 0 0 0
 0 0 0 0 0 0 0 0 0 0 0 0 0 0 0 0 0 0 0 0 0 0 0 0 0 0 0 0 0 0 0 0 0 0 0 0 0
 0 0 0 0 0 0 0 0 0 0 0 0 0 0 0 0 0 0 0 0 0 0 0 0 0 0 0 0 0 0 0 0 0 0 0 0 0
 0 0 0 0 0 0 0 0 0 0 0 0 0 0 0 0 0 0 0 0 0 0 0 0 0 0 0 0 0 0 0 0 0 0 0 0 0
 0 0 0 0 0 0 0 0 0 0 0 0 0 0 0 0 0 0 0 0 0 0 0 0 0 0 0 0 1 1 1 1 1 1 1 1 1
 1 1 1 1 1 1 1 1 1 1 1 1 1 1 1 1 1 1 1 1 1 1 1 1 1 1 1 1 1 1 1 1 1 1 1 1 1
 1 1 1 1 1 1 1 1 1 1 1 1 1 1 1 1 1 1 1 1 1 1 1 1 1 1 1 1 1 1 1 1 1 1 2 2 2
 2 2 2 2 2 2 2 2 2 2 2 2 2 2 2 2 2 2 2 2 2 2 2 2 2 2 2 2 2 2 2 2 2 2 2 2 2
 2 2 2 2 2 2 2 2 2 2 2 2 2 2 2 2 2 2 2 2 2 2 2 2 2 2 2 2 2 2 2 2 2 2 2 2 2
 2 2 2 2 2 2 2 2 2 2 2 2 2 2 2 2 2 2 2 2 2 2 2 2 2 2 2 2 2 2 2 2 2 2 2 2 2
 2 2 2 3 3 3 3 3 3 3 3 3 3 3 3 3 3 3 3 3 3 3 3 3 3 3 3 3 3 3 3 3 3 3 3 3 3
 3 3 3 3 3 3 3 3 3 3 3 3 3 3 3 3 3 3 3 3 3 3 3 3 3 3 3 3 3 4 4 4 4 4 4 4 4
 4 4 4 4 4 4 4 4 4 4 4 4 4 4 4 4 4 4 4 4 4 4 4 4 4 4 4 4 4 4 4 4 4 4 4 4 4
 4 4 4 4 4 4 5 5 5 5 5 5 5 5 5 5 5 5 5 5 5 5 5 5 5 5 5 5 5 5 5 5 5 5 5 5 5
 5 5 5 5 5 5 5 5 5 5 5 5 5 5 5 5 5 5 5 5 5 5 5 5 5 5 5 5 5 5 5 5 5 5 5 6 6
 6 6 6 6 6 6 6 6 6 6 6 6 6 6 6 6 6 6 6 6 6 6 6 6 6 6 6 6 6 6 6 6 6 6 6 6 6
 6 6 6 6 6 6 6 6 6 6 6 6 6 6 6 6 6 6 6 6 6 6 6 6 6 6 6 6 6 6 6 6 6 6 6 6 6
 6 6 6 6 6 6 6 6 6 6 6 6 6 6 6 6 6 6 6 6 6 6 6 6 6 6 6 6 6 6 6 6 6 6 6 6 6
 6 6 6 6 6 6 6 6 6 6 6 6 6 6 6 6 6 6 6 6 6 6 6 6 6 6 6 6 6 6 6 6 6 6 6 6 6
 6 6 6 6 6 6 6 6 6 6 6 6 6 6 6 6 6 6 6 7 7 7 7 7 7 7 7 7 7 7 7 7 7 7 7 7 7
 7 7 7 7 7 7 7 7 7 7 7 7 7 7 7 7 8 8 8 8 8 8 8 8 8 8 8 8 8 8 8 8 8 8 8 8 8
 8 8 8 8 8 8 8 8 8 8 8 8 8 8 8 8 8 8 8 8 8 8 8 8 8 8 8 8 8 8 8 8 8 8 8 8 8
 8 8 8 8 8 8 8 8 8 8 8 8 8 8 8 8 8 8 8 8 8 8 8 8 8 8 8 8 8 8 8 8 8 8 8 8 8
 8 8 8 8 8 8 8 8 8 8 8 8 8 8 8 8 8 8 8 8 8 8 8 8 8 8 8 8 8 8 8 8 8 8 8 8 8
 8 8 8 8 8 8 8 8 8 9 9 9 9 9 9 9 9 9 9 9 9 9 9 9 9 9 9 9 9 9 9 9 9 9 9 9 9
 9 9 9 9 9 9 9 9 9 9 9 9 9 9 9 9 9 9 9 9 9 9 9 9 9 9 9 9 9 9 9 9 9 9 9 9 9
 9 9 9 9 9 9 9 9 9 9 9 9 9 9 9 9 9 9 9 9 9 9 9 9 9 9 9 9 9 9 9 9 9 9 9 9 9
 9]

cluster #0: 	sum elements:176  	min value: 2.46 	max value: 2.78 	mean: 2.6 	std deviation: 0.093 	median: 2.6
cluster #0 homoscedasticity NOT given with ratio = 1.653061224489788
cluster #1: 	sum elements:80  	min value: -2.87 	max value: -2.47 	mean: -2.7 	std deviation: 0.106 	median: -2.68
cluster #1 homoscedasticity NOT given with ratio = 1.8304498269896206
cluster #2: 	sum elements:117  	min value: 1.68 	max value: 2.12 	mean: 1.9 	std deviation: 0.125 	median: 1.94
cluster #2 homoscedasticity given with ratio = 1.000000000000002
cluster #3: 	sum elements:63  	min value: 3.17 	max value: 3.85 	mean: 3.4 	std deviation: 0.16 	median: 3.37
cluster #3 homoscedasticity NOT given with ratio = 3.827977315689985
cluster #4: 	sum elements:51  	min value: -1.94 	max value: -1.04 	mean: -1.6 	std deviation: 0.237 	median: -1.67
cluster #4 homoscedasticity NOT given with ratio = 2.712802768166093
cluster #5: 	sum elements:66  	min value: -3.58 	max value: -2.88 	mean: -3.1 	std deviation: 0.184 	median: -3.08
cluster #5 homoscedasticity NOT given with ratio = 4.760330578512388
cluster #6: 	sum elements:169  	min value: 2.13 	max value: 2.45 	mean: 2.3 	std deviation: 0.096 	median: 2.31
cluster #6 homoscedasticity given with ratio = 1.2844444444444372
cluster #7: 	sum elements:34  	min value: 0.62 	max value: 1.67 	mean: 1.4 	std deviation: 0.268 	median: 1.4649999999999999
cluster #7 homoscedasticity NOT given with ratio = 8.345679012345675
cluster #8: 	sum elements:141  	min value: 2.79 	max value: 3.16 	mean: 3.0 	std deviation: 0.104 	median: 2.96
cluster #8 homoscedasticity NOT given with ratio = 1.7226562499999964
cluster #9: 	sum elements:103  	min value: -2.46 	max value: -1.99 	mean: -2.2 	std deviation: 0.129 	median: -2.26
cluster #9 homoscedasticity NOT given with ratio = 1.532879818594099
homoscedasticity given for 2 of 10 used clusters

number of elements: 1000

built clusters:
cluster #5: -3.58 -- -2.88 (66)
cluster #1: -2.87 -- -2.47 (80)
cluster #9: -2.46 -- -1.99 (103)
cluster #4: -1.94 -- -1.04 (51)
cluster #7: 0.62 -- 1.67 (34)
cluster #2: 1.68 -- 2.12 (117)
cluster #6: 2.13 -- 2.45 (169)
cluster #0: 2.46 -- 2.78 (176)
cluster #8: 2.79 -- 3.16 (141)
cluster #3: 3.17 -- 3.85 (63)

score even distribution (SED) MAX: 2.92e+19
score even distribution (SED) MAX: 2.9151783950336086e+19
SED number of digits: 20

number of used clusters (NUC) MAX: 1.0

sum variances (SV) MIN: 0.25475205938040457
sum variances (SV) MIN: 2.55e-01
ratio between SED and sv digits MAX: 0
SUM: NUC(MAX): 1.0	 SED(MAX): 2.92e+19	 SV(MIN): 2.55e-01

Mean Silhouette Coefficient of all clusters MSC(MAX): 0.54
(best value is 1 and the worst value is -1. Values near 0 indicate overlapping clusters)

Davies-Bouldin score DB(MIN): 0.52
(The minimum score is zero, with lower values indicating better clustering.)

Process finished with exit code 0
