starting algorithm at: 07:37:27.010264
finishing algorithm at: 07:37:27.026725

running time of algorithm: 0:00:00.016461


frquencies result
[(8, 1.870e+00) (9, 3.910e+00) (9, 4.130e+00) (4, 5.300e-01)
 (8, 1.380e+00) (9, 4.120e+00) (4, 6.600e-01) (8, 1.510e+00)
 (5, 7.250e+00) (0, 2.840e+00) (2, 1.651e+01) (9, 4.360e+00)
 (4, 1.000e-02) (9, 3.410e+00) (5, 6.620e+00) (5, 6.980e+00)
 (3, 5.220e+00) (4, 5.600e-01) (4, 2.800e-01) (1, 8.900e+00)
 (5, 6.180e+00) (8, 1.520e+00) (9, 3.450e+00) (3, 4.550e+00)
 (4, 8.000e-02) (3, 4.490e+00) (8, 1.550e+00) (8, 1.560e+00)
 (0, 2.510e+00) (0, 2.610e+00) (5, 7.530e+00) (8, 1.140e+00)
 (4, 5.100e-01) (9, 3.810e+00) (4, 4.400e-01) (4, 4.200e-01)
 (8, 1.090e+00) (0, 2.140e+00) (9, 3.500e+00) (4, 7.500e-01)
 (8, 1.410e+00) (1, 9.380e+00) (8, 9.800e-01) (1, 9.370e+00)
 (9, 3.920e+00) (3, 4.850e+00) (4, 1.800e-01) (3, 5.230e+00)
 (4, 7.600e-01) (0, 1.950e+00) (5, 6.650e+00) (0, 1.940e+00)
 (7, 1.045e+01) (4, 8.500e-01) (0, 2.650e+00) (0, 2.870e+00)
 (5, 7.800e+00) (3, 4.510e+00) (3, 5.470e+00) (9, 3.840e+00)
 (4, 4.000e-01) (6, 2.537e+01) (4, 4.700e-01) (5, 7.270e+00)
 (3, 5.580e+00) (4, 4.300e-01) (4, 1.600e-01) (9, 3.380e+00)
 (0, 2.770e+00) (9, 4.270e+00) (4, 5.000e-02) (9, 4.250e+00)
 (0, 2.390e+00) (9, 3.810e+00) (3, 5.030e+00) (7, 1.067e+01)
 (9, 3.690e+00) (0, 2.040e+00) (8, 1.790e+00) (6, 2.646e+01)
 (9, 3.180e+00) (8, 9.300e-01) (4, 7.200e-01) (4, 5.600e-01)
 (0, 2.790e+00) (9, 4.250e+00) (4, 5.900e-01) (4, 8.200e-01)
 (0, 2.350e+00) (9, 4.000e+00) (8, 1.880e+00) (1, 9.280e+00)
 (9, 3.800e+00) (0, 2.300e+00) (0, 2.650e+00) (3, 5.430e+00)
 (9, 4.000e+00) (9, 4.000e+00) (3, 5.430e+00) (8, 1.450e+00)
 (2, 1.767e+01) (2, 1.540e+01) (4, 3.400e-01) (8, 1.690e+00)
 (8, 1.180e+00) (9, 3.950e+00) (4, 5.400e-01) (0, 2.440e+00)
 (3, 4.890e+00) (4, 1.100e-01) (3, 4.690e+00) (9, 4.400e+00)
 (9, 3.210e+00) (4, 8.400e-01) (4, 5.900e-01) (0, 2.850e+00)
 (8, 1.530e+00) (0, 2.430e+00) (0, 2.120e+00) (1, 1.003e+01)
 (9, 3.970e+00) (2, 1.673e+01) (8, 1.130e+00) (0, 2.780e+00)
 (9, 3.670e+00) (5, 7.120e+00) (2, 1.915e+01) (8, 1.050e+00)
 (4, 4.300e-01) (4, 6.800e-01) (0, 2.840e+00) (3, 4.830e+00)
 (7, 1.270e+01) (9, 3.430e+00) (3, 5.920e+00) (9, 3.970e+00)
 (4, 1.300e-01) (3, 5.330e+00) (1, 8.640e+00) (5, 7.730e+00)
 (1, 7.990e+00) (4, 6.700e-01) (0, 2.670e+00) (3, 5.620e+00)
 (1, 8.480e+00) (9, 3.450e+00) (4, 7.000e-02) (5, 6.210e+00)
 (5, 6.260e+00) (8, 1.490e+00) (3, 5.230e+00) (1, 9.080e+00)
 (9, 3.960e+00) (4, 4.800e-01) (3, 4.590e+00) (8, 1.340e+00)
 (4, 7.000e-02) (0, 2.490e+00) (0, 2.340e+00) (3, 5.320e+00)
 (8, 1.380e+00) (3, 5.380e+00) (4, 6.100e-01) (3, 5.240e+00)
 (8, 1.010e+00) (9, 4.230e+00) (4, 5.500e-01) (3, 5.570e+00)
 (0, 2.110e+00) (7, 1.326e+01) (8, 1.710e+00) (9, 3.640e+00)
 (8, 9.400e-01) (4, 3.600e-01) (1, 7.930e+00) (9, 3.290e+00)
 (4, 4.600e-01) (9, 3.610e+00) (8, 1.580e+00) (8, 1.410e+00)
 (4, 3.500e-01) (8, 1.890e+00) (0, 2.720e+00) (5, 7.100e+00)
 (3, 5.200e+00) (5, 6.800e+00) (4, 4.600e-01) (4, 4.400e-01)
 (8, 1.500e+00) (8, 1.660e+00) (4, 7.600e-01) (5, 6.190e+00)
 (7, 1.363e+01) (7, 1.221e+01) (5, 6.820e+00) (4, 4.800e-01)
 (3, 5.600e+00) (9, 3.770e+00) (3, 4.810e+00) (4, 3.400e-01)
 (8, 1.320e+00) (2, 1.895e+01) (8, 1.540e+00) (0, 1.920e+00)
 (0, 2.510e+00) (2, 1.556e+01) (0, 1.900e+00) (4, 4.000e-02)
 (4, 4.100e-01) (7, 1.054e+01) (9, 3.920e+00) (9, 3.170e+00)
 (1, 9.080e+00) (0, 3.050e+00) (8, 1.430e+00) (5, 7.710e+00)
 (4, 4.300e-01) (9, 4.420e+00) (0, 2.210e+00) (8, 1.100e+00)
 (9, 3.390e+00) (5, 6.540e+00) (1, 8.040e+00) (4, 6.600e-01)
 (4, 1.500e-01) (7, 1.128e+01) (7, 1.210e+01) (9, 3.670e+00)
 (0, 2.110e+00) (9, 3.440e+00) (8, 1.840e+00) (7, 1.124e+01)
 (7, 1.258e+01) (5, 7.670e+00) (7, 1.087e+01) (2, 1.598e+01)
 (5, 6.540e+00) (0, 2.030e+00) (7, 1.386e+01) (9, 3.920e+00)
 (9, 4.420e+00) (3, 5.700e+00) (8, 9.200e-01) (4, 4.000e-02)
 (4, 3.700e-01) (9, 3.700e+00) (9, 3.210e+00) (8, 1.390e+00)
 (8, 1.340e+00) (8, 1.450e+00) (7, 1.232e+01) (8, 1.870e+00)
 (7, 1.180e+01) (5, 7.370e+00) (3, 5.350e+00) (7, 1.182e+01)
 (3, 5.760e+00) (5, 7.140e+00) (5, 6.700e+00) (5, 7.030e+00)
 (1, 8.940e+00) (8, 1.180e+00) (4, 3.400e-01) (4, 1.000e-02)
 (5, 6.430e+00) (0, 2.170e+00) (0, 2.430e+00) (5, 6.720e+00)
 (0, 1.930e+00) (1, 7.970e+00) (3, 5.490e+00) (1, 8.160e+00)
 (3, 5.920e+00) (0, 1.980e+00) (8, 1.650e+00) (5, 6.720e+00)
 (7, 1.271e+01) (4, 4.400e-01) (1, 7.990e+00) (5, 7.080e+00)
 (9, 4.070e+00) (8, 9.900e-01) (7, 1.123e+01) (3, 5.010e+00)
 (4, 4.500e-01) (8, 1.020e+00) (8, 9.400e-01) (5, 6.330e+00)
 (9, 3.970e+00) (9, 4.190e+00) (4, 4.100e-01) (4, 2.800e-01)
 (4, 7.700e-01) (0, 1.990e+00) (4, 1.800e-01) (0, 2.250e+00)
 (0, 2.860e+00) (9, 4.050e+00) (8, 1.400e+00) (9, 3.070e+00)
 (8, 9.900e-01) (4, 8.500e-01) (9, 3.090e+00) (8, 1.480e+00)
 (8, 9.100e-01) (5, 6.010e+00) (4, 8.100e-01) (4, 6.300e-01)
 (3, 5.040e+00) (0, 2.550e+00) (0, 2.950e+00) (0, 2.290e+00)
 (0, 2.580e+00) (1, 9.510e+00) (9, 3.650e+00) (8, 1.010e+00)
 (1, 8.140e+00) (0, 3.050e+00) (0, 2.490e+00) (0, 2.610e+00)
 (8, 1.610e+00) (8, 9.800e-01) (8, 1.010e+00) (8, 9.300e-01)
 (4, 3.100e-01) (9, 3.260e+00) (9, 3.320e+00) (4, 3.700e-01)
 (7, 1.139e+01) (8, 1.170e+00) (3, 4.760e+00) (9, 3.700e+00)
 (4, 1.600e-01) (4, 5.000e-01) (4, 3.600e-01) (7, 1.107e+01)
 (3, 4.850e+00) (9, 3.620e+00) (5, 6.060e+00) (4, 4.600e-01)
 (1, 7.990e+00) (4, 2.800e-01) (8, 1.390e+00) (8, 1.580e+00)
 (0, 1.950e+00) (9, 3.470e+00) (5, 6.890e+00) (3, 5.620e+00)
 (2, 1.557e+01) (3, 5.120e+00) (0, 2.010e+00) (0, 2.150e+00)
 (8, 1.130e+00) (9, 3.990e+00) (1, 8.600e+00) (9, 3.180e+00)
 (4, 7.000e-01) (5, 7.160e+00) (8, 1.480e+00) (7, 1.197e+01)
 (4, 2.400e-01) (3, 5.330e+00) (3, 5.720e+00) (4, 4.400e-01)
 (9, 4.260e+00) (0, 2.170e+00) (3, 4.950e+00) (9, 3.230e+00)
 (8, 1.000e+00) (7, 1.047e+01) (8, 1.710e+00) (9, 4.260e+00)
 (7, 1.265e+01) (0, 3.010e+00) (1, 9.750e+00) (5, 7.540e+00)
 (3, 5.010e+00) (4, 7.000e-02) (9, 3.450e+00) (0, 2.480e+00)
 (0, 2.130e+00) (0, 2.480e+00) (3, 5.680e+00) (4, 7.000e-01)
 (0, 2.460e+00) (4, 2.500e-01) (9, 3.070e+00) (3, 5.420e+00)
 (4, 1.400e-01) (0, 2.310e+00) (9, 3.950e+00) (4, 4.300e-01)
 (9, 3.940e+00) (0, 2.190e+00) (4, 3.900e-01) (8, 1.540e+00)
 (8, 1.720e+00) (8, 1.190e+00) (7, 1.207e+01) (4, 7.800e-01)
 (9, 3.620e+00) (7, 1.316e+01) (7, 1.132e+01) (8, 1.560e+00)
 (9, 4.360e+00) (3, 5.670e+00) (3, 5.810e+00) (0, 2.780e+00)
 (9, 3.330e+00) (0, 2.490e+00) (4, 1.100e-01) (0, 2.000e+00)
 (5, 6.300e+00) (8, 1.300e+00) (8, 1.400e+00) (1, 9.520e+00)
 (0, 2.960e+00) (4, 2.800e-01) (3, 4.590e+00) (4, 3.200e-01)
 (9, 4.170e+00) (1, 1.009e+01) (8, 1.270e+00) (4, 5.100e-01)
 (1, 9.540e+00) (5, 6.680e+00) (4, 1.000e-02) (5, 6.040e+00)
 (8, 1.550e+00) (0, 2.440e+00) (4, 4.000e-02) (2, 1.844e+01)
 (8, 1.530e+00) (0, 2.780e+00) (4, 3.300e-01) (9, 4.040e+00)
 (8, 1.240e+00) (8, 1.820e+00) (1, 9.780e+00) (0, 2.810e+00)
 (9, 3.450e+00) (3, 4.470e+00) (3, 5.660e+00) (8, 9.000e-01)
 (4, 1.200e-01) (5, 6.000e+00) (9, 3.670e+00) (0, 2.260e+00)
 (0, 2.150e+00) (9, 3.620e+00) (5, 6.080e+00) (3, 5.360e+00)
 (8, 1.240e+00) (1, 8.550e+00) (4, 5.700e-01) (0, 2.260e+00)
 (8, 1.460e+00) (9, 3.170e+00) (9, 3.250e+00) (8, 1.000e+00)
 (3, 5.120e+00) (9, 3.520e+00) (0, 2.950e+00) (3, 5.580e+00)
 (8, 1.870e+00) (5, 6.760e+00) (5, 7.020e+00) (9, 4.190e+00)
 (5, 7.510e+00) (3, 5.050e+00) (7, 1.160e+01) (4, 5.000e-02)
 (9, 3.290e+00) (8, 1.210e+00) (5, 6.020e+00) (3, 4.910e+00)
 (9, 3.460e+00) (2, 1.835e+01) (7, 1.110e+01) (9, 3.290e+00)
 (4, 5.000e-02) (0, 2.280e+00) (5, 6.720e+00) (0, 2.160e+00)
 (8, 9.600e-01) (4, 6.900e-01) (0, 2.320e+00) (8, 1.230e+00)
 (3, 5.420e+00) (8, 1.790e+00) (8, 9.500e-01) (8, 1.440e+00)
 (9, 4.010e+00) (0, 2.410e+00) (3, 4.550e+00) (3, 5.770e+00)
 (4, 6.400e-01) (5, 6.650e+00) (4, 6.900e-01) (4, 5.500e-01)
 (1, 8.930e+00) (9, 3.840e+00) (0, 2.210e+00) (8, 1.130e+00)
 (8, 1.820e+00) (4, 3.300e-01) (0, 2.440e+00) (1, 9.270e+00)
 (1, 8.630e+00) (3, 5.560e+00) (4, 4.600e-01) (9, 3.980e+00)
 (4, 2.700e-01) (8, 1.290e+00) (8, 1.040e+00) (7, 1.138e+01)
 (4, 8.600e-01) (4, 4.600e-01) (5, 6.750e+00) (2, 1.504e+01)
 (3, 4.910e+00) (9, 4.310e+00) (3, 5.030e+00) (1, 9.510e+00)
 (2, 1.632e+01) (0, 3.060e+00) (1, 7.870e+00) (0, 2.850e+00)
 (9, 3.800e+00) (9, 4.310e+00) (9, 3.070e+00) (1, 8.940e+00)
 (9, 3.310e+00) (0, 2.570e+00) (1, 9.420e+00) (4, 1.100e-01)
 (8, 1.890e+00) (7, 1.057e+01) (0, 2.640e+00) (4, 5.300e-01)
 (8, 1.380e+00) (3, 5.960e+00) (0, 1.910e+00) (9, 3.870e+00)
 (9, 3.430e+00) (9, 4.000e+00) (8, 1.460e+00) (1, 8.260e+00)
 (8, 1.290e+00) (7, 1.147e+01) (8, 1.810e+00) (1, 9.340e+00)
 (8, 1.890e+00) (4, 1.000e-02) (0, 2.720e+00) (8, 9.000e-01)
 (8, 1.180e+00) (0, 2.770e+00) (4, 1.600e-01) (3, 4.480e+00)
 (4, 1.600e-01) (0, 1.940e+00) (8, 1.440e+00) (3, 4.520e+00)
 (1, 1.034e+01) (8, 1.860e+00) (8, 1.600e+00) (8, 1.360e+00)
 (5, 7.070e+00) (4, 2.100e-01) (4, 5.000e-01) (0, 2.130e+00)
 (9, 3.920e+00) (8, 1.670e+00) (4, 7.500e-01) (8, 1.360e+00)
 (5, 6.280e+00) (3, 5.200e+00) (5, 7.150e+00) (8, 1.860e+00)
 (3, 4.850e+00) (4, 2.000e-02) (2, 1.456e+01) (0, 2.190e+00)
 (9, 3.210e+00) (8, 1.210e+00) (4, 6.200e-01) (0, 2.790e+00)
 (7, 1.328e+01) (1, 8.600e+00) (5, 6.640e+00) (9, 4.290e+00)
 (1, 7.980e+00) (5, 7.120e+00) (4, 7.700e-01) (4, 8.200e-01)
 (4, 6.700e-01) (5, 7.750e+00) (4, 7.000e-01) (9, 3.280e+00)
 (1, 9.020e+00) (1, 9.250e+00) (0, 2.170e+00) (0, 1.920e+00)
 (8, 1.390e+00) (9, 3.620e+00) (1, 9.120e+00) (4, 7.700e-01)
 (0, 2.480e+00) (0, 2.680e+00) (9, 3.710e+00) (5, 7.130e+00)
 (0, 2.520e+00) (8, 1.120e+00) (0, 2.680e+00) (9, 4.230e+00)
 (4, 1.000e-02) (5, 6.890e+00) (9, 3.790e+00) (4, 3.800e-01)
 (4, 2.200e-01) (0, 2.450e+00) (8, 1.660e+00) (1, 1.005e+01)
 (8, 1.310e+00) (1, 8.560e+00) (5, 6.630e+00) (9, 3.390e+00)
 (5, 6.730e+00) (0, 2.920e+00) (5, 6.340e+00) (5, 7.140e+00)
 (4, 6.200e-01) (0, 2.720e+00) (4, 0.000e+00) (0, 2.530e+00)
 (4, 6.800e-01) (0, 1.920e+00) (0, 2.420e+00) (3, 5.270e+00)
 (9, 3.690e+00) (5, 7.300e+00) (0, 3.040e+00) (8, 1.590e+00)
 (4, 6.600e-01) (0, 3.040e+00) (4, 3.100e-01) (4, 5.500e-01)
 (4, 1.200e-01) (8, 1.890e+00) (1, 8.200e+00) (8, 1.040e+00)
 (0, 1.970e+00) (3, 5.830e+00) (9, 3.450e+00) (8, 1.310e+00)
 (9, 3.260e+00) (9, 3.440e+00) (0, 2.290e+00) (0, 2.020e+00)
 (4, 2.900e-01) (3, 5.540e+00) (8, 1.420e+00) (4, 1.000e-01)
 (9, 3.210e+00) (3, 5.890e+00) (4, 2.000e-02) (8, 1.310e+00)
 (0, 2.050e+00) (1, 9.140e+00) (9, 3.690e+00) (8, 1.270e+00)
 (8, 1.510e+00) (1, 9.090e+00) (0, 2.390e+00) (0, 2.050e+00)
 (4, 7.000e-02) (8, 1.210e+00) (1, 8.760e+00) (4, 6.400e-01)
 (4, 7.700e-01) (5, 6.150e+00) (5, 6.390e+00) (8, 1.140e+00)
 (0, 2.540e+00) (1, 8.820e+00) (4, 6.000e-02) (4, 1.800e-01)
 (8, 1.830e+00) (4, 6.700e-01) (8, 1.060e+00) (0, 2.370e+00)
 (5, 6.520e+00) (5, 6.430e+00) (4, 8.400e-01) (8, 1.370e+00)
 (4, 4.400e-01) (8, 1.430e+00) (0, 2.350e+00) (9, 4.110e+00)
 (9, 3.350e+00) (5, 6.680e+00) (0, 2.310e+00) (1, 9.280e+00)
 (3, 4.640e+00) (8, 1.640e+00) (1, 1.028e+01) (3, 5.620e+00)
 (4, 5.800e-01) (8, 1.260e+00) (1, 8.400e+00) (9, 3.450e+00)
 (3, 4.790e+00) (4, 6.200e-01) (4, 5.000e-02) (4, 4.200e-01)
 (8, 1.080e+00) (0, 2.380e+00) (8, 9.700e-01) (9, 3.200e+00)
 (8, 1.580e+00) (4, 2.800e-01) (5, 6.030e+00) (9, 3.230e+00)
 (5, 7.280e+00) (7, 1.071e+01) (4, 5.600e-01) (1, 8.730e+00)
 (3, 4.930e+00) (4, 8.000e-02) (5, 6.040e+00) (0, 2.700e+00)
 (1, 8.050e+00) (0, 3.050e+00) (5, 7.370e+00) (4, 1.000e-02)
 (9, 3.670e+00) (9, 3.600e+00) (9, 3.830e+00) (0, 2.270e+00)
 (8, 1.080e+00) (4, 0.000e+00) (0, 2.480e+00) (7, 1.118e+01)
 (7, 1.233e+01) (0, 2.420e+00) (2, 1.556e+01) (7, 1.297e+01)
 (9, 4.320e+00) (9, 3.140e+00) (0, 2.060e+00) (4, 6.000e-02)
 (3, 5.130e+00) (7, 1.143e+01) (4, 3.500e-01) (9, 3.730e+00)
 (3, 5.650e+00) (8, 1.390e+00) (8, 1.830e+00) (0, 1.910e+00)
 (3, 5.270e+00) (4, 8.200e-01) (8, 1.300e+00) (0, 2.150e+00)
 (5, 7.360e+00) (4, 1.400e-01) (5, 6.890e+00) (4, 2.300e-01)
 (4, 5.700e-01) (8, 1.330e+00) (8, 1.430e+00) (0, 2.400e+00)
 (4, 6.900e-01) (8, 1.200e+00) (8, 1.060e+00) (8, 1.600e+00)
 (7, 1.106e+01) (5, 6.180e+00) (9, 4.430e+00) (5, 7.230e+00)
 (4, 8.800e-01) (3, 4.740e+00) (0, 2.500e+00) (0, 2.710e+00)
 (3, 4.470e+00) (9, 4.020e+00) (5, 6.740e+00) (0, 2.180e+00)
 (8, 1.230e+00) (4, 4.200e-01) (8, 1.840e+00) (6, 2.537e+01)
 (1, 8.470e+00) (7, 1.163e+01) (3, 5.350e+00) (2, 1.978e+01)
 (0, 3.040e+00) (0, 2.150e+00) (3, 4.930e+00) (8, 1.360e+00)
 (8, 1.840e+00) (5, 6.870e+00) (9, 3.110e+00) (0, 2.620e+00)
 (3, 5.250e+00) (9, 3.070e+00) (9, 3.450e+00) (3, 4.990e+00)
 (5, 6.340e+00) (8, 1.110e+00) (3, 4.900e+00) (4, 8.500e-01)
 (4, 2.200e-01) (8, 1.690e+00) (1, 8.150e+00) (0, 2.390e+00)
 (8, 1.130e+00) (2, 2.063e+01) (4, 3.500e-01) (3, 5.220e+00)
 (1, 9.420e+00) (9, 3.510e+00) (7, 1.403e+01) (0, 2.690e+00)
 (8, 1.300e+00) (0, 2.240e+00) (8, 1.390e+00) (8, 1.190e+00)
 (8, 1.320e+00) (7, 1.076e+01) (8, 1.350e+00) (9, 4.430e+00)
 (8, 1.810e+00) (9, 3.810e+00) (0, 2.600e+00) (4, 8.300e-01)
 (8, 9.000e-01) (0, 2.940e+00) (8, 1.280e+00) (5, 6.890e+00)
 (7, 1.130e+01) (0, 2.530e+00) (4, 5.000e-01) (5, 6.200e+00)
 (4, 1.400e-01) (0, 2.160e+00) (5, 6.590e+00) (0, 2.680e+00)
 (9, 4.190e+00) (4, 2.000e-01) (9, 3.710e+00) (4, 2.700e-01)
 (4, 3.000e-02) (7, 1.247e+01) (8, 1.570e+00) (8, 1.600e+00)
 (0, 2.380e+00) (4, 6.700e-01) (2, 1.725e+01) (4, 5.200e-01)
 (4, 4.100e-01) (5, 6.020e+00) (0, 2.100e+00) (3, 5.250e+00)
 (4, 1.900e-01) (4, 1.500e-01) (7, 1.331e+01) (0, 2.420e+00)
 (1, 9.140e+00) (8, 1.190e+00) (4, 1.200e-01) (8, 1.370e+00)
 (8, 9.900e-01) (1, 9.650e+00) (2, 1.890e+01) (9, 3.730e+00)
 (4, 6.900e-01) (8, 1.410e+00) (4, 2.400e-01) (4, 8.600e-01)
 (5, 6.210e+00) (4, 5.100e-01) (5, 7.370e+00) (4, 2.000e-02)
 (4, 1.700e-01) (5, 6.810e+00) (2, 1.503e+01) (4, 4.200e-01)
 (0, 2.240e+00) (1, 9.680e+00) (4, 3.000e-01) (8, 1.650e+00)
 (3, 4.860e+00) (4, 3.100e-01) (8, 1.130e+00) (4, 1.800e-01)
 (0, 2.110e+00) (0, 3.060e+00) (8, 1.770e+00) (5, 6.250e+00)
 (8, 1.300e+00) (8, 1.460e+00) (1, 9.000e+00) (4, 3.300e-01)
 (9, 3.450e+00) (9, 4.050e+00) (9, 4.330e+00) (0, 2.170e+00)
 (4, 4.600e-01) (4, 1.800e-01) (4, 3.700e-01) (9, 3.470e+00)
 (4, 8.000e-02) (9, 4.150e+00) (0, 1.910e+00) (9, 3.260e+00)
 (7, 1.247e+01) (8, 1.580e+00) (8, 1.850e+00) (1, 8.300e+00)
 (1, 9.550e+00) (3, 5.720e+00) (4, 3.100e-01) (4, 1.300e-01)
 (9, 4.340e+00) (5, 7.760e+00) (8, 1.140e+00) (4, 4.400e-01)
 (4, 5.900e-01) (4, 5.700e-01) (0, 2.420e+00) (0, 2.100e+00)
 (1, 8.580e+00) (0, 2.170e+00) (0, 2.870e+00) (8, 1.180e+00)
 (4, 1.200e-01) (8, 1.550e+00) (9, 3.860e+00) (0, 2.470e+00)
 (4, 1.200e-01) (9, 3.810e+00) (8, 1.520e+00) (3, 5.810e+00)
 (0, 3.030e+00) (0, 2.460e+00) (3, 5.120e+00) (4, 5.000e-02)
 (5, 6.200e+00) (0, 2.150e+00) (4, 5.500e-01) (5, 6.900e+00)
 (8, 1.420e+00) (4, 6.200e-01) (0, 2.640e+00) (5, 6.900e+00)
 (0, 2.210e+00) (9, 4.250e+00) (8, 9.400e-01) (8, 1.360e+00)
 (4, 4.200e-01) (5, 6.540e+00) (6, 2.213e+01) (8, 1.400e+00)
 (4, 3.700e-01) (8, 1.120e+00) (5, 6.120e+00) (4, 1.500e-01)
 (8, 1.070e+00) (9, 3.580e+00) (8, 1.440e+00) (3, 4.800e+00)
 (9, 3.580e+00) (8, 1.220e+00) (0, 2.440e+00) (8, 1.230e+00)
 (8, 1.520e+00) (4, 7.500e-01) (0, 2.680e+00) (0, 2.310e+00)
 (0, 2.920e+00) (5, 7.350e+00) (3, 4.760e+00) (4, 2.500e-01)
 (0, 2.770e+00) (9, 3.470e+00) (7, 1.169e+01) (0, 2.270e+00)
 (4, 8.400e-01) (8, 1.170e+00) (4, 2.600e-01) (3, 4.870e+00)
 (0, 2.610e+00) (4, 4.800e-01) (1, 9.890e+00) (9, 3.790e+00)
 (9, 3.730e+00) (8, 1.760e+00) (8, 1.140e+00) (8, 1.760e+00)]


analyzing the results:
number of max cluster size: 10
number of actually used clusters: 10
min value of all elements: 0.0
max value of all elements: 26.46
mean of all elements: 3.89401
median of all elements: 2.68
standard deviation of all elements: 3.856727345807583
variance of all elements: 14.889235054954957
distribution of all clusters: [0 0 0 0 0 0 0 0 0 0 0 0 0 0 0 0 0 0 0 0 0 0 0 0 0 0 0 0 0 0 0 0 0 0 0 0 0
 0 0 0 0 0 0 0 0 0 0 0 0 0 0 0 0 0 0 0 0 0 0 0 0 0 0 0 0 0 0 0 0 0 0 0 0 0
 0 0 0 0 0 0 0 0 0 0 0 0 0 0 0 0 0 0 0 0 0 0 0 0 0 0 0 0 0 0 0 0 0 0 0 0 0
 0 0 0 0 0 0 0 0 0 0 0 0 0 0 0 0 0 0 0 0 0 0 0 0 0 0 0 0 0 0 0 0 0 0 0 0 0
 0 0 0 0 0 0 0 0 0 0 0 1 1 1 1 1 1 1 1 1 1 1 1 1 1 1 1 1 1 1 1 1 1 1 1 1 1
 1 1 1 1 1 1 1 1 1 1 1 1 1 1 1 1 1 1 1 1 1 1 1 1 1 1 1 1 1 1 1 1 1 1 1 1 1
 1 2 2 2 2 2 2 2 2 2 2 2 2 2 2 2 2 2 2 2 2 3 3 3 3 3 3 3 3 3 3 3 3 3 3 3 3
 3 3 3 3 3 3 3 3 3 3 3 3 3 3 3 3 3 3 3 3 3 3 3 3 3 3 3 3 3 3 3 3 3 3 3 3 3
 3 3 3 3 3 3 3 3 3 3 3 3 3 3 3 3 3 3 3 3 3 3 3 3 3 3 3 3 3 3 3 3 3 3 3 3 3
 3 4 4 4 4 4 4 4 4 4 4 4 4 4 4 4 4 4 4 4 4 4 4 4 4 4 4 4 4 4 4 4 4 4 4 4 4
 4 4 4 4 4 4 4 4 4 4 4 4 4 4 4 4 4 4 4 4 4 4 4 4 4 4 4 4 4 4 4 4 4 4 4 4 4
 4 4 4 4 4 4 4 4 4 4 4 4 4 4 4 4 4 4 4 4 4 4 4 4 4 4 4 4 4 4 4 4 4 4 4 4 4
 4 4 4 4 4 4 4 4 4 4 4 4 4 4 4 4 4 4 4 4 4 4 4 4 4 4 4 4 4 4 4 4 4 4 4 4 4
 4 4 4 4 4 4 4 4 4 4 4 4 4 4 4 4 4 4 4 4 4 4 4 4 4 4 4 4 4 4 4 4 4 4 4 4 4
 4 4 4 4 4 4 4 4 4 4 4 4 4 4 4 4 4 5 5 5 5 5 5 5 5 5 5 5 5 5 5 5 5 5 5 5 5
 5 5 5 5 5 5 5 5 5 5 5 5 5 5 5 5 5 5 5 5 5 5 5 5 5 5 5 5 5 5 5 5 5 5 5 5 5
 5 5 5 5 5 5 5 5 5 5 5 5 5 5 5 5 5 5 5 5 5 5 5 5 5 5 5 5 5 5 5 5 5 6 6 6 6
 7 7 7 7 7 7 7 7 7 7 7 7 7 7 7 7 7 7 7 7 7 7 7 7 7 7 7 7 7 7 7 7 7 7 7 7 7
 7 7 7 7 7 7 7 7 7 8 8 8 8 8 8 8 8 8 8 8 8 8 8 8 8 8 8 8 8 8 8 8 8 8 8 8 8
 8 8 8 8 8 8 8 8 8 8 8 8 8 8 8 8 8 8 8 8 8 8 8 8 8 8 8 8 8 8 8 8 8 8 8 8 8
 8 8 8 8 8 8 8 8 8 8 8 8 8 8 8 8 8 8 8 8 8 8 8 8 8 8 8 8 8 8 8 8 8 8 8 8 8
 8 8 8 8 8 8 8 8 8 8 8 8 8 8 8 8 8 8 8 8 8 8 8 8 8 8 8 8 8 8 8 8 8 8 8 8 8
 8 8 8 8 8 8 8 8 8 8 8 8 8 8 8 8 8 8 8 8 8 8 8 8 8 8 8 8 8 8 8 8 8 8 8 8 8
 8 8 8 8 8 9 9 9 9 9 9 9 9 9 9 9 9 9 9 9 9 9 9 9 9 9 9 9 9 9 9 9 9 9 9 9 9
 9 9 9 9 9 9 9 9 9 9 9 9 9 9 9 9 9 9 9 9 9 9 9 9 9 9 9 9 9 9 9 9 9 9 9 9 9
 9 9 9 9 9 9 9 9 9 9 9 9 9 9 9 9 9 9 9 9 9 9 9 9 9 9 9 9 9 9 9 9 9 9 9 9 9
 9 9 9 9 9 9 9 9 9 9 9 9 9 9 9 9 9 9 9 9 9 9 9 9 9 9 9 9 9 9 9 9 9 9 9 9 9
 9]

cluster #0: 	sum elements:159  	min value: 1.9 	max value: 3.06 	mean: 2.4 	std deviation: 0.322 	median: 2.42
cluster #0 homoscedasticity NOT given with ratio = 1.7424000000000008
cluster #1: 	sum elements:64  	min value: 7.87 	max value: 10.34 	mean: 8.9 	std deviation: 0.66 	median: 8.969999999999999
cluster #1 homoscedasticity NOT given with ratio = 1.9545668771797506
cluster #2: 	sum elements:20  	min value: 14.56 	max value: 20.63 	mean: 17.1 	std deviation: 1.799 	median: 16.62
cluster #2 homoscedasticity NOT given with ratio = 1.9314433628867218
cluster #3: 	sum elements:91  	min value: 4.47 	max value: 5.96 	mean: 5.2 	std deviation: 0.411 	median: 5.22
cluster #3 homoscedasticity given with ratio = 1.0838806530305856
cluster #4: 	sum elements:201  	min value: 0.0 	max value: 0.88 	mean: 0.4 	std deviation: 0.25 	median: 0.41
cluster #4 homoscedasticity given with ratio = 1.4399999999999997
cluster #5: 	sum elements:90  	min value: 6.0 	max value: 7.8 	mean: 6.8 	std deviation: 0.499 	median: 6.735
cluster #5 homoscedasticity NOT given with ratio = 1.5625000000000009
cluster #6: 	sum elements:4  	min value: 22.13 	max value: 26.46 	mean: 24.8 	std deviation: 1.874 	median: 25.37
cluster #6 homoscedasticity NOT given with ratio = 2.587059079692266
cluster #7: 	sum elements:46  	min value: 10.45 	max value: 14.03 	mean: 11.9 	std deviation: 0.967 	median: 11.66
cluster #7 homoscedasticity NOT given with ratio = 2.157859690844228
cluster #8: 	sum elements:181  	min value: 0.9 	max value: 1.89 	mean: 1.4 	std deviation: 0.277 	median: 1.38
cluster #8 homoscedasticity given with ratio = 1.0412328196584753
cluster #9: 	sum elements:144  	min value: 3.07 	max value: 4.43 	mean: 3.7 	std deviation: 0.382 	median: 3.705
cluster #9 homoscedasticity given with ratio = 1.3426555807508158
homoscedasticity given for 4 of 10 used clusters

number of elements: 1000

built clusters:
cluster #4: 0.0 -- 0.88 (201)
cluster #8: 0.9 -- 1.89 (181)
cluster #0: 1.9 -- 3.06 (159)
cluster #9: 3.07 -- 4.43 (144)
cluster #3: 4.47 -- 5.96 (91)
cluster #5: 6.0 -- 7.8 (90)
cluster #1: 7.87 -- 10.34 (64)
cluster #7: 10.45 -- 14.03 (46)
cluster #2: 14.56 -- 20.63 (20)
cluster #6: 22.13 -- 26.46 (4)

score even distribution (SED) MAX: 1.61e+18
score even distribution (SED) MAX: 1.6067412485849088e+18
SED number of digits: 19

number of used clusters (NUC) MAX: 1.0

sum variances (SV) MIN: 7.84996538629796
sum variances (SV) MIN: 7.85e+00
ratio between SED and sv digits MAX: 0
SUM: NUC(MAX): 1.0	 SED(MAX): 1.61e+18	 SV(MIN): 7.85e+00

Mean Silhouette Coefficient of all clusters MSC(MAX): 0.57
(best value is 1 and the worst value is -1. Values near 0 indicate overlapping clusters)

Davies-Bouldin score DB(MIN): 0.46
(The minimum score is zero, with lower values indicating better clustering.)

Process finished with exit code 0
