starting algorithm at: 07:36:00.031544
finishing algorithm at: 07:36:00.044890

running time of algorithm: 0:00:00.013346


frquencies result
[(7,  1.62) (4, -0.24) (2,  1.26) (5,  3.32) (0,  0.24) (3,  2.84)
 (1,  1.89) (7,  1.76) (4, -0.21) (0, -0.18) (7,  1.51) (7,  1.84)
 (1,  2.08) (4, -0.49) (1,  2.16) (8,  0.37) (2,  1.06) (0,  0.36)
 (1,  2.17) (8,  0.81) (2,  1.2 ) (0, -0.18) (0,  0.33) (4, -0.88)
 (1,  2.21) (8,  0.39) (2,  1.27) (0,  0.31) (7,  1.84) (0, -0.16)
 (5,  3.26) (0,  0.24) (0,  0.33) (8,  0.64) (8,  0.68) (8,  0.73)
 (6,  4.88) (4, -0.45) (8,  0.72) (4, -0.36) (0,  0.15) (4, -0.6 )
 (1,  1.94) (4, -1.15) (0, -0.12) (0, -0.07) (0, -0.08) (5,  3.4 )
 (9,  3.94) (4, -0.67) (2,  1.17) (7,  1.77) (2,  1.14) (1,  2.19)
 (8,  0.73) (4, -0.25) (1,  2.02) (2,  1.07) (7,  1.67) (4, -0.36)
 (5,  3.24) (5,  3.02) (4, -1.48) (9,  4.13) (1,  2.33) (2,  1.17)
 (8,  0.6 ) (7,  1.54) (7,  1.52) (7,  1.81) (3,  2.72) (0,  0.31)
 (9,  4.58) (0,  0.35) (0,  0.17) (8,  0.54) (9,  4.02) (2,  1.26)
 (3,  2.85) (8,  0.59) (4, -0.26) (0,  0.2 ) (8,  0.65) (4, -0.23)
 (0,  0.05) (2,  1.12) (0,  0.11) (4, -0.96) (8,  0.8 ) (8,  0.61)
 (4, -0.31) (4, -0.2 ) (8,  0.47) (4, -0.28) (2,  1.35) (0,  0.22)
 (7,  1.63) (2,  1.08) (7,  1.71) (1,  2.11) (7,  1.42) (8,  0.79)
 (3,  2.49) (2,  0.94) (4, -0.51) (1,  2.33) (4, -0.37) (4, -0.3 )
 (0,  0.34) (0, -0.07) (1,  2.1 ) (8,  0.85) (4, -0.64) (4, -1.02)
 (2,  1.03) (2,  1.14) (0,  0.26) (7,  1.76) (4, -0.41) (1,  1.88)
 (3,  2.9 ) (0,  0.29) (8,  0.62) (7,  1.46) (8,  0.39) (8,  0.45)
 (4, -0.49) (4, -0.23) (3,  2.52) (2,  0.88) (2,  1.36) (8,  0.68)
 (3,  2.69) (4, -1.28) (8,  0.78) (3,  2.67) (8,  0.54) (8,  0.58)
 (2,  1.32) (3,  2.5 ) (2,  1.02) (0,  0.36) (3,  2.63) (8,  0.73)
 (8,  0.44) (8,  0.59) (0,  0.1 ) (4, -0.67) (4, -0.37) (1,  2.21)
 (4, -0.46) (1,  2.22) (8,  0.72) (0,  0.01) (8,  0.67) (8,  0.44)
 (7,  1.44) (2,  1.32) (8,  0.43) (4, -0.31) (1,  2.16) (3,  2.51)
 (8,  0.83) (8,  0.62) (2,  1.17) (8,  0.42) (8,  0.59) (3,  2.45)
 (2,  1.22) (5,  3.39) (4, -0.21) (4, -0.26) (1,  2.04) (8,  0.43)
 (2,  0.93) (1,  2.17) (8,  0.56) (8,  0.52) (8,  0.67) (7,  1.42)
 (7,  1.8 ) (0, -0.15) (0,  0.13) (0,  0.28) (7,  1.55) (1,  2.06)
 (0,  0.28) (2,  1.01) (4, -0.24) (8,  0.63) (1,  2.13) (7,  1.57)
 (2,  0.88) (2,  0.98) (2,  1.31) (0,  0.02) (0,  0.02) (8,  0.56)
 (0,  0.04) (4, -0.77) (3,  2.74) (4, -0.75) (7,  1.48) (2,  1.26)
 (1,  1.94) (2,  0.96) (8,  0.67) (5,  3.23) (7,  1.73) (3,  2.41)
 (7,  1.41) (4, -0.33) (2,  1.13) (2,  1.12) (1,  2.08) (0,  0.21)
 (3,  2.8 ) (4, -0.79) (4, -0.34) (0,  0.04) (8,  0.56) (4, -0.49)
 (2,  1.03) (3,  2.66) (8,  0.7 ) (8,  0.39) (0,  0.12) (1,  1.87)
 (8,  0.48) (3,  2.91) (8,  0.82) (2,  1.04) (7,  1.58) (0,  0.14)
 (2,  1.05) (5,  3.47) (2,  1.21) (5,  3.38) (8,  0.82) (4, -0.36)
 (7,  1.63) (7,  1.86) (4, -0.35) (2,  1.13) (3,  2.59) (9,  3.89)
 (3,  2.44) (0,  0.1 ) (8,  0.46) (0,  0.08) (5,  3.6 ) (7,  1.55)
 (7,  1.48) (8,  0.44) (8,  0.85) (0, -0.17) (6,  5.16) (4, -0.33)
 (0,  0.24) (2,  0.91) (2,  0.93) (4, -0.51) (1,  2.06) (8,  0.64)
 (0, -0.03) (8,  0.71) (7,  1.59) (3,  2.68) (1,  2.26) (0,  0.1 )
 (2,  1.24) (1,  2.3 ) (2,  1.08) (0,  0.23) (0, -0.01) (0, -0.19)
 (1,  2.21) (1,  2.12) (8,  0.46) (8,  0.46) (3,  2.68) (0,  0.33)
 (2,  1.02) (2,  0.92) (1,  2.03) (0, -0.18) (5,  3.1 ) (7,  1.39)
 (2,  1.17) (5,  3.21) (8,  0.37) (8,  0.81) (8,  0.83) (2,  1.23)
 (8,  0.58) (8,  0.46) (4, -0.35) (2,  1.06) (5,  3.01) (2,  0.91)
 (8,  0.48) (8,  0.66) (9,  3.83) (1,  2.08) (9,  4.59) (3,  2.66)
 (4, -0.38) (6,  5.54) (4, -1.03) (2,  1.02) (4, -0.48) (1,  2.04)
 (2,  1.01) (0,  0.21) (8,  0.39) (2,  1.14) (2,  0.92) (1,  1.96)
 (2,  0.95) (0,  0.21) (3,  2.54) (8,  0.81) (4, -0.2 ) (8,  0.48)
 (4, -0.56) (0,  0.34) (0,  0.27) (4, -0.53) (8,  0.51) (2,  1.12)
 (0,  0.02) (2,  1.09) (2,  1.13) (2,  1.34) (8,  0.68) (1,  2.12)
 (0,  0.28) (2,  0.98) (3,  2.49) (8,  0.56) (0,  0.25) (7,  1.77)
 (8,  0.61) (2,  1.01) (1,  2.3 ) (2,  1.21) (4, -0.24) (8,  0.64)
 (8,  0.8 ) (4, -0.45) (0, -0.02) (2,  1.36) (0,  0.08) (2,  1.01)
 (4, -0.81) (4, -0.2 ) (0,  0.02) (7,  1.86) (3,  2.49) (7,  1.41)
 (2,  1.33) (0,  0.09) (1,  1.97) (0,  0.07) (8,  0.73) (0,  0.26)
 (1,  2.26) (8,  0.7 ) (2,  1.05) (5,  3.11) (4, -0.2 ) (8,  0.41)
 (0,  0.01) (0, -0.02) (0, -0.1 ) (0,  0.34) (4, -0.35) (2,  0.96)
 (1,  2.  ) (7,  1.4 ) (4, -0.71) (7,  1.79) (8,  0.83) (0, -0.05)
 (8,  0.39) (8,  0.71) (2,  1.05) (8,  0.71) (2,  1.37) (8,  0.45)
 (8,  0.43) (1,  1.88) (0,  0.02) (4, -1.16) (2,  1.3 ) (4, -1.09)
 (8,  0.47) (8,  0.51) (2,  1.12) (2,  1.18) (4, -0.59) (2,  1.32)
 (1,  2.08) (3,  2.67) (2,  1.37) (7,  1.64) (7,  1.39) (1,  2.15)
 (5,  3.66) (9,  3.75) (8,  0.46) (7,  1.63) (4, -0.61) (7,  1.72)
 (0,  0.11) (1,  2.23) (4, -0.45) (4, -0.9 ) (0, -0.13) (2,  1.02)
 (8,  0.71) (8,  0.81) (0,  0.25) (1,  1.87) (2,  1.15) (0,  0.06)
 (0,  0.34) (2,  1.03) (5,  3.23) (7,  1.46) (3,  2.68) (7,  1.77)
 (3,  2.79) (8,  0.75) (9,  4.15) (7,  1.48) (1,  2.05) (1,  2.3 )
 (8,  0.51) (2,  0.91) (8,  0.81) (4, -0.91) (2,  1.17) (4, -0.22)
 (0,  0.04) (0,  0.28) (8,  0.44) (0,  0.32) (4, -0.59) (2,  1.16)
 (8,  0.78) (2,  1.04) (4, -0.44) (8,  0.6 ) (2,  1.27) (0, -0.19)
 (3,  2.68) (3,  2.51) (3,  2.66) (2,  1.05) (1,  1.94) (2,  1.01)
 (2,  1.14) (8,  0.42) (4, -0.52) (8,  0.77) (0,  0.33) (7,  1.78)
 (8,  0.44) (9,  3.99) (2,  1.24) (7,  1.75) (0, -0.02) (0,  0.27)
 (4, -1.35) (5,  3.06) (2,  0.98) (7,  1.79) (0,  0.09) (8,  0.47)
 (0, -0.1 ) (2,  0.91) (2,  1.05) (1,  2.23) (1,  2.26) (4, -0.45)
 (4, -0.43) (4, -0.21) (0, -0.02) (4, -0.3 ) (8,  0.68) (0,  0.31)
 (3,  2.93) (4, -0.6 ) (4, -0.36) (4, -0.62) (8,  0.69) (9,  4.18)
 (3,  2.41) (8,  0.69) (2,  1.24) (8,  0.8 ) (2,  0.96) (1,  2.08)
 (8,  0.37) (8,  0.68) (2,  1.37) (7,  1.55) (0,  0.08) (4, -0.72)
 (7,  1.5 ) (2,  1.34) (2,  0.92) (3,  2.53) (5,  3.24) (1,  2.15)
 (8,  0.64) (1,  2.12) (2,  1.32) (0,  0.1 ) (4, -0.37) (7,  1.59)
 (8,  0.86) (2,  1.1 ) (4, -0.45) (0, -0.09) (0,  0.05) (8,  0.71)
 (0,  0.24) (9,  3.84) (7,  1.6 ) (8,  0.69) (5,  3.69) (4, -0.33)
 (7,  1.55) (0,  0.22) (4, -0.55) (0,  0.08) (0, -0.04) (5,  3.24)
 (5,  2.98) (2,  1.14) (8,  0.72) (2,  1.07) (7,  1.62) (7,  1.82)
 (4, -0.26) (0,  0.24) (8,  0.45) (2,  0.89) (1,  2.37) (0,  0.16)
 (7,  1.77) (2,  1.14) (4, -0.94) (3,  2.68) (1,  1.92) (4, -0.77)
 (7,  1.58) (0, -0.17) (2,  1.28) (7,  1.42) (3,  2.48) (1,  1.94)
 (2,  1.34) (7,  1.58) (0,  0.07) (0, -0.08) (4, -1.09) (8,  0.76)
 (2,  1.09) (4, -0.71) (5,  3.58) (7,  1.65) (5,  3.4 ) (1,  2.  )
 (4, -0.48) (0,  0.17) (0,  0.22) (8,  0.48) (2,  0.91) (7,  1.72)
 (4, -0.29) (7,  1.59) (7,  1.7 ) (2,  0.94) (4, -0.65) (2,  0.92)
 (2,  1.2 ) (5,  3.33) (1,  2.25) (0,  0.23) (3,  2.5 ) (5,  3.64)
 (0,  0.06) (8,  0.83) (8,  0.68) (8,  0.63) (8,  0.58) (8,  0.81)
 (8,  0.72) (8,  0.8 ) (2,  1.15) (0,  0.33) (8,  0.75) (0,  0.26)
 (8,  0.72) (0,  0.28) (7,  1.71) (1,  2.23) (8,  0.55) (8,  0.67)
 (8,  0.42) (8,  0.77) (8,  0.62) (4, -0.56) (2,  1.25) (8,  0.71)
 (2,  1.08) (9,  3.93) (7,  1.81) (8,  0.75) (7,  1.79) (8,  0.49)
 (5,  3.62) (2,  0.92) (4, -0.65) (8,  0.37) (7,  1.41) (8,  0.75)
 (8,  0.62) (1,  2.28) (0, -0.18) (8,  0.53) (5,  3.58) (1,  2.13)
 (2,  0.92) (8,  0.55) (8,  0.65) (2,  0.93) (1,  1.87) (0,  0.16)
 (4, -0.52) (7,  1.7 ) (7,  1.43) (2,  1.34) (5,  3.44) (0,  0.36)
 (7,  1.82) (2,  1.36) (2,  1.35) (0,  0.16) (8,  0.77) (2,  1.35)
 (1,  2.27) (9,  4.29) (9,  3.93) (4, -0.25) (6,  5.61) (0, -0.18)
 (3,  2.96) (5,  3.25) (4, -1.01) (7,  1.73) (2,  1.13) (4, -0.46)
 (3,  2.49) (2,  1.1 ) (7,  1.68) (2,  1.33) (8,  0.8 ) (3,  2.48)
 (0, -0.12) (0,  0.16) (0,  0.25) (2,  1.36) (0,  0.34) (4, -1.05)
 (1,  1.96) (0,  0.29) (7,  1.64) (2,  1.28) (0,  0.33) (8,  0.66)
 (0,  0.09) (4, -0.54) (2,  1.06) (0, -0.18) (2,  1.06) (2,  1.15)
 (2,  1.21) (0,  0.15) (2,  1.34) (2,  1.23) (8,  0.59) (1,  1.9 )
 (0,  0.29) (8,  0.6 ) (7,  1.59) (3,  2.81) (0,  0.35) (4, -0.38)
 (7,  1.6 ) (7,  1.4 ) (4, -0.55) (2,  1.03) (0,  0.03) (8,  0.66)
 (1,  1.97) (5,  3.03) (6,  5.95) (4, -0.88) (7,  1.52) (8,  0.44)
 (2,  1.36) (3,  2.59) (0,  0.29) (7,  1.69) (4, -0.33) (0, -0.02)
 (7,  1.41) (7,  1.82) (2,  0.94) (0,  0.18) (5,  3.31) (3,  2.6 )
 (0, -0.07) (4, -0.79) (5,  3.09) (8,  0.8 ) (4, -0.73) (2,  1.17)
 (4, -0.33) (8,  0.55) (3,  2.55) (2,  0.91) (0,  0.28) (9,  4.81)
 (2,  1.34) (8,  0.44) (2,  0.96) (8,  0.39) (8,  0.64) (1,  1.94)
 (2,  1.16) (8,  0.75) (0,  0.17) (1,  2.01) (4, -0.44) (3,  2.95)
 (0,  0.3 ) (8,  0.6 ) (2,  0.88) (2,  1.37) (4, -0.71) (7,  1.38)
 (2,  1.02) (8,  0.65) (0,  0.1 ) (8,  0.87) (0,  0.2 ) (8,  0.56)
 (2,  1.03) (0,  0.2 ) (4, -0.85) (0,  0.09) (2,  1.23) (8,  0.79)
 (0,  0.06) (8,  0.81) (0,  0.24) (0, -0.14) (0, -0.14) (2,  1.37)
 (2,  1.33) (3,  2.58) (2,  1.04) (2,  1.01) (3,  2.43) (0,  0.02)
 (7,  1.72) (7,  1.58) (4, -0.48) (8,  0.6 ) (8,  0.52) (1,  2.01)
 (2,  1.18) (2,  1.12) (5,  3.17) (0,  0.31) (9,  4.43) (0,  0.32)
 (2,  1.16) (7,  1.42) (4, -0.28) (2,  0.9 ) (0, -0.03) (7,  1.78)
 (1,  1.92) (8,  0.38) (2,  1.26) (4, -0.25) (1,  1.92) (2,  1.12)
 (3,  2.48) (0,  0.29) (8,  0.81) (0,  0.11) (2,  1.08) (1,  2.32)
 (7,  1.38) (2,  1.07) (0,  0.09) (7,  1.76) (8,  0.44) (0,  0.3 )
 (0,  0.12) (3,  2.77) (1,  1.94) (8,  0.78) (0,  0.09) (0,  0.29)
 (3,  2.53) (1,  2.31) (0, -0.03) (2,  1.04) (0, -0.09) (4, -0.93)
 (2,  1.27) (3,  2.45) (2,  0.89) (8,  0.78) (1,  2.23) (4, -0.71)
 (8,  0.53) (1,  2.27) (8,  0.65) (3,  2.76) (6,  6.96) (1,  2.27)
 (2,  1.27) (1,  2.22) (8,  0.47) (2,  1.09) (8,  0.4 ) (0,  0.01)
 (8,  0.62) (8,  0.62) (2,  1.3 ) (2,  1.31) (4, -0.98) (0,  0.12)
 (1,  2.14) (7,  1.65) (2,  1.  ) (5,  3.31) (0,  0.11) (8,  0.8 )
 (0, -0.12) (2,  1.15) (1,  2.05) (2,  1.14) (0, -0.08) (8,  0.63)
 (7,  1.52) (8,  0.44) (4, -0.81) (2,  1.12) (7,  1.73) (4, -0.69)
 (2,  1.34) (4, -0.25) (4, -0.64) (3,  2.78) (8,  0.5 ) (8,  0.77)
 (2,  0.94) (8,  0.49) (3,  2.87) (7,  1.86) (8,  0.45) (0, -0.08)
 (0,  0.17) (0, -0.  ) (0, -0.14) (8,  0.84) (7,  1.55) (7,  1.62)
 (2,  1.29) (8,  0.76) (5,  3.65) (2,  1.2 ) (0,  0.12) (2,  0.96)
 (0,  0.3 ) (9,  4.86) (4, -0.36) (0,  0.3 ) (0, -0.11) (5,  3.63)
 (0,  0.07) (2,  0.98) (7,  1.41) (0,  0.01) (0,  0.05) (7,  1.53)
 (3,  2.64) (1,  2.27) (4, -0.55) (8,  0.7 ) (8,  0.81) (2,  1.36)
 (0, -0.15) (8,  0.5 ) (7,  1.49) (5,  3.29) (5,  3.3 ) (0, -0.  )
 (2,  1.34) (2,  1.28) (8,  0.43) (8,  0.51) (8,  0.61) (8,  0.7 )
 (8,  0.76) (2,  1.23) (5,  3.43) (8,  0.43) (7,  1.86) (7,  1.49)
 (2,  1.07) (2,  0.89) (2,  0.93) (8,  0.69) (0,  0.26) (0,  0.17)
 (0, -0.03) (7,  1.5 ) (0, -0.07) (0,  0.21) (4, -0.68) (2,  0.96)
 (8,  0.6 ) (3,  2.48) (8,  0.56) (2,  1.11) (8,  0.37) (0,  0.26)
 (2,  1.15) (2,  1.07) (8,  0.56) (3,  2.67) (3,  2.38) (4, -0.26)
 (1,  1.97) (5,  3.46) (0, -0.07) (0,  0.26) (2,  0.89) (0, -0.01)
 (0,  0.25) (4, -0.34) (7,  1.67) (0, -0.15) (7,  1.49) (2,  1.12)
 (0,  0.18) (0,  0.14) (4, -1.07) (8,  0.4 ) (7,  1.74) (8,  0.4 )
 (8,  0.61) (7,  1.5 ) (8,  0.65) (2,  1.23) (8,  0.7 ) (0, -0.06)
 (3,  2.47) (5,  3.37) (2,  1.  ) (5,  3.2 ) (0, -0.04) (0,  0.17)
 (5,  3.29) (7,  1.63) (1,  2.25) (4, -0.62) (2,  1.37) (3,  2.8 )
 (1,  2.11) (8,  0.86) (1,  2.21) (8,  0.59) (0,  0.34) (3,  2.48)
 (0, -0.01) (2,  1.  ) (3,  2.51) (3,  2.96)]


analyzing the results:
number of max cluster size: 10
number of actually used clusters: 10
min value of all elements: -1.48
max value of all elements: 6.96
mean of all elements: 1.03117
median of all elements: 0.85
standard deviation of all elements: 1.168495926864959
variance of all elements: 1.3667494805805807
distribution of all clusters: [0 0 0 0 0 0 0 0 0 0 0 0 0 0 0 0 0 0 0 0 0 0 0 0 0 0 0 0 0 0 0 0 0 0 0 0 0
 0 0 0 0 0 0 0 0 0 0 0 0 0 0 0 0 0 0 0 0 0 0 0 0 0 0 0 0 0 0 0 0 0 0 0 0 0
 0 0 0 0 0 0 0 0 0 0 0 0 0 0 0 0 0 0 0 0 0 0 0 0 0 0 0 0 0 0 0 0 0 0 0 0 0
 0 0 0 0 0 0 0 0 0 0 0 0 0 0 0 0 0 0 0 0 0 0 0 0 0 0 0 0 0 0 0 0 0 0 0 0 0
 0 0 0 0 0 0 0 0 0 0 0 0 0 0 0 0 0 0 0 0 0 0 0 0 0 0 0 0 0 0 0 0 0 0 0 0 0
 1 1 1 1 1 1 1 1 1 1 1 1 1 1 1 1 1 1 1 1 1 1 1 1 1 1 1 1 1 1 1 1 1 1 1 1 1
 1 1 1 1 1 1 1 1 1 1 1 1 1 1 1 1 1 1 1 1 1 1 1 1 1 1 1 1 1 1 1 1 1 1 1 1 1
 1 1 1 1 1 1 1 1 2 2 2 2 2 2 2 2 2 2 2 2 2 2 2 2 2 2 2 2 2 2 2 2 2 2 2 2 2
 2 2 2 2 2 2 2 2 2 2 2 2 2 2 2 2 2 2 2 2 2 2 2 2 2 2 2 2 2 2 2 2 2 2 2 2 2
 2 2 2 2 2 2 2 2 2 2 2 2 2 2 2 2 2 2 2 2 2 2 2 2 2 2 2 2 2 2 2 2 2 2 2 2 2
 2 2 2 2 2 2 2 2 2 2 2 2 2 2 2 2 2 2 2 2 2 2 2 2 2 2 2 2 2 2 2 2 2 2 2 2 2
 2 2 2 2 2 2 2 2 2 2 2 2 2 2 2 2 2 2 2 2 2 2 2 2 2 2 2 2 2 2 2 2 2 2 2 2 2
 2 2 2 2 2 2 3 3 3 3 3 3 3 3 3 3 3 3 3 3 3 3 3 3 3 3 3 3 3 3 3 3 3 3 3 3 3
 3 3 3 3 3 3 3 3 3 3 3 3 3 3 3 3 3 3 3 3 3 3 3 3 3 3 3 3 3 3 3 3 4 4 4 4 4
 4 4 4 4 4 4 4 4 4 4 4 4 4 4 4 4 4 4 4 4 4 4 4 4 4 4 4 4 4 4 4 4 4 4 4 4 4
 4 4 4 4 4 4 4 4 4 4 4 4 4 4 4 4 4 4 4 4 4 4 4 4 4 4 4 4 4 4 4 4 4 4 4 4 4
 4 4 4 4 4 4 4 4 4 4 4 4 4 4 4 4 4 4 4 4 4 4 4 4 4 4 4 4 4 4 4 4 4 4 4 4 4
 4 4 4 4 4 4 4 4 4 5 5 5 5 5 5 5 5 5 5 5 5 5 5 5 5 5 5 5 5 5 5 5 5 5 5 5 5
 5 5 5 5 5 5 5 5 5 5 5 5 5 5 5 6 6 6 6 6 6 7 7 7 7 7 7 7 7 7 7 7 7 7 7 7 7
 7 7 7 7 7 7 7 7 7 7 7 7 7 7 7 7 7 7 7 7 7 7 7 7 7 7 7 7 7 7 7 7 7 7 7 7 7
 7 7 7 7 7 7 7 7 7 7 7 7 7 7 7 7 7 7 7 7 7 7 7 7 7 7 7 7 7 7 7 7 7 7 7 7 7
 7 7 7 7 7 7 7 7 7 7 7 8 8 8 8 8 8 8 8 8 8 8 8 8 8 8 8 8 8 8 8 8 8 8 8 8 8
 8 8 8 8 8 8 8 8 8 8 8 8 8 8 8 8 8 8 8 8 8 8 8 8 8 8 8 8 8 8 8 8 8 8 8 8 8
 8 8 8 8 8 8 8 8 8 8 8 8 8 8 8 8 8 8 8 8 8 8 8 8 8 8 8 8 8 8 8 8 8 8 8 8 8
 8 8 8 8 8 8 8 8 8 8 8 8 8 8 8 8 8 8 8 8 8 8 8 8 8 8 8 8 8 8 8 8 8 8 8 8 8
 8 8 8 8 8 8 8 8 8 8 8 8 8 8 8 8 8 8 8 8 8 8 8 8 8 8 8 8 8 8 8 8 8 8 8 8 8
 8 8 8 8 8 8 8 8 8 8 8 8 8 8 8 8 8 8 8 8 9 9 9 9 9 9 9 9 9 9 9 9 9 9 9 9 9
 9]

cluster #0: 	sum elements:185  	min value: -0.19 	max value: 0.36 	mean: 0.1 	std deviation: 0.16 	median: 0.11
cluster #0 homoscedasticity given with ratio = 1.2440828402366866
cluster #1: 	sum elements:82  	min value: 1.87 	max value: 2.37 	mean: 2.1 	std deviation: 0.14 	median: 2.115
cluster #1 homoscedasticity given with ratio = 1.3780718336483937
cluster #2: 	sum elements:183  	min value: 0.88 	max value: 1.37 	mean: 1.1 	std deviation: 0.147 	median: 1.12
cluster #2 homoscedasticity NOT given with ratio = 1.506198347107437
cluster #3: 	sum elements:63  	min value: 2.38 	max value: 2.96 	mean: 2.6 	std deviation: 0.159 	median: 2.63
cluster #3 homoscedasticity NOT given with ratio = 2.6776859504132164
cluster #4: 	sum elements:125  	min value: -1.48 	max value: -0.2 	mean: -0.6 	std deviation: 0.283 	median: -0.49
cluster #4 homoscedasticity NOT given with ratio = 4.840000000000001
cluster #5: 	sum elements:43  	min value: 2.98 	max value: 3.69 	mean: 3.3 	std deviation: 0.198 	median: 3.31
cluster #5 homoscedasticity given with ratio = 1.4853515625000024
cluster #6: 	sum elements:6  	min value: 4.88 	max value: 6.96 	mean: 5.7 	std deviation: 0.727 	median: 5.575
cluster #6 homoscedasticity NOT given with ratio = 2.361094586555619
cluster #7: 	sum elements:101  	min value: 1.38 	max value: 1.86 	mean: 1.6 	std deviation: 0.143 	median: 1.62
cluster #7 homoscedasticity given with ratio = 1.3966942148760306
cluster #8: 	sum elements:194  	min value: 0.37 	max value: 0.87 	mean: 0.6 	std deviation: 0.142 	median: 0.62
cluster #8 homoscedasticity given with ratio = 1.3780718336483937
cluster #9: 	sum elements:18  	min value: 3.75 	max value: 4.86 	mean: 4.2 	std deviation: 0.344 	median: 4.074999999999999
cluster #9 homoscedasticity NOT given with ratio = 2.1511111111111103
homoscedasticity given for 5 of 10 used clusters

number of elements: 1000

built clusters:
cluster #4: -1.48 -- -0.2 (125)
cluster #0: -0.19 -- 0.36 (185)
cluster #8: 0.37 -- 0.87 (194)
cluster #2: 0.88 -- 1.37 (183)
cluster #7: 1.38 -- 1.86 (101)
cluster #1: 1.87 -- 2.37 (82)
cluster #3: 2.38 -- 2.96 (63)
cluster #5: 2.98 -- 3.69 (43)
cluster #9: 3.75 -- 4.86 (18)
cluster #6: 4.88 -- 6.96 (6)

score even distribution (SED) MAX: 1.99e+18
score even distribution (SED) MAX: 1.98931037551281e+18
SED number of digits: 19

number of used clusters (NUC) MAX: 1.0

sum variances (SV) MIN: 0.8024625509728454
sum variances (SV) MIN: 8.02e-01
ratio between SED and sv digits MAX: 0
SUM: NUC(MAX): 1.0	 SED(MAX): 1.99e+18	 SV(MIN): 8.02e-01

Mean Silhouette Coefficient of all clusters MSC(MAX): 0.52
(best value is 1 and the worst value is -1. Values near 0 indicate overlapping clusters)

Davies-Bouldin score DB(MIN): 0.52
(The minimum score is zero, with lower values indicating better clustering.)

Process finished with exit code 0
