starting algorithm at: 15:52:54.441404

finishing algorithm at: 15:52:54.514385

running time of algorithm: 0:00:00.072981

clusters with resulting frequencies:
[(0, -3.04) (1, -2.8 ) (2, -2.06) (3, -1.83) (1, -2.46) (2, -2.08)
 (1, -2.63) (3, -1.77) (3, -1.79) (0, -3.19) (2, -2.26) (2, -2.31)
 (2, -2.18) (0, -3.41) (2, -1.94) (1, -2.79) (1, -2.4 ) (1, -2.64)
 (1, -2.76) (0, -3.15) (1, -2.55) (3, -1.74) (3, -1.67) (3, -1.52)
 (3, -1.26) (1, -2.63) (1, -2.48) (2, -2.19) (0, -3.17) (2, -1.87)
 (1, -2.57) (2, -2.01) (3, -1.4 ) (2, -2.17) (2, -1.87) (1, -2.66)
 (2, -2.01) (2, -2.3 ) (2, -2.19) (2, -2.35) (3, -1.84) (2, -1.9 )
 (2, -2.24) (2, -2.27) (0, -2.91) (2, -2.35) (1, -2.84) (1, -2.63)
 (1, -2.44) (2, -1.89) (1, -2.71) (1, -2.68) (2, -2.19) (0, -3.39)
 (0, -2.91) (1, -2.51) (1, -2.63) (1, -2.76) (1, -2.44) (1, -2.52)
 (0, -3.46) (0, -3.07) (3, -1.59) (1, -2.62) (2, -2.  ) (0, -3.03)
 (1, -2.7 ) (2, -2.1 ) (2, -2.29) (1, -2.52) (1, -2.79) (1, -2.84)
 (3, -1.71) (2, -2.2 ) (2, -2.15) (2, -2.02) (2, -2.14) (1, -2.76)
 (1, -2.56) (1, -2.67) (2, -2.05) (1, -2.48) (2, -2.28) (1, -2.68)
 (1, -2.66) (2, -2.3 ) (0, -2.97) (1, -2.81) (1, -2.64) (2, -2.26)
 (0, -3.2 ) (0, -3.18) (0, -3.29) (1, -2.73) (1, -2.67) (0, -3.  )
 (0, -3.34) (1, -2.69) (2, -2.21) (2, -2.3 ) (2, -2.29) (2, -1.88)
 (1, -2.79) (3, -1.58) (0, -3.53) (1, -2.68) (0, -2.96) (3, -1.71)
 (1, -2.79) (2, -2.26) (2, -1.94) (3, -1.57) (0, -3.12) (1, -2.76)
 (1, -2.44) (0, -3.04) (3, -1.75) (2, -2.38) (0, -2.9 ) (3, -1.53)
 (3, -1.63) (2, -2.08) (3, -1.29) (2, -2.17) (1, -2.44) (2, -2.31)
 (2, -1.99) (1, -2.59) (2, -2.22) (0, -2.89) (1, -2.87) (1, -2.71)
 (2, -2.03) (1, -2.42) (0, -3.11) (0, -3.  ) (1, -2.72) (0, -3.14)
 (1, -2.47) (0, -3.03) (2, -2.35) (2, -2.27) (1, -2.58) (1, -2.7 )
 (1, -2.47) (0, -3.17) (0, -3.09) (1, -2.81) (1, -2.84) (0, -3.06)
 (1, -2.69) (2, -2.12) (2, -2.35) (2, -2.19) (2, -2.3 ) (2, -2.3 )
 (2, -2.29) (3, -1.04) (3, -1.61) (2, -2.22) (1, -2.43) (3, -1.1 )
 (1, -2.72) (1, -2.63) (1, -2.57) (2, -2.14) (3, -1.36) (0, -2.93)
 (3, -1.22) (2, -2.22) (1, -2.86) (2, -1.92) (2, -2.33) (0, -2.98)
 (1, -2.52) (0, -3.56) (2, -2.12) (0, -2.98) (0, -3.31) (2, -2.29)
 (0, -3.06) (2, -2.3 ) (0, -3.11) (3, -1.52) (2, -2.1 ) (1, -2.71)
 (2, -2.1 ) (1, -2.48) (0, -3.24) (0, -3.07) (1, -2.54) (2, -2.13)
 (2, -2.01) (2, -2.05) (0, -2.96) (0, -3.04) (3, -1.59) (1, -2.71)
 (1, -2.77) (2, -2.36) (1, -2.55) (0, -3.37) (1, -2.65) (0, -2.88)
 (1, -2.52) (3, -1.52) (0, -3.5 ) (1, -2.49) (0, -2.92) (1, -2.74)
 (3, -1.04) (2, -2.07) (2, -1.89) (2, -2.12) (1, -2.52) (0, -2.93)
 (2, -2.15) (3, -1.75) (3, -1.74) (1, -2.42) (3, -1.49) (1, -2.62)
 (2, -2.33) (2, -2.15) (3, -1.57) (0, -3.39) (2, -2.19) (1, -2.68)
 (0, -3.35) (3, -1.31) (2, -2.27) (1, -2.65) (1, -2.68) (1, -2.41)
 (0, -2.91) (2, -2.08) (0, -3.38) (1, -2.41) (0, -3.12) (2, -2.37)
 (1, -2.4 ) (2, -2.28) (2, -2.21) (0, -2.91) (1, -2.7 ) (1, -2.46)
 (2, -2.36) (2, -2.33) (0, -3.  ) (2, -1.99) (0, -3.11) (3, -1.52)
 (2, -2.14) (1, -2.67) (0, -3.19) (1, -2.45) (2, -1.87) (2, -2.11)
 (2, -2.25) (1, -2.54) (1, -2.5 ) (1, -2.79) (0, -3.18) (2, -2.07)
 (2, -2.13) (2, -2.35) (0, -2.97) (0, -2.95) (3, -1.71) (2, -2.38)
 (2, -2.27) (3, -1.48) (0, -3.13) (0, -3.58) (2, -1.9 ) (3, -1.85)
 (2, -2.24) (0, -2.91) (1, -2.72) (0, -3.28) (1, -2.69) (3, -1.73)
 (1, -2.7 ) (2, -2.29) (0, -3.05) (1, -2.69) (3, -1.65) (0, -3.07)
 (2, -2.29) (1, -2.57) (2, -2.09) (3, -1.61) (2, -2.37) (2, -2.37)
 (2, -2.28) (0, -3.17) (3, -1.7 ) (2, -2.26) (1, -2.7 ) (0, -2.96)
 (5,  1.58) (7,  2.57) (5,  1.82) (9,  3.48) (7,  2.46) (8,  2.83)
 (7,  2.63) (5,  1.98) (6,  2.21) (5,  1.73) (5,  1.63) (6,  2.13)
 (8,  2.96) (6,  2.16) (6,  2.19) (8,  3.15) (7,  2.51) (8,  2.94)
 (7,  2.51) (8,  2.81) (7,  2.44) (8,  3.03) (9,  3.47) (8,  3.14)
 (9,  3.19) (6,  2.18) (8,  2.86) (7,  2.58) (7,  2.45) (5,  1.71)
 (7,  2.49) (5,  2.03) (6,  2.22) (6,  2.36) (7,  2.54) (6,  2.19)
 (5,  1.9 ) (8,  2.88) (6,  2.31) (7,  2.53) (5,  1.94) (7,  2.77)
 (5,  1.89) (7,  2.63) (5,  1.78) (7,  2.66) (5,  1.97) (8,  3.02)
 (7,  2.45) (5,  1.69) (5,  1.95) (5,  1.79) (9,  3.35) (8,  3.09)
 (8,  3.02) (8,  2.9 ) (8,  2.8 ) (7,  2.76) (7,  2.67) (6,  2.32)
 (8,  2.94) (7,  2.74) (7,  2.57) (7,  2.56) (7,  2.58) (5,  1.57)
 (7,  2.54) (8,  2.97) (9,  3.51) (6,  2.25) (8,  2.94) (7,  2.5 )
 (7,  2.53) (4,  1.39) (5,  1.92) (8,  2.78) (4,  1.03) (4,  1.34)
 (8,  2.91) (6,  2.33) (5,  1.88) (7,  2.71) (9,  3.69) (8,  3.01)
 (8,  3.12) (7,  2.59) (6,  2.32) (6,  2.11) (7,  2.67) (6,  2.26)
 (9,  3.29) (7,  2.68) (7,  2.76) (9,  3.36) (6,  2.1 ) (7,  2.46)
 (4,  1.41) (6,  2.08) (7,  2.47) (5,  2.06) (7,  2.74) (5,  1.83)
 (9,  3.5 ) (5,  1.8 ) (5,  2.  ) (8,  2.9 ) (5,  1.95) (8,  2.82)
 (7,  2.73) (7,  2.48) (7,  2.55) (7,  2.67) (8,  3.03) (8,  3.09)
 (6,  2.2 ) (6,  2.39) (5,  1.7 ) (9,  3.31) (8,  2.83) (7,  2.56)
 (8,  2.9 ) (4,  1.05) (7,  2.53) (8,  2.9 ) (8,  2.81) (7,  2.6 )
 (5,  1.96) (8,  2.97) (5,  1.82) (8,  2.97) (6,  2.38) (6,  2.37)
 (8,  2.8 ) (7,  2.76) (7,  2.73) (8,  2.96) (7,  2.56) (5,  1.97)
 (6,  2.34) (9,  3.66) (5,  1.97) (7,  2.49) (6,  2.35) (6,  2.17)
 (5,  2.  ) (5,  1.95) (9,  3.21) (8,  2.9 ) (6,  2.42) (6,  2.39)
 (8,  3.01) (8,  2.96) (8,  2.98) (6,  2.15) (8,  3.13) (8,  3.04)
 (7,  2.72) (7,  2.59) (6,  2.3 ) (5,  1.85) (7,  2.71) (7,  2.44)
 (7,  2.44) (9,  3.48) (7,  2.63) (7,  2.45) (8,  3.11) (8,  2.78)
 (8,  3.06) (8,  3.05) (6,  2.14) (8,  2.78) (5,  1.92) (5,  1.64)
 (8,  2.99) (6,  2.32) (7,  2.63) (8,  3.16) (9,  3.29) (8,  2.97)
 (7,  2.46) (5,  1.64) (7,  2.59) (7,  2.61) (6,  2.36) (9,  3.25)
 (9,  3.42) (8,  2.88) (6,  2.19) (5,  1.97) (6,  2.1 ) (8,  2.84)
 (8,  3.03) (7,  2.45) (4,  0.88) (7,  2.69) (7,  2.48) (5,  2.  )
 (7,  2.52) (7,  2.69) (8,  3.17) (6,  2.16) (9,  3.22) (7,  2.56)
 (5,  1.98) (5,  1.63) (5,  1.73) (7,  2.72) (6,  2.41) (5,  1.88)
 (5,  1.97) (8,  3.03) (9,  3.61) (5,  1.55) (6,  2.16) (7,  2.61)
 (9,  3.28) (7,  2.68) (5,  2.04) (5,  1.58) (6,  2.1 ) (6,  2.35)
 (5,  2.05) (6,  2.33) (6,  2.36) (8,  2.82) (7,  2.45) (9,  3.37)
 (9,  3.19) (7,  2.63) (7,  2.74) (6,  2.18) (6,  2.42) (8,  2.98)
 (8,  3.11) (5,  1.79) (7,  2.57) (7,  2.48) (5,  1.96) (7,  2.46)
 (6,  2.41) (4,  0.93) (5,  1.68) (6,  2.24) (7,  2.58) (8,  2.83)
 (5,  1.69) (6,  2.26) (7,  2.62) (8,  2.95) (7,  2.53) (7,  2.53)
 (5,  2.  ) (6,  2.22) (8,  2.97) (7,  2.5 ) (6,  2.27) (7,  2.53)
 (6,  2.26) (5,  2.02) (6,  2.33) (5,  1.69) (8,  2.79) (8,  2.9 )
 (8,  2.97) (7,  2.5 ) (8,  2.87) (8,  3.16) (5,  2.03) (5,  1.96)
 (7,  2.53) (6,  2.28) (7,  2.72) (7,  2.71) (8,  2.97) (8,  2.87)
 (8,  2.81) (9,  3.53) (6,  2.38) (8,  3.02) (7,  2.67) (8,  2.88)
 (5,  1.95) (7,  2.65) (5,  1.96) (6,  2.16) (5,  1.69) (5,  1.6 )
 (8,  2.9 ) (7,  2.62) (4,  1.42) (6,  2.28) (5,  1.91) (8,  3.18)
 (7,  2.53) (4,  1.53) (6,  2.12) (5,  2.05) (6,  2.3 ) (6,  2.35)
 (7,  2.72) (6,  2.37) (8,  2.98) (7,  2.52) (9,  3.68) (5,  1.59)
 (6,  2.14) (7,  2.48) (6,  2.24) (8,  2.96) (6,  2.36) (7,  2.6 )
 (7,  2.72) (6,  2.39) (7,  2.68) (8,  3.07) (6,  2.42) (5,  1.91)
 (7,  2.6 ) (8,  3.  ) (7,  2.6 ) (7,  2.45) (7,  2.75) (6,  2.34)
 (8,  2.79) (7,  2.5 ) (7,  2.54) (6,  2.29) (7,  2.68) (7,  2.61)
 (7,  2.53) (8,  2.79) (6,  2.12) (7,  2.74) (6,  2.2 ) (8,  2.95)
 (6,  2.16) (7,  2.58) (6,  2.31) (7,  2.45) (6,  2.43) (5,  1.94)
 (6,  2.36) (7,  2.6 ) (9,  3.25) (5,  1.92) (7,  2.48) (8,  3.04)
 (8,  2.98) (8,  2.96) (6,  2.19) (8,  2.92) (6,  2.38) (6,  2.36)
 (7,  2.7 ) (9,  3.52) (5,  1.69) (8,  2.83) (6,  2.42) (5,  1.73)
 (6,  2.23) (9,  3.56) (8,  2.96) (9,  3.41) (5,  1.91) (9,  3.35)
 (9,  3.36) (8,  2.97) (6,  2.24) (6,  2.26) (9,  3.3 ) (8,  2.79)
 (7,  2.65) (8,  3.06) (8,  2.88) (7,  2.72) (6,  2.07) (7,  2.55)
 (4,  0.92) (8,  3.03) (6,  2.13) (7,  2.53) (9,  3.23) (5,  1.91)
 (7,  2.63) (7,  2.54) (6,  2.29) (7,  2.55) (5,  1.82) (5,  1.88)
 (4,  1.17) (7,  2.5 ) (8,  3.01) (9,  3.32) (4,  1.52) (7,  2.57)
 (7,  2.71) (8,  2.88) (7,  2.74) (5,  2.02) (9,  3.29) (8,  2.83)
 (7,  2.67) (5,  1.73) (7,  2.59) (6,  2.12) (7,  2.7 ) (4,  1.27)
 (8,  3.11) (7,  2.49) (6,  2.13) (8,  2.8 ) (5,  1.68) (6,  2.27)
 (8,  3.  ) (7,  2.58) (7,  2.68) (6,  2.13) (7,  2.55) (8,  3.08)
 (5,  1.91) (9,  3.74) (6,  2.38) (8,  3.12) (8,  2.89) (6,  2.25)
 (5,  1.86) (6,  2.16) (6,  2.31) (6,  2.27) (8,  3.15) (7,  2.57)
 (7,  2.45) (7,  2.55) (7,  2.69) (6,  2.1 ) (7,  2.6 ) (7,  2.59)
 (5,  1.68) (7,  2.73) (8,  2.92) (8,  2.9 ) (8,  2.97) (5,  1.87)
 (7,  2.59) (7,  2.74) (8,  3.01) (5,  1.75) (8,  2.9 ) (7,  2.69)
 (7,  2.75) (5,  1.99) (7,  2.6 ) (6,  2.2 ) (8,  3.  ) (7,  2.7 )
 (7,  2.74) (9,  3.22) (6,  2.28) (7,  2.47) (7,  2.46) (7,  2.44)
 (7,  2.57) (7,  2.76) (5,  1.86) (5,  1.77) (9,  3.47) (5,  1.81)
 (8,  2.9 ) (6,  2.28) (8,  2.9 ) (4,  1.37) (6,  2.42) (5,  1.92)
 (6,  2.24) (6,  2.24) (9,  3.21) (6,  2.11) (6,  2.37) (8,  3.14)
 (9,  3.45) (7,  2.68) (5,  1.86) (7,  2.69) (9,  3.3 ) (9,  3.47)
 (6,  2.15) (5,  1.96) (7,  2.69) (8,  2.9 ) (6,  2.32) (6,  2.32)
 (8,  2.83) (9,  3.39) (7,  2.61) (5,  1.94) (6,  2.29) (4,  1.4 )
 (8,  2.82) (8,  3.  ) (9,  3.3 ) (8,  2.9 ) (8,  2.78) (5,  1.99)
 (5,  1.62) (9,  3.4 ) (8,  3.16) (8,  2.97) (7,  2.64) (6,  2.11)
 (7,  2.73) (5,  1.56) (8,  2.81) (7,  2.6 ) (6,  2.21) (5,  1.67)
 (7,  2.47) (5,  1.93) (5,  1.91) (8,  3.1 ) (6,  2.31) (5,  1.77)
 (6,  2.26) (8,  3.11) (8,  2.97) (7,  2.55) (7,  2.55) (6,  2.35)
 (5,  1.95) (6,  2.09) (7,  2.44) (6,  2.41) (8,  2.89) (6,  2.18)
 (7,  2.76) (6,  2.29) (6,  2.31) (6,  2.19) (6,  2.31) (6,  2.13)
 (6,  2.35) (7,  2.53) (8,  3.05) (6,  2.17) (6,  2.2 ) (7,  2.59)
 (7,  2.67) (7,  2.64) (9,  3.28) (6,  2.15) (6,  2.29) (8,  2.88)
 (7,  2.66) (6,  2.13) (8,  2.9 ) (7,  2.61) (9,  3.47) (7,  2.57)
 (6,  2.27) (5,  2.02) (9,  3.37) (6,  2.35) (6,  2.41) (5,  2.02)
 (7,  2.48) (6,  2.36) (8,  2.95) (5,  1.94) (7,  2.72) (6,  2.11)
 (7,  2.52) (7,  2.67) (6,  2.37) (6,  2.27) (7,  2.44) (7,  2.57)
 (7,  2.53) (6,  2.25) (6,  2.4 ) (8,  2.79) (5,  1.7 ) (5,  1.82)
 (9,  3.72) (7,  2.66) (6,  2.35) (8,  2.95) (7,  2.49) (8,  3.11)
 (8,  3.11) (6,  2.24) (9,  3.5 ) (8,  3.  ) (5,  2.04) (6,  2.24)
 (6,  2.32) (8,  3.01) (9,  3.52) (6,  2.27) (9,  3.85) (6,  2.25)
 (6,  2.32) (7,  2.44) (4,  1.51) (5,  2.03) (7,  2.76) (8,  2.81)
 (6,  2.39) (4,  0.62) (9,  3.72) (5,  1.98) (5,  1.62) (8,  2.91)
 (8,  2.83) (9,  3.32) (7,  2.58) (8,  3.  ) (8,  3.11) (8,  3.18)
 (5,  1.87) (6,  2.39) (6,  2.38) (5,  2.05) (9,  3.39) (6,  2.37)
 (6,  2.17) (6,  2.37) (6,  2.25) (5,  1.77) (8,  2.93) (8,  2.81)
 (8,  2.93) (5,  2.04) (7,  2.45) (6,  2.4 ) (8,  3.15) (9,  3.48)
 (6,  2.39) (7,  2.46) (6,  2.33) (4,  1.26) (7,  2.68) (6,  2.29)
 (5,  1.94) (7,  2.53) (8,  2.9 ) (7,  2.45) (5,  1.92) (7,  2.5 )
 (6,  2.29) (4,  1.18) (7,  2.45) (6,  2.33) (5,  2.02) (6,  2.37)
 (7,  2.56) (8,  2.85) (9,  3.37) (8,  3.16) (8,  3.  ) (6,  2.27)
 (8,  2.91) (5,  1.78) (5,  1.97) (6,  2.32) (6,  2.42) (5,  1.94)
 (6,  2.23) (5,  1.91) (6,  2.21) (6,  2.42) (6,  2.41) (6,  2.13)
 (6,  2.31) (6,  2.12) (7,  2.72) (7,  2.59) (7,  2.46) (7,  2.53)
 (7,  2.76) (6,  2.26) (7,  2.75) (5,  1.87) (6,  2.22) (6,  2.13)
 (9,  3.59) (6,  2.35) (7,  2.73) (4,  1.37) (9,  3.34) (9,  3.51)
 (9,  3.3 ) (5,  1.76) (8,  3.01) (8,  3.14) (9,  3.33) (6,  2.18)
 (7,  2.67) (7,  2.69) (7,  2.53) (8,  2.81)]


analyzing the results:
number of max cluster size: 10
number of actually used clusters: 10
min value of all elements: -3.58
max value of all elements: 3.85
mean of all elements: 1.01941
median of all elements: 2.24
standard deviation of all elements: 2.3237137413846827
variance of all elements: 5.399645551899999
distribution of all clusters: [0 0 0 0 0 0 0 0 0 0 0 0 0 0 0 0 0 0 0 0 0 0 0 0 0 0 0 0 0 0 0 0 0 0 0 0 0
 0 0 0 0 0 0 0 0 0 0 0 0 0 0 0 0 0 0 0 0 0 0 0 0 0 0 0 0 0 1 1 1 1 1 1 1 1
 1 1 1 1 1 1 1 1 1 1 1 1 1 1 1 1 1 1 1 1 1 1 1 1 1 1 1 1 1 1 1 1 1 1 1 1 1
 1 1 1 1 1 1 1 1 1 1 1 1 1 1 1 1 1 1 1 1 1 1 1 1 1 1 1 1 1 1 1 1 1 1 1 1 1
 1 1 1 1 1 1 1 1 1 1 1 1 2 2 2 2 2 2 2 2 2 2 2 2 2 2 2 2 2 2 2 2 2 2 2 2 2
 2 2 2 2 2 2 2 2 2 2 2 2 2 2 2 2 2 2 2 2 2 2 2 2 2 2 2 2 2 2 2 2 2 2 2 2 2
 2 2 2 2 2 2 2 2 2 2 2 2 2 2 2 2 2 2 2 2 2 2 2 2 2 2 2 2 2 2 2 2 2 2 2 2 2
 2 3 3 3 3 3 3 3 3 3 3 3 3 3 3 3 3 3 3 3 3 3 3 3 3 3 3 3 3 3 3 3 3 3 3 3 3
 3 3 3 3 4 4 4 4 4 4 4 4 4 4 4 4 4 4 4 4 4 4 4 4 5 5 5 5 5 5 5 5 5 5 5 5 5
 5 5 5 5 5 5 5 5 5 5 5 5 5 5 5 5 5 5 5 5 5 5 5 5 5 5 5 5 5 5 5 5 5 5 5 5 5
 5 5 5 5 5 5 5 5 5 5 5 5 5 5 5 5 5 5 5 5 5 5 5 5 5 5 5 5 5 5 5 5 5 5 5 5 5
 5 5 5 5 5 5 5 5 5 5 5 5 5 5 5 5 5 5 5 5 5 5 5 5 5 5 5 5 5 6 6 6 6 6 6 6 6
 6 6 6 6 6 6 6 6 6 6 6 6 6 6 6 6 6 6 6 6 6 6 6 6 6 6 6 6 6 6 6 6 6 6 6 6 6
 6 6 6 6 6 6 6 6 6 6 6 6 6 6 6 6 6 6 6 6 6 6 6 6 6 6 6 6 6 6 6 6 6 6 6 6 6
 6 6 6 6 6 6 6 6 6 6 6 6 6 6 6 6 6 6 6 6 6 6 6 6 6 6 6 6 6 6 6 6 6 6 6 6 6
 6 6 6 6 6 6 6 6 6 6 6 6 6 6 6 6 6 6 6 6 6 6 6 6 6 6 6 6 6 6 6 6 6 6 6 6 6
 6 6 6 6 6 6 6 6 6 6 7 7 7 7 7 7 7 7 7 7 7 7 7 7 7 7 7 7 7 7 7 7 7 7 7 7 7
 7 7 7 7 7 7 7 7 7 7 7 7 7 7 7 7 7 7 7 7 7 7 7 7 7 7 7 7 7 7 7 7 7 7 7 7 7
 7 7 7 7 7 7 7 7 7 7 7 7 7 7 7 7 7 7 7 7 7 7 7 7 7 7 7 7 7 7 7 7 7 7 7 7 7
 7 7 7 7 7 7 7 7 7 7 7 7 7 7 7 7 7 7 7 7 7 7 7 7 7 7 7 7 7 7 7 7 7 7 7 7 7
 7 7 7 7 7 7 7 7 7 7 7 7 7 7 7 7 7 7 7 7 7 7 7 7 7 7 7 7 7 7 7 7 7 7 7 7 7
 7 7 7 7 7 7 7 7 7 7 7 7 7 7 7 8 8 8 8 8 8 8 8 8 8 8 8 8 8 8 8 8 8 8 8 8 8
 8 8 8 8 8 8 8 8 8 8 8 8 8 8 8 8 8 8 8 8 8 8 8 8 8 8 8 8 8 8 8 8 8 8 8 8 8
 8 8 8 8 8 8 8 8 8 8 8 8 8 8 8 8 8 8 8 8 8 8 8 8 8 8 8 8 8 8 8 8 8 8 8 8 8
 8 8 8 8 8 8 8 8 8 8 8 8 8 8 8 8 8 8 8 8 8 8 8 8 8 8 8 8 8 8 8 8 8 8 8 8 8
 8 8 8 8 8 8 8 8 8 8 8 8 8 8 8 9 9 9 9 9 9 9 9 9 9 9 9 9 9 9 9 9 9 9 9 9 9
 9 9 9 9 9 9 9 9 9 9 9 9 9 9 9 9 9 9 9 9 9 9 9 9 9 9 9 9 9 9 9 9 9 9 9 9 9
 9]

cluster #0: 	sum elements:66  	min value: -3.58 	max value: -2.88 	mean: -3.1 	std deviation: 0.183 	median: -3.08
cluster #0 homoscedasticity NOT given with ratio = 4.760330578512388
cluster #1: 	sum elements:94  	min value: -2.87 	max value: -2.4 	mean: -2.6 	std deviation: 0.127 	median: -2.65
cluster #1 homoscedasticity NOT given with ratio = 1.822499999999997
cluster #2: 	sum elements:100  	min value: -2.38 	max value: -1.87 	mean: -2.2 	std deviation: 0.143 	median: -2.19
cluster #2 homoscedasticity NOT given with ratio = 3.361111111111123
cluster #3: 	sum elements:40  	min value: -1.85 	max value: -1.04 	mean: -1.6 	std deviation: 0.212 	median: -1.59
cluster #3 homoscedasticity NOT given with ratio = 5.017600000000001
cluster #4: 	sum elements:20  	min value: 0.62 	max value: 1.53 	mean: 1.2 	std deviation: 0.244 	median: 1.3050000000000002
cluster #4 homoscedasticity NOT given with ratio = 3.0890725436179967
cluster #5: 	sum elements:116  	min value: 1.55 	max value: 2.06 	mean: 1.9 	std deviation: 0.139 	median: 1.91
cluster #5 homoscedasticity NOT given with ratio = 4.785156249999988
cluster #6: 	sum elements:166  	min value: 2.07 	max value: 2.43 	mean: 2.3 	std deviation: 0.097 	median: 2.275
cluster #6 homoscedasticity NOT given with ratio = 3.1301775147928823
cluster #7: 	sum elements:190  	min value: 2.44 	max value: 2.77 	mean: 2.6 	std deviation: 0.098 	median: 2.59
cluster #7 homoscedasticity given with ratio = 1.128906249999997
cluster #8: 	sum elements:148  	min value: 2.78 	max value: 3.18 	mean: 3.0 	std deviation: 0.11 	median: 2.96
cluster #8 homoscedasticity given with ratio = 1.4938271604938271
cluster #9: 	sum elements:60  	min value: 3.19 	max value: 3.85 	mean: 3.4 	std deviation: 0.154 	median: 3.38
cluster #9 homoscedasticity NOT given with ratio = 4.591836734693882
homoscedasticity given for 2 of 10 used clusters

number of elements: 1000

score even distribution (SED) MAX: 1.61e+19
score even distribution (SED) MAX: 1.6124803098624e+19
SED number of digits: 20

number of used clusters (NUC) MAX: 1.0

sum cluster standard deviation (SCSD) MIN: 0.24870209609286892
sum cluster standard deviation (SCSD) MIN: 2.49e-01

ratio between SED and SCSD MAX: 6.48e+19
ratio between SED and SCSD MAX: 6.483581502506825e+19
ratio between SED and SCSD digits MAX: 20
SUM: NUC(MAX): 1.0	 SED(MAX): 1.61e+19	 SCSD(MIN): 2.49e-01	 SED_SCSD(MAX): 6.48e+19

Mean Silhouette Coefficient of all clusters (MAX): 0.55
(best value is 1 and the worst value is -1. Values near 0 indicate overlapping clusters)

Davies-Bouldin score (MIN): 0.5
(The minimum score is zero, with lower values indicating better clustering.)
