starting algorithm at: 15:48:35.144530

finishing algorithm at: 15:48:35.231556

running time of algorithm: 0:00:00.087026

clusters with resulting frequencies:
[(5,  1.62) (1, -0.24) (5,  1.26) (8,  3.32) (2,  0.24) (7,  2.84)
 (6,  1.89) (6,  1.76) (1, -0.21) (1, -0.18) (5,  1.51) (6,  1.84)
 (6,  2.08) (1, -0.49) (6,  2.16) (2,  0.37) (4,  1.06) (2,  0.36)
 (6,  2.17) (3,  0.81) (4,  1.2 ) (1, -0.18) (2,  0.33) (0, -0.88)
 (6,  2.21) (2,  0.39) (5,  1.27) (2,  0.31) (6,  1.84) (1, -0.16)
 (8,  3.26) (2,  0.24) (2,  0.33) (3,  0.64) (3,  0.68) (3,  0.73)
 (9,  4.88) (1, -0.45) (3,  0.72) (1, -0.36) (2,  0.15) (0, -0.6 )
 (6,  1.94) (0, -1.15) (1, -0.12) (1, -0.07) (1, -0.08) (8,  3.4 )
 (8,  3.94) (0, -0.67) (4,  1.17) (6,  1.77) (4,  1.14) (6,  2.19)
 (3,  0.73) (1, -0.25) (6,  2.02) (4,  1.07) (5,  1.67) (1, -0.36)
 (8,  3.24) (7,  3.02) (0, -1.48) (8,  4.13) (6,  2.33) (4,  1.17)
 (3,  0.6 ) (5,  1.54) (5,  1.52) (6,  1.81) (7,  2.72) (2,  0.31)
 (9,  4.58) (2,  0.35) (2,  0.17) (3,  0.54) (8,  4.02) (5,  1.26)
 (7,  2.85) (3,  0.59) (1, -0.26) (2,  0.2 ) (3,  0.65) (1, -0.23)
 (2,  0.05) (4,  1.12) (2,  0.11) (0, -0.96) (3,  0.8 ) (3,  0.61)
 (1, -0.31) (1, -0.2 ) (3,  0.47) (1, -0.28) (5,  1.35) (2,  0.22)
 (5,  1.63) (4,  1.08) (5,  1.71) (6,  2.11) (5,  1.42) (3,  0.79)
 (7,  2.49) (4,  0.94) (1, -0.51) (6,  2.33) (1, -0.37) (1, -0.3 )
 (2,  0.34) (1, -0.07) (6,  2.1 ) (4,  0.85) (0, -0.64) (0, -1.02)
 (4,  1.03) (4,  1.14) (2,  0.26) (6,  1.76) (1, -0.41) (6,  1.88)
 (7,  2.9 ) (2,  0.29) (3,  0.62) (5,  1.46) (2,  0.39) (3,  0.45)
 (1, -0.49) (1, -0.23) (7,  2.52) (4,  0.88) (5,  1.36) (3,  0.68)
 (7,  2.69) (0, -1.28) (3,  0.78) (7,  2.67) (3,  0.54) (3,  0.58)
 (5,  1.32) (7,  2.5 ) (4,  1.02) (2,  0.36) (7,  2.63) (3,  0.73)
 (3,  0.44) (3,  0.59) (2,  0.1 ) (0, -0.67) (1, -0.37) (6,  2.21)
 (1, -0.46) (6,  2.22) (3,  0.72) (2,  0.01) (3,  0.67) (3,  0.44)
 (5,  1.44) (5,  1.32) (3,  0.43) (1, -0.31) (6,  2.16) (7,  2.51)
 (3,  0.83) (3,  0.62) (4,  1.17) (3,  0.42) (3,  0.59) (7,  2.45)
 (4,  1.22) (8,  3.39) (1, -0.21) (1, -0.26) (6,  2.04) (3,  0.43)
 (4,  0.93) (6,  2.17) (3,  0.56) (3,  0.52) (3,  0.67) (5,  1.42)
 (6,  1.8 ) (1, -0.15) (2,  0.13) (2,  0.28) (5,  1.55) (6,  2.06)
 (2,  0.28) (4,  1.01) (1, -0.24) (3,  0.63) (6,  2.13) (5,  1.57)
 (4,  0.88) (4,  0.98) (5,  1.31) (2,  0.02) (2,  0.02) (3,  0.56)
 (2,  0.04) (0, -0.77) (7,  2.74) (0, -0.75) (5,  1.48) (5,  1.26)
 (6,  1.94) (4,  0.96) (3,  0.67) (8,  3.23) (5,  1.73) (7,  2.41)
 (5,  1.41) (1, -0.33) (4,  1.13) (4,  1.12) (6,  2.08) (2,  0.21)
 (7,  2.8 ) (0, -0.79) (1, -0.34) (2,  0.04) (3,  0.56) (1, -0.49)
 (4,  1.03) (7,  2.66) (3,  0.7 ) (2,  0.39) (2,  0.12) (6,  1.87)
 (3,  0.48) (7,  2.91) (3,  0.82) (4,  1.04) (5,  1.58) (2,  0.14)
 (4,  1.05) (8,  3.47) (4,  1.21) (8,  3.38) (3,  0.82) (1, -0.36)
 (5,  1.63) (6,  1.86) (1, -0.35) (4,  1.13) (7,  2.59) (8,  3.89)
 (7,  2.44) (2,  0.1 ) (3,  0.46) (2,  0.08) (8,  3.6 ) (5,  1.55)
 (5,  1.48) (3,  0.44) (4,  0.85) (1, -0.17) (9,  5.16) (1, -0.33)
 (2,  0.24) (4,  0.91) (4,  0.93) (1, -0.51) (6,  2.06) (3,  0.64)
 (2, -0.03) (3,  0.71) (5,  1.59) (7,  2.68) (6,  2.26) (2,  0.1 )
 (4,  1.24) (6,  2.3 ) (4,  1.08) (2,  0.23) (2, -0.01) (1, -0.19)
 (6,  2.21) (6,  2.12) (3,  0.46) (3,  0.46) (7,  2.68) (2,  0.33)
 (4,  1.02) (4,  0.92) (6,  2.03) (1, -0.18) (7,  3.1 ) (5,  1.39)
 (4,  1.17) (8,  3.21) (2,  0.37) (3,  0.81) (3,  0.83) (4,  1.23)
 (3,  0.58) (3,  0.46) (1, -0.35) (4,  1.06) (7,  3.01) (4,  0.91)
 (3,  0.48) (3,  0.66) (8,  3.83) (6,  2.08) (9,  4.59) (7,  2.66)
 (1, -0.38) (9,  5.54) (0, -1.03) (4,  1.02) (1, -0.48) (6,  2.04)
 (4,  1.01) (2,  0.21) (2,  0.39) (4,  1.14) (4,  0.92) (6,  1.96)
 (4,  0.95) (2,  0.21) (7,  2.54) (3,  0.81) (1, -0.2 ) (3,  0.48)
 (0, -0.56) (2,  0.34) (2,  0.27) (1, -0.53) (3,  0.51) (4,  1.12)
 (2,  0.02) (4,  1.09) (4,  1.13) (5,  1.34) (3,  0.68) (6,  2.12)
 (2,  0.28) (4,  0.98) (7,  2.49) (3,  0.56) (2,  0.25) (6,  1.77)
 (3,  0.61) (4,  1.01) (6,  2.3 ) (4,  1.21) (1, -0.24) (3,  0.64)
 (3,  0.8 ) (1, -0.45) (2, -0.02) (5,  1.36) (2,  0.08) (4,  1.01)
 (0, -0.81) (1, -0.2 ) (2,  0.02) (6,  1.86) (7,  2.49) (5,  1.41)
 (5,  1.33) (2,  0.09) (6,  1.97) (2,  0.07) (3,  0.73) (2,  0.26)
 (6,  2.26) (3,  0.7 ) (4,  1.05) (8,  3.11) (1, -0.2 ) (3,  0.41)
 (2,  0.01) (2, -0.02) (1, -0.1 ) (2,  0.34) (1, -0.35) (4,  0.96)
 (6,  2.  ) (5,  1.4 ) (0, -0.71) (6,  1.79) (3,  0.83) (1, -0.05)
 (2,  0.39) (3,  0.71) (4,  1.05) (3,  0.71) (5,  1.37) (3,  0.45)
 (3,  0.43) (6,  1.88) (2,  0.02) (0, -1.16) (5,  1.3 ) (0, -1.09)
 (3,  0.47) (3,  0.51) (4,  1.12) (4,  1.18) (0, -0.59) (5,  1.32)
 (6,  2.08) (7,  2.67) (5,  1.37) (5,  1.64) (5,  1.39) (6,  2.15)
 (8,  3.66) (8,  3.75) (3,  0.46) (5,  1.63) (0, -0.61) (5,  1.72)
 (2,  0.11) (6,  2.23) (1, -0.45) (0, -0.9 ) (1, -0.13) (4,  1.02)
 (3,  0.71) (3,  0.81) (2,  0.25) (6,  1.87) (4,  1.15) (2,  0.06)
 (2,  0.34) (4,  1.03) (8,  3.23) (5,  1.46) (7,  2.68) (6,  1.77)
 (7,  2.79) (3,  0.75) (8,  4.15) (5,  1.48) (6,  2.05) (6,  2.3 )
 (3,  0.51) (4,  0.91) (3,  0.81) (0, -0.91) (4,  1.17) (1, -0.22)
 (2,  0.04) (2,  0.28) (3,  0.44) (2,  0.32) (0, -0.59) (4,  1.16)
 (3,  0.78) (4,  1.04) (1, -0.44) (3,  0.6 ) (5,  1.27) (1, -0.19)
 (7,  2.68) (7,  2.51) (7,  2.66) (4,  1.05) (6,  1.94) (4,  1.01)
 (4,  1.14) (3,  0.42) (1, -0.52) (3,  0.77) (2,  0.33) (6,  1.78)
 (3,  0.44) (8,  3.99) (4,  1.24) (5,  1.75) (2, -0.02) (2,  0.27)
 (0, -1.35) (7,  3.06) (4,  0.98) (6,  1.79) (2,  0.09) (3,  0.47)
 (1, -0.1 ) (4,  0.91) (4,  1.05) (6,  2.23) (6,  2.26) (1, -0.45)
 (1, -0.43) (1, -0.21) (2, -0.02) (1, -0.3 ) (3,  0.68) (2,  0.31)
 (7,  2.93) (0, -0.6 ) (1, -0.36) (0, -0.62) (3,  0.69) (8,  4.18)
 (7,  2.41) (3,  0.69) (4,  1.24) (3,  0.8 ) (4,  0.96) (6,  2.08)
 (2,  0.37) (3,  0.68) (5,  1.37) (5,  1.55) (2,  0.08) (0, -0.72)
 (5,  1.5 ) (5,  1.34) (4,  0.92) (7,  2.53) (8,  3.24) (6,  2.15)
 (3,  0.64) (6,  2.12) (5,  1.32) (2,  0.1 ) (1, -0.37) (5,  1.59)
 (4,  0.86) (4,  1.1 ) (1, -0.45) (1, -0.09) (2,  0.05) (3,  0.71)
 (2,  0.24) (8,  3.84) (5,  1.6 ) (3,  0.69) (8,  3.69) (1, -0.33)
 (5,  1.55) (2,  0.22) (0, -0.55) (2,  0.08) (2, -0.04) (8,  3.24)
 (7,  2.98) (4,  1.14) (3,  0.72) (4,  1.07) (5,  1.62) (6,  1.82)
 (1, -0.26) (2,  0.24) (3,  0.45) (4,  0.89) (7,  2.37) (2,  0.16)
 (6,  1.77) (4,  1.14) (0, -0.94) (7,  2.68) (6,  1.92) (0, -0.77)
 (5,  1.58) (1, -0.17) (5,  1.28) (5,  1.42) (7,  2.48) (6,  1.94)
 (5,  1.34) (5,  1.58) (2,  0.07) (1, -0.08) (0, -1.09) (3,  0.76)
 (4,  1.09) (0, -0.71) (8,  3.58) (5,  1.65) (8,  3.4 ) (6,  2.  )
 (1, -0.48) (2,  0.17) (2,  0.22) (3,  0.48) (4,  0.91) (5,  1.72)
 (1, -0.29) (5,  1.59) (5,  1.7 ) (4,  0.94) (0, -0.65) (4,  0.92)
 (4,  1.2 ) (8,  3.33) (6,  2.25) (2,  0.23) (7,  2.5 ) (8,  3.64)
 (2,  0.06) (3,  0.83) (3,  0.68) (3,  0.63) (3,  0.58) (3,  0.81)
 (3,  0.72) (3,  0.8 ) (4,  1.15) (2,  0.33) (3,  0.75) (2,  0.26)
 (3,  0.72) (2,  0.28) (5,  1.71) (6,  2.23) (3,  0.55) (3,  0.67)
 (3,  0.42) (3,  0.77) (3,  0.62) (0, -0.56) (4,  1.25) (3,  0.71)
 (4,  1.08) (8,  3.93) (6,  1.81) (3,  0.75) (6,  1.79) (3,  0.49)
 (8,  3.62) (4,  0.92) (0, -0.65) (2,  0.37) (5,  1.41) (3,  0.75)
 (3,  0.62) (6,  2.28) (1, -0.18) (3,  0.53) (8,  3.58) (6,  2.13)
 (4,  0.92) (3,  0.55) (3,  0.65) (4,  0.93) (6,  1.87) (2,  0.16)
 (1, -0.52) (5,  1.7 ) (5,  1.43) (5,  1.34) (8,  3.44) (2,  0.36)
 (6,  1.82) (5,  1.36) (5,  1.35) (2,  0.16) (3,  0.77) (5,  1.35)
 (6,  2.27) (8,  4.29) (8,  3.93) (1, -0.25) (9,  5.61) (1, -0.18)
 (7,  2.96) (8,  3.25) (0, -1.01) (5,  1.73) (4,  1.13) (1, -0.46)
 (7,  2.49) (4,  1.1 ) (5,  1.68) (5,  1.33) (3,  0.8 ) (7,  2.48)
 (1, -0.12) (2,  0.16) (2,  0.25) (5,  1.36) (2,  0.34) (0, -1.05)
 (6,  1.96) (2,  0.29) (5,  1.64) (5,  1.28) (2,  0.33) (3,  0.66)
 (2,  0.09) (1, -0.54) (4,  1.06) (1, -0.18) (4,  1.06) (4,  1.15)
 (4,  1.21) (2,  0.15) (5,  1.34) (4,  1.23) (3,  0.59) (6,  1.9 )
 (2,  0.29) (3,  0.6 ) (5,  1.59) (7,  2.81) (2,  0.35) (1, -0.38)
 (5,  1.6 ) (5,  1.4 ) (0, -0.55) (4,  1.03) (2,  0.03) (3,  0.66)
 (6,  1.97) (7,  3.03) (9,  5.95) (0, -0.88) (5,  1.52) (3,  0.44)
 (5,  1.36) (7,  2.59) (2,  0.29) (5,  1.69) (1, -0.33) (2, -0.02)
 (5,  1.41) (6,  1.82) (4,  0.94) (2,  0.18) (8,  3.31) (7,  2.6 )
 (1, -0.07) (0, -0.79) (7,  3.09) (3,  0.8 ) (0, -0.73) (4,  1.17)
 (1, -0.33) (3,  0.55) (7,  2.55) (4,  0.91) (2,  0.28) (9,  4.81)
 (5,  1.34) (3,  0.44) (4,  0.96) (2,  0.39) (3,  0.64) (6,  1.94)
 (4,  1.16) (3,  0.75) (2,  0.17) (6,  2.01) (1, -0.44) (7,  2.95)
 (2,  0.3 ) (3,  0.6 ) (4,  0.88) (5,  1.37) (0, -0.71) (5,  1.38)
 (4,  1.02) (3,  0.65) (2,  0.1 ) (4,  0.87) (2,  0.2 ) (3,  0.56)
 (4,  1.03) (2,  0.2 ) (0, -0.85) (2,  0.09) (4,  1.23) (3,  0.79)
 (2,  0.06) (3,  0.81) (2,  0.24) (1, -0.14) (1, -0.14) (5,  1.37)
 (5,  1.33) (7,  2.58) (4,  1.04) (4,  1.01) (7,  2.43) (2,  0.02)
 (5,  1.72) (5,  1.58) (1, -0.48) (3,  0.6 ) (3,  0.52) (6,  2.01)
 (4,  1.18) (4,  1.12) (8,  3.17) (2,  0.31) (9,  4.43) (2,  0.32)
 (4,  1.16) (5,  1.42) (1, -0.28) (4,  0.9 ) (2, -0.03) (6,  1.78)
 (6,  1.92) (2,  0.38) (5,  1.26) (1, -0.25) (6,  1.92) (4,  1.12)
 (7,  2.48) (2,  0.29) (3,  0.81) (2,  0.11) (4,  1.08) (6,  2.32)
 (5,  1.38) (4,  1.07) (2,  0.09) (6,  1.76) (3,  0.44) (2,  0.3 )
 (2,  0.12) (7,  2.77) (6,  1.94) (3,  0.78) (2,  0.09) (2,  0.29)
 (7,  2.53) (6,  2.31) (2, -0.03) (4,  1.04) (1, -0.09) (0, -0.93)
 (5,  1.27) (7,  2.45) (4,  0.89) (3,  0.78) (6,  2.23) (0, -0.71)
 (3,  0.53) (6,  2.27) (3,  0.65) (7,  2.76) (9,  6.96) (6,  2.27)
 (5,  1.27) (6,  2.22) (3,  0.47) (4,  1.09) (2,  0.4 ) (2,  0.01)
 (3,  0.62) (3,  0.62) (5,  1.3 ) (5,  1.31) (0, -0.98) (2,  0.12)
 (6,  2.14) (5,  1.65) (4,  1.  ) (8,  3.31) (2,  0.11) (3,  0.8 )
 (1, -0.12) (4,  1.15) (6,  2.05) (4,  1.14) (1, -0.08) (3,  0.63)
 (5,  1.52) (3,  0.44) (0, -0.81) (4,  1.12) (5,  1.73) (0, -0.69)
 (5,  1.34) (1, -0.25) (0, -0.64) (7,  2.78) (3,  0.5 ) (3,  0.77)
 (4,  0.94) (3,  0.49) (7,  2.87) (6,  1.86) (3,  0.45) (1, -0.08)
 (2,  0.17) (2, -0.  ) (1, -0.14) (4,  0.84) (5,  1.55) (5,  1.62)
 (5,  1.29) (3,  0.76) (8,  3.65) (4,  1.2 ) (2,  0.12) (4,  0.96)
 (2,  0.3 ) (9,  4.86) (1, -0.36) (2,  0.3 ) (1, -0.11) (8,  3.63)
 (2,  0.07) (4,  0.98) (5,  1.41) (2,  0.01) (2,  0.05) (5,  1.53)
 (7,  2.64) (6,  2.27) (0, -0.55) (3,  0.7 ) (3,  0.81) (5,  1.36)
 (1, -0.15) (3,  0.5 ) (5,  1.49) (8,  3.29) (8,  3.3 ) (2, -0.  )
 (5,  1.34) (5,  1.28) (3,  0.43) (3,  0.51) (3,  0.61) (3,  0.7 )
 (3,  0.76) (4,  1.23) (8,  3.43) (3,  0.43) (6,  1.86) (5,  1.49)
 (4,  1.07) (4,  0.89) (4,  0.93) (3,  0.69) (2,  0.26) (2,  0.17)
 (2, -0.03) (5,  1.5 ) (1, -0.07) (2,  0.21) (0, -0.68) (4,  0.96)
 (3,  0.6 ) (7,  2.48) (3,  0.56) (4,  1.11) (2,  0.37) (2,  0.26)
 (4,  1.15) (4,  1.07) (3,  0.56) (7,  2.67) (7,  2.38) (1, -0.26)
 (6,  1.97) (8,  3.46) (1, -0.07) (2,  0.26) (4,  0.89) (2, -0.01)
 (2,  0.25) (1, -0.34) (5,  1.67) (1, -0.15) (5,  1.49) (4,  1.12)
 (2,  0.18) (2,  0.14) (0, -1.07) (2,  0.4 ) (5,  1.74) (2,  0.4 )
 (3,  0.61) (5,  1.5 ) (3,  0.65) (4,  1.23) (3,  0.7 ) (1, -0.06)
 (7,  2.47) (8,  3.37) (4,  1.  ) (8,  3.2 ) (2, -0.04) (2,  0.17)
 (8,  3.29) (5,  1.63) (6,  2.25) (0, -0.62) (5,  1.37) (7,  2.8 )
 (6,  2.11) (4,  0.86) (6,  2.21) (3,  0.59) (2,  0.34) (7,  2.48)
 (2, -0.01) (4,  1.  ) (7,  2.51) (7,  2.96)]


analyzing the results:
number of max cluster size: 10
number of actually used clusters: 10
min value of all elements: -1.48
max value of all elements: 6.96
mean of all elements: 1.03117
median of all elements: 0.85
standard deviation of all elements: 1.168495926864959
variance of all elements: 1.3653827311
distribution of all clusters: [0 0 0 0 0 0 0 0 0 0 0 0 0 0 0 0 0 0 0 0 0 0 0 0 0 0 0 0 0 0 0 0 0 0 0 0 0
 0 0 0 0 0 0 0 0 0 0 0 0 0 0 0 0 0 1 1 1 1 1 1 1 1 1 1 1 1 1 1 1 1 1 1 1 1
 1 1 1 1 1 1 1 1 1 1 1 1 1 1 1 1 1 1 1 1 1 1 1 1 1 1 1 1 1 1 1 1 1 1 1 1 1
 1 1 1 1 1 1 1 1 1 1 1 1 1 1 1 1 1 1 1 1 1 1 1 1 1 1 1 1 1 1 1 1 1 1 1 1 1
 1 1 1 1 1 1 1 1 1 1 1 1 1 1 2 2 2 2 2 2 2 2 2 2 2 2 2 2 2 2 2 2 2 2 2 2 2
 2 2 2 2 2 2 2 2 2 2 2 2 2 2 2 2 2 2 2 2 2 2 2 2 2 2 2 2 2 2 2 2 2 2 2 2 2
 2 2 2 2 2 2 2 2 2 2 2 2 2 2 2 2 2 2 2 2 2 2 2 2 2 2 2 2 2 2 2 2 2 2 2 2 2
 2 2 2 2 2 2 2 2 2 2 2 2 2 2 2 2 2 2 2 2 2 2 2 2 2 2 2 2 2 2 2 2 2 2 2 2 2
 2 2 2 2 2 2 2 2 2 2 2 2 2 2 2 2 2 2 2 2 2 2 2 2 2 2 2 2 2 3 3 3 3 3 3 3 3
 3 3 3 3 3 3 3 3 3 3 3 3 3 3 3 3 3 3 3 3 3 3 3 3 3 3 3 3 3 3 3 3 3 3 3 3 3
 3 3 3 3 3 3 3 3 3 3 3 3 3 3 3 3 3 3 3 3 3 3 3 3 3 3 3 3 3 3 3 3 3 3 3 3 3
 3 3 3 3 3 3 3 3 3 3 3 3 3 3 3 3 3 3 3 3 3 3 3 3 3 3 3 3 3 3 3 3 3 3 3 3 3
 3 3 3 3 3 3 3 3 3 3 3 3 3 3 3 3 3 3 3 3 3 3 3 3 3 3 3 3 3 3 3 3 3 3 3 3 3
 3 3 3 3 3 3 3 3 3 3 3 3 3 3 3 3 3 4 4 4 4 4 4 4 4 4 4 4 4 4 4 4 4 4 4 4 4
 4 4 4 4 4 4 4 4 4 4 4 4 4 4 4 4 4 4 4 4 4 4 4 4 4 4 4 4 4 4 4 4 4 4 4 4 4
 4 4 4 4 4 4 4 4 4 4 4 4 4 4 4 4 4 4 4 4 4 4 4 4 4 4 4 4 4 4 4 4 4 4 4 4 4
 4 4 4 4 4 4 4 4 4 4 4 4 4 4 4 4 4 4 4 4 4 4 4 4 4 4 4 4 4 4 4 4 4 4 4 4 4
 4 4 4 4 4 4 4 4 4 4 4 4 5 5 5 5 5 5 5 5 5 5 5 5 5 5 5 5 5 5 5 5 5 5 5 5 5
 5 5 5 5 5 5 5 5 5 5 5 5 5 5 5 5 5 5 5 5 5 5 5 5 5 5 5 5 5 5 5 5 5 5 5 5 5
 5 5 5 5 5 5 5 5 5 5 5 5 5 5 5 5 5 5 5 5 5 5 5 5 5 5 5 5 5 5 5 5 5 5 5 5 5
 5 5 5 5 5 5 5 5 5 5 5 5 5 5 5 5 5 5 5 5 5 5 5 5 6 6 6 6 6 6 6 6 6 6 6 6 6
 6 6 6 6 6 6 6 6 6 6 6 6 6 6 6 6 6 6 6 6 6 6 6 6 6 6 6 6 6 6 6 6 6 6 6 6 6
 6 6 6 6 6 6 6 6 6 6 6 6 6 6 6 6 6 6 6 6 6 6 6 6 6 6 6 6 6 6 6 6 6 6 6 6 6
 6 6 6 6 6 6 6 6 6 6 6 6 6 6 6 6 6 6 7 7 7 7 7 7 7 7 7 7 7 7 7 7 7 7 7 7 7
 7 7 7 7 7 7 7 7 7 7 7 7 7 7 7 7 7 7 7 7 7 7 7 7 7 7 7 7 7 7 7 7 7 7 7 7 7
 7 7 7 7 7 7 7 7 7 7 7 7 7 7 7 8 8 8 8 8 8 8 8 8 8 8 8 8 8 8 8 8 8 8 8 8 8
 8 8 8 8 8 8 8 8 8 8 8 8 8 8 8 8 8 8 8 8 8 8 8 8 8 8 8 9 9 9 9 9 9 9 9 9 9
 9]

cluster #0: 	sum elements:54  	min value: -1.48 	max value: -0.55 	mean: -0.8 	std deviation: 0.219 	median: -0.76
cluster #0 homoscedasticity NOT given with ratio = 7.398399999999999
cluster #1: 	sum elements:108  	min value: -0.54 	max value: -0.05 	mean: -0.3 	std deviation: 0.138 	median: -0.255
cluster #1 homoscedasticity given with ratio = 1.085069444444444
cluster #2: 	sum elements:163  	min value: -0.04 	max value: 0.4 	mean: 0.2 	std deviation: 0.13 	median: 0.2
cluster #2 homoscedasticity given with ratio = 1.44
cluster #3: 	sum elements:173  	min value: 0.41 	max value: 0.83 	mean: 0.6 	std deviation: 0.125 	median: 0.64
cluster #3 homoscedasticity given with ratio = 1.4653739612188363
cluster #4: 	sum elements:143  	min value: 0.84 	max value: 1.25 	mean: 1.1 	std deviation: 0.109 	median: 1.05
cluster #4 homoscedasticity NOT given with ratio = 3.0044444444444505
cluster #5: 	sum elements:123  	min value: 1.26 	max value: 1.75 	mean: 1.5 	std deviation: 0.144 	median: 1.43
cluster #5 homoscedasticity given with ratio = 1.0850694444444444
cluster #6: 	sum elements:105  	min value: 1.76 	max value: 2.33 	mean: 2.0 	std deviation: 0.175 	median: 2.04
cluster #6 homoscedasticity NOT given with ratio = 1.8906250000000009
cluster #7: 	sum elements:71  	min value: 2.37 	max value: 3.1 	mean: 2.7 	std deviation: 0.196 	median: 2.66
cluster #7 homoscedasticity given with ratio = 1.469237832874195
cluster #8: 	sum elements:49  	min value: 3.11 	max value: 4.29 	mean: 3.5 	std deviation: 0.31 	median: 3.44
cluster #8 homoscedasticity NOT given with ratio = 4.103221564760024
cluster #9: 	sum elements:11  	min value: 4.43 	max value: 6.96 	mean: 5.2 	std deviation: 0.717 	median: 4.88
cluster #9 homoscedasticity NOT given with ratio = 5.22448979591836
homoscedasticity given for 5 of 10 used clusters

number of elements: 1000

score even distribution (SED) MAX: 1.16e+19
score even distribution (SED) MAX: 1.1623282270060702e+19
SED number of digits: 20

number of used clusters (NUC) MAX: 1.0

sum cluster standard deviation (SCSD) MIN: 0.8118718225082604
sum cluster standard deviation (SCSD) MIN: 8.12e-01

ratio between SED and SCSD MAX: 1.43e+19
ratio between SED and SCSD MAX: 1.4316646972856902e+19
ratio between SED and SCSD digits MAX: 20
SUM: NUC(MAX): 1.0	 SED(MAX): 1.16e+19	 SCSD(MIN): 8.12e-01	 SED_SCSD(MAX): 1.43e+19

Mean Silhouette Coefficient of all clusters (MAX): 0.53
(best value is 1 and the worst value is -1. Values near 0 indicate overlapping clusters)

Davies-Bouldin score (MIN): 0.52
(The minimum score is zero, with lower values indicating better clustering.)
