starting algorithm at: 12:52:46.777978

Debug: Sorted Gaps = [(0. , -3.99, -3.98, -3.985) (0. , -3.98, -3.97, -3.975)
 (0. , -3.97, -3.96, -3.965) (0. , -3.96, -3.95, -3.955)
 (0. , -3.95, -3.93, -3.94 ) (0. , -3.93, -3.92, -3.925)
 (0. , -3.92, -3.9 , -3.91 ) (0. , -3.9 , -3.89, -3.895)
 (0. , -3.89, -3.88, -3.885) (0. , -3.88, -3.87, -3.875)
 (0. , -3.87, -3.86, -3.865) (0. , -3.86, -3.85, -3.855)
 (0. , -3.85, -3.84, -3.845) (0. , -3.84, -3.83, -3.835)
 (0. , -3.83, -3.82, -3.825) (0. , -3.82, -3.81, -3.815)
 (0. , -3.81, -3.8 , -3.805) (0. , -3.8 , -3.79, -3.795)
 (0. , -3.79, -3.77, -3.78 ) (0. , -3.77, -3.76, -3.765)
 (0. , -3.76, -3.74, -3.75 ) (0. , -3.74, -3.73, -3.735)
 (0. , -3.73, -3.71, -3.72 ) (0. , -3.71, -3.7 , -3.705)
 (0. , -3.7 , -3.69, -3.695) (0. , -3.69, -3.68, -3.685)
 (0. , -3.68, -3.66, -3.67 ) (0. , -3.66, -3.65, -3.655)
 (0. , -3.65, -3.63, -3.64 ) (0. , -3.63, -3.62, -3.625)
 (0. , -3.62, -3.61, -3.615) (0. , -3.61, -3.57, -3.59 )
 (0. , -3.57, -3.55, -3.56 ) (0. , -3.55, -3.54, -3.545)
 (0. , -3.54, -3.53, -3.535) (0. , -3.53, -3.52, -3.525)
 (0. , -3.52, -3.51, -3.515) (0. , -3.51, -3.5 , -3.505)
 (0. , -3.5 , -3.49, -3.495) (0. , -3.49, -3.48, -3.485)
 (0. , -3.48, -3.47, -3.475) (0. , -3.47, -3.44, -3.455)
 (0. , -3.44, -3.43, -3.435) (0. , -3.43, -3.42, -3.425)
 (0. , -3.42, -3.4 , -3.41 ) (0. , -3.4 , -3.39, -3.395)
 (0. , -3.39, -3.38, -3.385) (0. , -3.38, -3.37, -3.375)
 (0. , -3.37, -3.36, -3.365) (0. , -3.36, -3.35, -3.355)
 (0. , -3.35, -3.34, -3.345) (0. , -3.34, -3.33, -3.335)
 (0. , -3.33, -3.31, -3.32 ) (0. , -3.31, -3.3 , -3.305)
 (0. , -3.3 , -3.29, -3.295) (0. , -3.29, -3.28, -3.285)
 (0. , -3.28, -3.26, -3.27 ) (0. , -3.26, -3.24, -3.25 )
 (0. , -3.24, -3.22, -3.23 ) (0. , -3.22, -3.2 , -3.21 )
 (0. , -3.2 , -3.19, -3.195) (0. , -3.19, -3.18, -3.185)
 (0. , -3.18, -3.17, -3.175) (0. , -3.17, -3.16, -3.165)
 (0. , -3.16, -3.15, -3.155) (0. , -3.15, -3.14, -3.145)
 (0. , -3.14, -3.13, -3.135) (0. , -3.13, -3.12, -3.125)
 (0. , -3.12, -3.1 , -3.11 ) (0. , -3.1 , -3.09, -3.095)
 (0. , -3.09, -3.05, -3.07 ) (0. , -3.05, -3.04, -3.045)
 (0. , -3.04, -3.03, -3.035) (0. , -3.03, -3.02, -3.025)
 (0. , -3.02, -3.01, -3.015) (0. , -3.01, -2.99, -3.   )
 (0. , -2.99, -2.98, -2.985) (0. , -2.98, -2.96, -2.97 )
 (0. , -2.96, -2.95, -2.955) (0. , -2.95, -2.94, -2.945)
 (0. , -2.94, -2.93, -2.935) (0. , -2.93, -2.91, -2.92 )
 (0. , -2.91, -2.89, -2.9  ) (0. , -2.89, -2.87, -2.88 )
 (0. , -2.87, -2.86, -2.865) (0. , -2.86, -2.85, -2.855)
 (0. , -2.85, -2.84, -2.845) (0. , -2.84, -2.82, -2.83 )
 (0. , -2.82, -2.81, -2.815) (0. , -2.81, -2.8 , -2.805)
 (0. , -2.8 , -2.77, -2.785) (0. , -2.77, -2.76, -2.765)
 (0. , -2.76, -2.74, -2.75 ) (0. , -2.74, -2.7 , -2.72 )
 (0. , -2.7 , -2.69, -2.695) (0. , -2.69, -2.68, -2.685)
 (0. , -2.68, -2.67, -2.675) (0. , -2.67, -2.65, -2.66 )
 (0. , -2.65, -2.63, -2.64 ) (0. , -2.63, -2.62, -2.625)
 (0. , -2.62, -2.61, -2.615) (0. , -2.61, -2.6 , -2.605)
 (0. , -2.6 , -2.58, -2.59 ) (0. , -2.58, -2.56, -2.57 )
 (0. , -2.56, -2.55, -2.555) (0. , -2.55, -2.54, -2.545)
 (0. , -2.54, -2.53, -2.535) (0. , -2.53, -2.52, -2.525)
 (0. , -2.52, -2.51, -2.515) (0. , -2.51, -2.5 , -2.505)
 (0. , -2.5 , -2.49, -2.495) (0. , -2.49, -2.47, -2.48 )
 (0. , -2.47, -2.45, -2.46 ) (0. , -2.45, -2.44, -2.445)
 (0. , -2.44, -2.42, -2.43 ) (0. , -2.42, -2.39, -2.405)
 (0. , -2.39, -2.38, -2.385) (0. , -2.38, -2.37, -2.375)
 (0. , -2.37, -2.35, -2.36 ) (0. , -2.35, -2.34, -2.345)
 (0. , -2.34, -2.32, -2.33 ) (0. , -2.32, -2.31, -2.315)
 (0. , -2.31, -2.29, -2.3  ) (0. , -2.29, -2.28, -2.285)
 (0. , -2.28, -2.26, -2.27 ) (0. , -2.26, -2.25, -2.255)
 (0. , -2.25, -2.24, -2.245) (0. , -2.19, -2.18, -2.185)
 (0. , -2.18, -2.17, -2.175) (0. , -2.17, -2.16, -2.165)
 (0. , -2.16, -2.15, -2.155) (0. , -2.15, -2.12, -2.135)
 (0. , -2.12, -2.1 , -2.11 ) (0. , -2.1 , -2.09, -2.095)
 (0. , -2.09, -2.08, -2.085) (0. , -2.08, -2.05, -2.065)
 (0. , -2.05, -2.04, -2.045) (0. , -2.04, -2.02, -2.03 )
 (0. , -2.02, -2.  , -2.01 ) (0. , -2.  , -1.99, -1.995)
 (0. , -1.99, -1.97, -1.98 ) (0. , -1.97, -1.95, -1.96 )
 (0. , -1.95, -1.94, -1.945) (0. , -1.94, -1.93, -1.935)
 (0. , -1.93, -1.92, -1.925) (0. , -1.92, -1.91, -1.915)
 (0. , -1.91, -1.9 , -1.905) (0. , -1.9 , -1.85, -1.875)
 (0. , -1.85, -1.84, -1.845) (0. , -1.84, -1.83, -1.835)
 (0. , -1.83, -1.82, -1.825) (0. , -1.82, -1.81, -1.815)
 (0. , -1.81, -1.8 , -1.805) (0. , -1.8 , -1.79, -1.795)
 (0. , -1.79, -1.76, -1.775) (0. , -1.76, -1.74, -1.75 )
 (0. , -1.74, -1.73, -1.735) (0. , -1.73, -1.72, -1.725)
 (0. , -1.72, -1.71, -1.715) (0. , -1.71, -1.7 , -1.705)
 (0. , -1.7 , -1.68, -1.69 ) (0. , -1.68, -1.67, -1.675)
 (0. , -1.67, -1.64, -1.655) (0. , -1.64, -1.63, -1.635)
 (0. , -1.63, -1.61, -1.62 ) (0. , -1.61, -1.6 , -1.605)
 (0. , -1.6 , -1.59, -1.595) (0. , -1.59, -1.57, -1.58 )
 (0. , -1.57, -1.55, -1.56 ) (0. , -1.55, -1.51, -1.53 )
 (0. , -1.51, -1.5 , -1.505) (0. , -1.5 , -1.49, -1.495)
 (0. , -1.49, -1.47, -1.48 ) (0. , -1.47, -1.46, -1.465)
 (0. , -1.46, -1.45, -1.455) (0. , -1.45, -1.44, -1.445)
 (0. , -1.44, -1.43, -1.435) (0. , -1.43, -1.41, -1.42 )
 (0. , -1.41, -1.4 , -1.405) (0. , -1.4 , -1.37, -1.385)
 (0. , -1.37, -1.36, -1.365) (0. , -1.36, -1.35, -1.355)
 (0. , -1.35, -1.33, -1.34 ) (0. , -1.33, -1.31, -1.32 )
 (0. , -1.31, -1.3 , -1.305) (0. , -1.3 , -1.28, -1.29 )
 (0. , -1.28, -1.26, -1.27 ) (0. , -1.26, -1.22, -1.24 )
 (0. , -1.22, -1.21, -1.215) (0. , -1.21, -1.17, -1.19 )
 (0. , -1.17, -1.16, -1.165) (0. , -1.16, -1.13, -1.145)
 (0. , -1.13, -1.12, -1.125) (0. , -1.12, -1.1 , -1.11 )
 (0. , -1.1 , -1.09, -1.095) (0. , -1.09, -1.08, -1.085)
 (0. , -1.08, -1.07, -1.075) (0. , -1.07, -1.06, -1.065)
 (0. , -1.06, -1.05, -1.055) (0. , -1.05, -1.04, -1.045)
 (0. , -1.04, -1.01, -1.025) (0. , -1.01, -1.  , -1.005)
 (0. , -1.  , -0.98, -0.99 ) (0. , -0.98, -0.97, -0.975)
 (0. , -0.97, -0.96, -0.965) (0. , -0.96, -0.94, -0.95 )
 (0. , -0.94, -0.93, -0.935) (0. , -0.93, -0.92, -0.925)
 (0. , -0.92, -0.89, -0.905) (0. , -0.89, -0.88, -0.885)
 (0. , -0.88, -0.85, -0.865) (0. , -0.85, -0.84, -0.845)
 (0. , -0.84, -0.82, -0.83 ) (0. , -0.82, -0.81, -0.815)
 (0. , -0.81, -0.8 , -0.805) (0. , -0.8 , -0.79, -0.795)
 (0. , -0.79, -0.76, -0.775) (0. , -0.76, -0.75, -0.755)
 (0. , -0.75, -0.74, -0.745) (0. , -0.74, -0.73, -0.735)
 (0. , -0.73, -0.71, -0.72 ) (0. , -0.71, -0.7 , -0.705)
 (0. , -0.7 , -0.68, -0.69 ) (0. , -0.68, -0.67, -0.675)
 (0. , -0.67, -0.65, -0.66 ) (0. , -0.65, -0.64, -0.645)
 (0. , -0.64, -0.63, -0.635) (0. , -0.63, -0.6 , -0.615)
 (0. , -0.6 , -0.59, -0.595) (0. , -0.59, -0.58, -0.585)
 (0. , -0.58, -0.57, -0.575) (0. , -0.57, -0.55, -0.56 )
 (0. , -0.55, -0.54, -0.545) (0. , -0.54, -0.53, -0.535)
 (0. , -0.53, -0.52, -0.525) (0. , -0.52, -0.51, -0.515)
 (0. , -0.51, -0.5 , -0.505) (0. , -0.5 , -0.49, -0.495)
 (0. , -0.49, -0.47, -0.48 ) (0. , -0.47, -0.46, -0.465)
 (0. , -0.46, -0.45, -0.455) (0. , -0.45, -0.43, -0.44 )
 (0. , -0.43, -0.42, -0.425) (0. , -0.42, -0.41, -0.415)
 (0. , -0.41, -0.4 , -0.405) (0. , -0.4 , -0.38, -0.39 )
 (0. , -0.38, -0.37, -0.375) (0. , -0.37, -0.34, -0.355)
 (0. , -0.34, -0.33, -0.335) (0. , -0.33, -0.31, -0.32 )
 (0. , -0.31, -0.29, -0.3  ) (0. , -0.29, -0.27, -0.28 )
 (0. , -0.27, -0.26, -0.265) (0. , -0.26, -0.25, -0.255)
 (0. , -0.25, -0.22, -0.235) (0. , -0.22, -0.21, -0.215)
 (0. , -0.21, -0.2 , -0.205) (0. , -0.2 , -0.19, -0.195)
 (0. , -0.19, -0.18, -0.185) (0. , -0.18, -0.17, -0.175)
 (0. , -0.17, -0.16, -0.165) (0. , -0.16, -0.14, -0.15 )
 (0. , -0.14, -0.13, -0.135) (0. , -0.13, -0.12, -0.125)
 (0. , -0.12, -0.1 , -0.11 ) (0. , -0.1 , -0.09, -0.095)
 (0. , -0.09, -0.08, -0.085) (0. , -0.08, -0.06, -0.07 )
 (0. , -0.06, -0.05, -0.055) (0. , -0.05, -0.04, -0.045)
 (0. , -0.04, -0.03, -0.035) (0. , -0.03, -0.02, -0.025)
 (0. , -0.02, -0.01, -0.015) (0. , -0.01, -0.  , -0.005)
 (0. ,  0.  ,  0.  ,  0.   ) (0. ,  0.  ,  0.  ,  0.   )
 (0. ,  0.  ,  0.  ,  0.   ) (0. ,  0.  ,  0.  ,  0.   )
 (0. ,  0.  ,  0.  ,  0.   ) (0. ,  0.  ,  0.  ,  0.   )
 (0. ,  0.  ,  0.  ,  0.   ) (0. ,  0.  ,  0.  ,  0.   )
 (0. ,  0.  ,  0.  ,  0.   ) (0. ,  0.  ,  0.  ,  0.   )
 (0. ,  0.  ,  0.  ,  0.   ) (0. ,  0.  ,  0.  ,  0.   )
 (0. ,  0.  ,  0.  ,  0.   ) (0. ,  0.  ,  0.  ,  0.   )
 (0. ,  0.  ,  0.  ,  0.   ) (0. ,  0.  ,  0.  ,  0.   )
 (0. ,  0.  ,  0.  ,  0.   ) (0. ,  0.  ,  0.  ,  0.   )
 (0. ,  0.  ,  0.  ,  0.   ) (0. ,  0.  ,  0.  ,  0.   )
 (0. ,  0.  ,  0.  ,  0.   ) (0. ,  0.  ,  0.  ,  0.   )
 (0. ,  0.  ,  0.  ,  0.   ) (0. ,  0.  ,  0.  ,  0.   )
 (0. ,  0.  ,  0.  ,  0.   ) (0. ,  0.  ,  0.  ,  0.   )
 (0. ,  0.  ,  0.  ,  0.   ) (0. ,  0.  ,  0.  ,  0.   )
 (0. ,  0.  ,  0.  ,  0.   ) (0. ,  0.  ,  0.  ,  0.   )
 (0. ,  0.  ,  0.  ,  0.   ) (0. ,  0.  ,  0.  ,  0.   )
 (0. ,  0.  ,  0.  ,  0.   ) (0. ,  0.  ,  0.  ,  0.   )
 (0. ,  0.  ,  0.  ,  0.   ) (0. ,  0.  ,  0.  ,  0.   )
 (0. ,  0.  ,  0.  ,  0.   ) (0. ,  0.  ,  0.  ,  0.   )
 (0. ,  0.  ,  0.  ,  0.   ) (0. ,  0.  ,  0.  ,  0.   )
 (0. ,  0.  ,  0.  ,  0.   ) (0. ,  0.  ,  0.  ,  0.   )
 (0. ,  0.  ,  0.  ,  0.   ) (0. ,  0.  ,  0.  ,  0.   )
 (0. ,  0.  ,  0.  ,  0.   ) (0. ,  0.  ,  0.  ,  0.   )
 (0. ,  0.  ,  0.  ,  0.   ) (0. ,  0.  ,  0.  ,  0.   )
 (0. ,  0.  ,  0.  ,  0.   ) (0. ,  0.  ,  0.  ,  0.   )
 (0. ,  0.  ,  0.  ,  0.   ) (0. ,  0.  ,  0.  ,  0.   )
 (0. ,  0.  ,  0.  ,  0.   ) (0. ,  0.  ,  0.  ,  0.   )
 (0. ,  0.  ,  0.  ,  0.   ) (0. ,  0.  ,  0.  ,  0.   )
 (0. ,  0.  ,  0.  ,  0.   ) (0. ,  0.  ,  0.  ,  0.   )
 (0. ,  0.  ,  0.  ,  0.   ) (0. ,  0.  ,  0.  ,  0.   )
 (0. ,  0.  ,  0.  ,  0.   ) (0. ,  0.  ,  0.  ,  0.   )
 (0. ,  0.  ,  0.  ,  0.   ) (0. ,  0.  ,  0.  ,  0.   )
 (0. ,  0.  ,  0.  ,  0.   ) (0. ,  0.  ,  0.  ,  0.   )
 (0. ,  0.  ,  0.  ,  0.   ) (0. ,  0.  ,  0.  ,  0.   )
 (0. ,  0.  ,  0.  ,  0.   ) (0. ,  0.  ,  0.  ,  0.   )
 (0. ,  0.  ,  0.  ,  0.   ) (0. ,  0.  ,  0.  ,  0.   )
 (0. ,  0.  ,  0.  ,  0.   ) (0. ,  0.  ,  0.  ,  0.   )
 (0. ,  0.  ,  0.  ,  0.   ) (0. ,  0.  ,  0.  ,  0.   )
 (0. ,  0.  ,  0.  ,  0.   ) (0. ,  0.  ,  0.  ,  0.   )
 (0. ,  0.  ,  0.  ,  0.   ) (0. ,  0.  ,  0.  ,  0.   )
 (0. ,  0.  ,  0.  ,  0.   ) (0. ,  0.  ,  0.  ,  0.   )
 (0. ,  0.  ,  0.  ,  0.   ) (0. ,  0.  ,  0.  ,  0.   )
 (0. ,  0.  ,  0.  ,  0.   ) (0. ,  0.  ,  0.  ,  0.   )
 (0. ,  0.  ,  0.  ,  0.   ) (0. ,  0.  ,  0.  ,  0.   )
 (0. ,  0.  ,  0.  ,  0.   ) (0. ,  0.  ,  0.  ,  0.   )
 (0. ,  0.  ,  0.  ,  0.   ) (0. ,  0.  ,  0.  ,  0.   )
 (0. ,  0.  ,  0.  ,  0.   ) (0. ,  0.  ,  0.  ,  0.   )
 (0. ,  0.  ,  0.  ,  0.   ) (0. ,  0.  ,  0.  ,  0.   )
 (0. ,  0.  ,  0.  ,  0.   ) (0. ,  0.  ,  0.  ,  0.   )
 (0. ,  0.  ,  0.  ,  0.   ) (0. ,  0.  ,  0.  ,  0.   )
 (0. ,  0.  ,  0.  ,  0.   ) (0. ,  0.  ,  0.  ,  0.   )
 (0. ,  0.  ,  0.  ,  0.   ) (0. ,  0.  ,  0.  ,  0.   )
 (0. ,  0.  ,  0.  ,  0.   ) (0. ,  0.  ,  0.  ,  0.   )
 (0. ,  0.  ,  0.  ,  0.   ) (0. ,  0.  ,  0.  ,  0.   )
 (0. ,  0.  ,  0.  ,  0.   ) (0. ,  0.  ,  0.  ,  0.   )
 (0. ,  0.  ,  0.  ,  0.   ) (0. ,  0.  ,  0.  ,  0.   )
 (0. ,  0.  ,  0.  ,  0.   ) (0. ,  0.  ,  0.  ,  0.   )
 (0. ,  0.  ,  0.  ,  0.   ) (0. ,  0.  ,  0.  ,  0.   )
 (0. ,  0.  ,  0.  ,  0.   ) (0. ,  0.  ,  0.  ,  0.   )
 (0. ,  0.  ,  0.  ,  0.   ) (0. ,  0.  ,  0.  ,  0.   )
 (0. ,  0.  ,  0.  ,  0.   ) (0. ,  0.  ,  0.  ,  0.   )
 (0. ,  0.  ,  0.  ,  0.   ) (0. ,  0.  ,  0.  ,  0.   )
 (0. ,  0.  ,  0.  ,  0.   ) (0. ,  0.  ,  0.  ,  0.   )
 (0. ,  0.  ,  0.  ,  0.   ) (0. ,  0.  ,  0.  ,  0.   )
 (0. ,  0.  ,  0.  ,  0.   ) (0. ,  0.  ,  0.  ,  0.   )
 (0. ,  0.  ,  0.  ,  0.   ) (0. ,  0.  ,  0.  ,  0.   )
 (0. ,  0.  ,  0.  ,  0.   ) (0. ,  0.  ,  0.  ,  0.   )
 (0. ,  0.  ,  0.  ,  0.   ) (0. ,  0.  ,  0.  ,  0.   )
 (0. ,  0.  ,  0.  ,  0.   ) (0. ,  0.  ,  0.  ,  0.   )
 (0. ,  0.  ,  0.  ,  0.   ) (0. ,  0.  ,  0.  ,  0.   )
 (0. ,  0.  ,  0.  ,  0.   ) (0. ,  0.  ,  0.  ,  0.   )
 (0. ,  0.  ,  0.  ,  0.   ) (0. ,  0.  ,  0.  ,  0.   )
 (0. ,  0.  ,  0.  ,  0.   ) (0. ,  0.  ,  0.  ,  0.   )
 (0. ,  0.  ,  0.  ,  0.   ) (0. ,  0.  ,  0.  ,  0.   )
 (0. ,  0.  ,  0.  ,  0.   ) (0. ,  0.  ,  0.  ,  0.   )
 (0. ,  0.  ,  0.  ,  0.   ) (0. ,  0.  ,  0.  ,  0.   )
 (0. ,  0.  ,  0.  ,  0.   ) (0. ,  0.  ,  0.  ,  0.   )
 (0. ,  0.  ,  0.  ,  0.   ) (0. ,  0.  ,  0.  ,  0.   )
 (0. ,  0.  ,  0.  ,  0.   ) (0. ,  0.  ,  0.  ,  0.   )
 (0. ,  0.  ,  0.  ,  0.   ) (0. ,  0.  ,  0.  ,  0.   )
 (0. ,  0.  ,  0.  ,  0.   ) (0. ,  0.  ,  0.  ,  0.   )
 (0. ,  0.  ,  0.  ,  0.   ) (0. ,  0.  ,  0.  ,  0.   )
 (0. ,  0.  ,  0.  ,  0.   ) (0. ,  0.  ,  0.  ,  0.   )
 (0. ,  0.  ,  0.  ,  0.   ) (0. ,  0.  ,  0.  ,  0.   )
 (0. ,  0.  ,  0.  ,  0.   ) (0. ,  0.  ,  0.  ,  0.   )
 (0. ,  0.  ,  0.  ,  0.   ) (0. ,  0.  ,  0.  ,  0.   )
 (0. ,  0.  ,  0.  ,  0.   ) (0. ,  0.  ,  0.  ,  0.   )
 (0. ,  0.  ,  0.  ,  0.   ) (0. ,  0.  ,  0.  ,  0.   )
 (0. ,  0.  ,  0.  ,  0.   ) (0. ,  0.  ,  0.  ,  0.   )
 (0. ,  0.  ,  0.  ,  0.   ) (0. ,  0.  ,  0.  ,  0.   )
 (0. ,  0.  ,  0.  ,  0.   ) (0. ,  0.  ,  0.  ,  0.   )
 (0. ,  0.  ,  0.  ,  0.   ) (0. ,  0.  ,  0.  ,  0.   )
 (0. ,  0.  ,  0.  ,  0.   ) (0. ,  0.  ,  0.  ,  0.   )
 (0. ,  0.  ,  0.  ,  0.   ) (0. ,  0.  ,  0.  ,  0.   )
 (0. ,  0.  ,  0.  ,  0.   ) (0. ,  0.  ,  0.  ,  0.   )
 (0. ,  0.  ,  0.  ,  0.   ) (0. ,  0.  ,  0.  ,  0.   )
 (0. ,  0.  ,  0.  ,  0.   ) (0. ,  0.  ,  0.  ,  0.   )
 (0. ,  0.  ,  0.  ,  0.   ) (0. ,  0.  ,  0.  ,  0.   )
 (0. ,  0.  ,  0.  ,  0.   ) (0. ,  0.  ,  0.  ,  0.   )
 (0. ,  0.  ,  0.  ,  0.   ) (0. ,  0.  ,  0.  ,  0.   )
 (0. ,  0.  ,  0.  ,  0.   ) (0. ,  0.  ,  0.  ,  0.   )
 (0. ,  0.  ,  0.  ,  0.   ) (0. ,  0.  ,  0.  ,  0.   )
 (0. ,  0.  ,  0.  ,  0.   ) (0. ,  0.  ,  0.  ,  0.   )
 (0. ,  0.  ,  0.  ,  0.   ) (0. ,  0.  ,  0.  ,  0.   )
 (0. ,  0.  ,  0.  ,  0.   ) (0. ,  0.  ,  0.  ,  0.   )
 (0. ,  0.  ,  0.  ,  0.   ) (0. ,  0.  ,  0.  ,  0.   )
 (0. ,  0.  ,  0.  ,  0.   ) (0. ,  0.  ,  0.  ,  0.   )
 (0. ,  0.  ,  0.  ,  0.   ) (0. ,  0.  ,  0.  ,  0.   )
 (0. ,  0.  ,  0.  ,  0.   ) (0. ,  0.  ,  0.  ,  0.   )
 (0. ,  0.  ,  0.  ,  0.   ) (0. ,  0.  ,  0.  ,  0.   )
 (0. ,  0.  ,  0.  ,  0.   ) (0. ,  0.  ,  0.  ,  0.   )
 (0. ,  0.  ,  0.  ,  0.   ) (0. ,  0.  ,  0.  ,  0.   )
 (0. ,  0.  ,  0.  ,  0.   ) (0. ,  0.  ,  0.  ,  0.   )
 (0. ,  0.  ,  0.  ,  0.   ) (0. ,  0.  ,  0.  ,  0.   )
 (0. ,  0.  ,  0.  ,  0.   ) (0. ,  0.  ,  0.  ,  0.   )
 (0. ,  0.  ,  0.  ,  0.   ) (0. ,  0.  ,  0.  ,  0.   )
 (0. ,  0.  ,  0.  ,  0.   ) (0. ,  0.  ,  0.  ,  0.   )
 (0. ,  0.  ,  0.  ,  0.   ) (0. ,  0.  ,  0.  ,  0.   )
 (0. ,  0.  ,  0.  ,  0.   ) (0. ,  0.  ,  0.  ,  0.   )
 (0. ,  0.  ,  0.  ,  0.   ) (0. ,  0.  ,  0.  ,  0.   )
 (0. ,  0.  ,  0.  ,  0.   ) (0. ,  0.  ,  0.  ,  0.   )
 (0. ,  0.  ,  0.  ,  0.   ) (0. ,  0.  ,  0.  ,  0.   )
 (0. ,  0.  ,  0.  ,  0.   ) (0. ,  0.  ,  0.  ,  0.   )
 (0. ,  0.  ,  0.  ,  0.   ) (0. ,  0.  ,  0.  ,  0.   )
 (0. ,  0.  ,  0.  ,  0.   ) (0. ,  0.  ,  0.  ,  0.   )
 (0. ,  0.  ,  0.  ,  0.   ) (0. ,  0.  ,  0.  ,  0.   )
 (0. ,  0.  ,  0.  ,  0.   ) (0. ,  0.  ,  0.  ,  0.   )
 (0. ,  0.  ,  0.  ,  0.   ) (0. ,  0.  ,  0.  ,  0.   )
 (0. ,  0.  ,  0.  ,  0.   ) (0. ,  0.  ,  0.  ,  0.   )
 (0. ,  0.  ,  0.  ,  0.   ) (0. ,  0.  ,  0.  ,  0.   )
 (0. ,  0.  ,  0.  ,  0.   ) (0. ,  0.  ,  0.  ,  0.   )
 (0. ,  0.  ,  0.  ,  0.   ) (0. ,  0.  ,  0.  ,  0.   )
 (0. ,  0.  ,  0.  ,  0.   ) (0. ,  0.  ,  0.  ,  0.   )
 (0. ,  0.  ,  0.  ,  0.   ) (0. ,  0.  ,  0.  ,  0.   )
 (0. ,  0.  ,  0.  ,  0.   ) (0. ,  0.  ,  0.  ,  0.   )
 (0. ,  0.  ,  0.  ,  0.   ) (0. ,  0.  ,  0.  ,  0.   )
 (0. ,  0.  ,  0.  ,  0.   ) (0. ,  0.  ,  0.  ,  0.   )
 (0. ,  0.  ,  0.  ,  0.   ) (0. ,  0.  ,  0.  ,  0.   )
 (0. ,  0.  ,  0.  ,  0.   ) (0. ,  0.  ,  0.  ,  0.   )
 (0. ,  0.  ,  0.  ,  0.   ) (0. ,  0.  ,  0.  ,  0.   )
 (0. ,  0.  ,  0.  ,  0.   ) (0. ,  0.  ,  0.  ,  0.   )
 (0. ,  0.  ,  0.  ,  0.   ) (0. ,  0.  ,  0.  ,  0.   )
 (0. ,  0.  ,  0.  ,  0.   ) (0. ,  0.  ,  0.  ,  0.   )
 (0. ,  0.  ,  0.  ,  0.   ) (0. ,  0.  ,  0.  ,  0.   )
 (0. ,  0.  ,  0.  ,  0.   ) (0. ,  0.  ,  0.  ,  0.   )
 (0. ,  0.  ,  0.  ,  0.   ) (0. ,  0.  ,  0.  ,  0.   )
 (0. ,  0.  ,  0.  ,  0.   ) (0. ,  0.  ,  0.  ,  0.   )
 (0. ,  0.  ,  0.  ,  0.   ) (0. ,  0.  ,  0.  ,  0.   )
 (0. ,  0.  ,  0.  ,  0.   ) (0. ,  0.  ,  0.  ,  0.   )
 (0. ,  0.  ,  0.  ,  0.   ) (0. ,  0.  ,  0.  ,  0.   )
 (0. ,  0.  ,  0.  ,  0.   ) (0. ,  0.  ,  0.  ,  0.   )
 (0. ,  0.  ,  0.  ,  0.   ) (0. ,  0.  ,  0.  ,  0.   )
 (0. ,  0.  ,  0.  ,  0.   ) (0. ,  0.  ,  0.  ,  0.   )
 (0. ,  0.  ,  0.  ,  0.   ) (0. ,  0.  ,  0.  ,  0.   )
 (0. ,  0.  ,  0.  ,  0.   ) (0. ,  0.  ,  0.  ,  0.   )
 (0. ,  0.  ,  0.  ,  0.   ) (0. ,  0.  ,  0.  ,  0.   )
 (0. ,  0.  ,  0.  ,  0.   ) (0. ,  0.  ,  0.  ,  0.   )
 (0. ,  0.  ,  0.  ,  0.   ) (0. ,  0.  ,  0.  ,  0.   )
 (0. ,  0.  ,  0.  ,  0.   ) (0. ,  0.  ,  0.  ,  0.   )
 (0. ,  0.  ,  0.  ,  0.   ) (0. ,  0.  ,  0.  ,  0.   )
 (0. ,  0.  ,  0.  ,  0.   ) (0. ,  0.  ,  0.  ,  0.   )
 (0. ,  0.  ,  0.  ,  0.   ) (0. ,  0.  ,  0.  ,  0.   )
 (0. ,  0.  ,  0.  ,  0.   ) (0. ,  0.  ,  0.  ,  0.   )
 (0. ,  0.  ,  0.  ,  0.   ) (0. ,  0.  ,  0.  ,  0.   )
 (0. ,  0.  ,  0.  ,  0.   ) (0. ,  0.  ,  0.  ,  0.   )
 (0. ,  0.  ,  0.  ,  0.   ) (0. ,  0.  ,  0.  ,  0.   )
 (0. ,  0.  ,  0.  ,  0.   ) (0. ,  0.  ,  0.  ,  0.   )
 (0. ,  0.  ,  0.  ,  0.   ) (0. ,  0.  ,  0.  ,  0.   )
 (0. ,  0.  ,  0.  ,  0.   ) (0. ,  0.  ,  0.  ,  0.   )
 (0. ,  0.  ,  0.  ,  0.   ) (0. ,  0.  ,  0.  ,  0.   )
 (0. ,  0.  ,  0.  ,  0.   ) (0. ,  0.  ,  0.  ,  0.   )
 (0. ,  0.  ,  0.  ,  0.   ) (0. ,  0.  ,  0.  ,  0.   )
 (0. ,  0.  ,  0.  ,  0.   ) (0. ,  0.  ,  0.  ,  0.   )
 (0. ,  0.  ,  0.  ,  0.   ) (0. ,  0.  ,  0.  ,  0.   )
 (0. ,  0.  ,  0.  ,  0.   ) (0. ,  0.  ,  0.  ,  0.   )
 (0. ,  0.  ,  0.  ,  0.   ) (0. ,  0.  ,  0.  ,  0.   )
 (0. ,  0.  ,  0.  ,  0.   ) (0. ,  0.  ,  0.  ,  0.   )
 (0. ,  0.  ,  0.  ,  0.   ) (0. ,  0.  ,  0.  ,  0.   )
 (0. ,  0.  ,  0.  ,  0.   ) (0. ,  0.  ,  0.  ,  0.   )
 (0. ,  0.  ,  0.  ,  0.   ) (0. ,  0.  ,  0.  ,  0.   )
 (0. ,  0.  ,  0.  ,  0.   ) (0. ,  0.  ,  0.  ,  0.   )
 (0. ,  0.  ,  0.  ,  0.   ) (0. ,  0.  ,  0.  ,  0.   )
 (0. ,  0.  ,  0.  ,  0.   ) (0. ,  0.  ,  0.  ,  0.   )
 (0. ,  0.  ,  0.  ,  0.   ) (0. ,  0.  ,  0.  ,  0.   )
 (0. ,  0.  ,  0.  ,  0.   ) (0. ,  0.  ,  0.  ,  0.   )
 (0. ,  0.  ,  0.  ,  0.   ) (0. ,  0.  ,  0.  ,  0.   )
 (0. ,  0.  ,  0.  ,  0.   ) (0. ,  0.  ,  0.  ,  0.   )
 (0. ,  0.  ,  0.  ,  0.   ) (0. ,  0.  ,  0.  ,  0.   )
 (0. ,  0.  ,  0.  ,  0.   ) (0. ,  0.  ,  0.  ,  0.   )
 (0. ,  0.  ,  0.  ,  0.   ) (0. ,  0.  ,  0.  ,  0.   )
 (0. ,  0.  ,  0.  ,  0.   ) (0. ,  0.  ,  0.  ,  0.   )
 (0. ,  0.  ,  0.  ,  0.   ) (0. ,  0.  ,  0.  ,  0.   )
 (0. ,  0.  ,  0.  ,  0.   ) (0. ,  0.  ,  0.  ,  0.   )
 (0. ,  0.  ,  0.  ,  0.   ) (0. ,  0.  ,  0.  ,  0.   )
 (0. ,  0.  ,  0.  ,  0.   ) (0. ,  0.  ,  0.  ,  0.   )
 (0. ,  0.  ,  0.  ,  0.   ) (0. ,  0.  ,  0.  ,  0.   )
 (0. ,  0.  ,  0.  ,  0.   ) (0. ,  0.  ,  0.  ,  0.   )
 (0. ,  0.  ,  0.  ,  0.   ) (0. ,  0.  ,  0.  ,  0.   )
 (0. ,  0.  ,  0.  ,  0.   ) (0. ,  0.  ,  0.  ,  0.   )
 (0. ,  0.  ,  0.  ,  0.   ) (0. ,  0.  ,  0.  ,  0.   )
 (0. ,  0.  ,  0.  ,  0.   ) (0. ,  0.  ,  0.  ,  0.   )
 (0. ,  0.  ,  0.  ,  0.   ) (0. ,  0.  ,  0.  ,  0.   )
 (0. ,  0.  ,  0.  ,  0.   ) (0. ,  0.  ,  0.  ,  0.   )
 (0. ,  0.  ,  0.  ,  0.   ) (0. ,  0.  ,  0.  ,  0.   )
 (0. ,  0.  ,  0.  ,  0.   ) (0. ,  0.  ,  0.  ,  0.   )
 (0. ,  0.  ,  0.  ,  0.   ) (0. ,  0.  ,  0.  ,  0.   )
 (0. ,  0.  ,  0.  ,  0.   ) (0. ,  0.  ,  0.  ,  0.   )
 (0. ,  0.  ,  0.  ,  0.   ) (0. ,  0.  ,  0.  ,  0.   )
 (0. ,  0.  ,  0.  ,  0.   ) (0. ,  0.  ,  0.  ,  0.   )
 (0. ,  0.  ,  0.  ,  0.   ) (0. ,  0.  ,  0.  ,  0.   )
 (0. ,  0.  ,  0.  ,  0.   ) (0. ,  0.  ,  0.  ,  0.   )
 (0. ,  0.  ,  0.  ,  0.   ) (0. ,  0.  ,  0.  ,  0.   )
 (0. ,  0.  ,  0.  ,  0.   ) (0. ,  0.  ,  0.  ,  0.   )
 (0. ,  0.  ,  0.  ,  0.   ) (0. ,  0.  ,  0.  ,  0.   )
 (0. ,  0.  ,  0.  ,  0.   ) (0. ,  0.  ,  0.  ,  0.   )
 (0. ,  0.  ,  0.  ,  0.   ) (0. ,  0.  ,  0.  ,  0.   )
 (0. ,  0.  ,  0.  ,  0.   ) (0. ,  0.  ,  0.  ,  0.   )
 (0. ,  0.  ,  0.  ,  0.   ) (0. ,  0.  ,  0.  ,  0.   )
 (0. ,  0.  ,  0.  ,  0.   ) (0. ,  0.  ,  0.  ,  0.   )
 (0. ,  0.  ,  0.  ,  0.   ) (0. ,  0.  ,  0.  ,  0.   )
 (0. ,  0.  ,  0.  ,  0.   ) (0. ,  0.  ,  0.  ,  0.   )
 (0. ,  0.  ,  0.  ,  0.   ) (0. , -0.  ,  0.01,  0.005)
 (0. ,  0.01,  0.02,  0.015) (0. ,  0.02,  0.03,  0.025)
 (0. ,  0.03,  0.04,  0.035) (0. ,  0.04,  0.05,  0.045)
 (0. ,  0.05,  0.06,  0.055) (0. ,  0.06,  0.08,  0.07 )
 (0. ,  0.08,  0.09,  0.085) (0. ,  0.09,  0.1 ,  0.095)
 (0. ,  0.1 ,  0.12,  0.11 ) (0. ,  0.12,  0.14,  0.13 )
 (0. ,  0.14,  0.15,  0.145) (0. ,  0.15,  0.18,  0.165)
 (0. ,  0.18,  0.19,  0.185) (0. ,  0.19,  0.2 ,  0.195)
 (0. ,  0.2 ,  0.21,  0.205) (0. ,  0.21,  0.22,  0.215)
 (0. ,  0.22,  0.23,  0.225) (0. ,  0.23,  0.25,  0.24 )
 (0. ,  0.25,  0.26,  0.255) (0. ,  0.26,  0.27,  0.265)
 (0. ,  0.27,  0.28,  0.275) (0. ,  0.28,  0.3 ,  0.29 )
 (0. ,  0.3 ,  0.33,  0.315) (0. ,  0.33,  0.34,  0.335)
 (0. ,  0.34,  0.35,  0.345) (0. ,  0.35,  0.36,  0.355)
 (0. ,  0.36,  0.37,  0.365) (0. ,  0.37,  0.39,  0.38 )
 (0. ,  0.39,  0.41,  0.4  ) (0. ,  0.41,  0.42,  0.415)
 (0. ,  0.42,  0.43,  0.425) (0. ,  0.43,  0.44,  0.435)
 (0. ,  0.44,  0.45,  0.445) (0. ,  0.45,  0.47,  0.46 )
 (0. ,  0.47,  0.48,  0.475) (0. ,  0.48,  0.49,  0.485)
 (0. ,  0.49,  0.5 ,  0.495) (0. ,  0.5 ,  0.51,  0.505)
 (0. ,  0.51,  0.54,  0.525) (0. ,  0.54,  0.55,  0.545)
 (0. ,  0.55,  0.56,  0.555) (0. ,  0.56,  0.59,  0.575)
 (0. ,  0.59,  0.6 ,  0.595) (0. ,  0.6 ,  0.61,  0.605)
 (0. ,  0.61,  0.62,  0.615) (0. ,  0.62,  0.63,  0.625)
 (0. ,  0.63,  0.66,  0.645) (0. ,  0.66,  0.67,  0.665)
 (0. ,  0.67,  0.68,  0.675) (0. ,  0.68,  0.69,  0.685)
 (0. ,  0.69,  0.7 ,  0.695) (0. ,  0.7 ,  0.71,  0.705)
 (0. ,  0.71,  0.72,  0.715) (0. ,  0.72,  0.73,  0.725)
 (0. ,  0.73,  0.74,  0.735) (0. ,  0.74,  0.75,  0.745)
 (0. ,  0.75,  0.76,  0.755) (0. ,  0.76,  0.77,  0.765)
 (0. ,  0.77,  0.81,  0.79 ) (0. ,  0.81,  0.83,  0.82 )
 (0. ,  0.83,  0.84,  0.835) (0. ,  0.84,  0.86,  0.85 )
 (0. ,  0.86,  0.89,  0.875) (0. ,  0.89,  0.9 ,  0.895)
 (0. ,  0.9 ,  0.91,  0.905) (0. ,  0.91,  0.92,  0.915)
 (0. ,  0.92,  0.93,  0.925) (0. ,  0.93,  0.94,  0.935)
 (0. ,  0.94,  0.95,  0.945) (0. ,  0.95,  0.96,  0.955)
 (0. ,  0.96,  0.97,  0.965) (0. ,  0.97,  0.98,  0.975)
 (0. ,  0.98,  1.  ,  0.99 ) (0. ,  1.  ,  1.01,  1.005)
 (0. ,  1.01,  1.03,  1.02 ) (0. ,  1.03,  1.04,  1.035)
 (0. ,  1.04,  1.06,  1.05 ) (0. ,  1.06,  1.08,  1.07 )
 (0. ,  1.08,  1.09,  1.085) (0. ,  1.09,  1.1 ,  1.095)
 (0. ,  1.1 ,  1.12,  1.11 ) (0. ,  1.12,  1.14,  1.13 )
 (0. ,  1.14,  1.15,  1.145) (0. ,  1.15,  1.16,  1.155)
 (0. ,  1.16,  1.18,  1.17 ) (0. ,  1.18,  1.2 ,  1.19 )
 (0. ,  1.2 ,  1.21,  1.205) (0. ,  1.21,  1.22,  1.215)
 (0. ,  1.22,  1.24,  1.23 ) (0. ,  1.24,  1.25,  1.245)
 (0. ,  1.25,  1.27,  1.26 ) (0. ,  1.27,  1.29,  1.28 )
 (0. ,  1.29,  1.33,  1.31 ) (0. ,  1.33,  1.34,  1.335)
 (0. ,  1.34,  1.36,  1.35 ) (0. ,  1.36,  1.37,  1.365)
 (0. ,  1.37,  1.38,  1.375) (0. ,  1.38,  1.39,  1.385)
 (0. ,  1.39,  1.41,  1.4  ) (0. ,  1.41,  1.42,  1.415)
 (0. ,  1.42,  1.44,  1.43 ) (0. ,  1.44,  1.45,  1.445)
 (0. ,  1.45,  1.46,  1.455) (0. ,  1.46,  1.47,  1.465)
 (0. ,  1.47,  1.48,  1.475) (0. ,  1.48,  1.49,  1.485)
 (0. ,  1.49,  1.5 ,  1.495) (0. ,  1.5 ,  1.51,  1.505)
 (0. ,  1.51,  1.55,  1.53 ) (0. ,  1.55,  1.57,  1.56 )
 (0. ,  1.57,  1.58,  1.575) (0. ,  1.58,  1.6 ,  1.59 )
 (0. ,  1.6 ,  1.61,  1.605) (0. ,  1.61,  1.62,  1.615)
 (0. ,  1.62,  1.63,  1.625) (0. ,  1.63,  1.65,  1.64 )
 (0. ,  1.65,  1.67,  1.66 ) (0. ,  1.67,  1.68,  1.675)
 (0. ,  1.68,  1.69,  1.685) (0. ,  1.69,  1.7 ,  1.695)
 (0. ,  1.7 ,  1.71,  1.705) (0. ,  1.71,  1.73,  1.72 )
 (0. ,  1.73,  1.74,  1.735) (0. ,  1.74,  1.75,  1.745)
 (0. ,  1.75,  1.76,  1.755) (0. ,  1.76,  1.77,  1.765)
 (0. ,  1.77,  1.78,  1.775) (0. ,  1.78,  1.8 ,  1.79 )
 (0. ,  1.8 ,  1.81,  1.805) (0. ,  1.81,  1.82,  1.815)
 (0. ,  1.82,  1.83,  1.825) (0. ,  1.83,  1.84,  1.835)
 (0. ,  1.84,  1.85,  1.845) (0. ,  1.85,  1.86,  1.855)
 (0. ,  1.86,  1.88,  1.87 ) (0. ,  1.88,  1.89,  1.885)
 (0. ,  1.89,  1.9 ,  1.895) (0. ,  1.9 ,  1.92,  1.91 )
 (0. ,  1.92,  1.93,  1.925) (0. ,  1.93,  1.95,  1.94 )
 (0. ,  1.95,  1.96,  1.955) (0. ,  1.96,  1.97,  1.965)
 (0. ,  1.97,  1.98,  1.975) (0. ,  1.98,  1.99,  1.985)
 (0. ,  1.99,  2.  ,  1.995) (0. ,  2.  ,  2.02,  2.01 )
 (0. ,  2.02,  2.03,  2.025) (0. ,  2.03,  2.04,  2.035)
 (0. ,  2.04,  2.05,  2.045) (0. ,  2.05,  2.06,  2.055)
 (0. ,  2.06,  2.07,  2.065) (0. ,  2.07,  2.08,  2.075)
 (0. ,  2.08,  2.09,  2.085) (0. ,  2.09,  2.11,  2.1  )
 (0. ,  2.11,  2.12,  2.115) (0. ,  2.12,  2.13,  2.125)
 (0. ,  2.13,  2.14,  2.135) (0. ,  2.14,  2.16,  2.15 )
 (0. ,  2.16,  2.18,  2.17 ) (0. ,  2.18,  2.19,  2.185)
 (0. ,  2.19,  2.22,  2.205) (0. ,  2.22,  2.25,  2.235)
 (0. ,  2.25,  2.27,  2.26 ) (0. ,  2.27,  2.28,  2.275)
 (0. ,  2.28,  2.29,  2.285) (0. ,  2.29,  2.3 ,  2.295)
 (0. ,  2.3 ,  2.32,  2.31 ) (0. ,  2.32,  2.36,  2.34 )
 (0. ,  2.36,  2.37,  2.365) (0. ,  2.37,  2.41,  2.39 )
 (0. ,  2.41,  2.42,  2.415) (0. ,  2.42,  2.43,  2.425)
 (0. ,  2.43,  2.47,  2.45 ) (0. ,  2.47,  2.48,  2.475)
 (0. ,  2.48,  2.49,  2.485) (0. ,  2.49,  2.5 ,  2.495)
 (0. ,  2.5 ,  2.52,  2.51 ) (0. ,  2.52,  2.53,  2.525)
 (0. ,  2.53,  2.54,  2.535) (0. ,  2.54,  2.55,  2.545)
 (0. ,  2.55,  2.57,  2.56 ) (0. ,  2.57,  2.58,  2.575)
 (0. ,  2.58,  2.59,  2.585) (0. ,  2.59,  2.6 ,  2.595)
 (0. ,  2.6 ,  2.61,  2.605) (0. ,  2.61,  2.62,  2.615)
 (0. ,  2.62,  2.65,  2.635) (0. ,  2.65,  2.66,  2.655)
 (0. ,  2.66,  2.67,  2.665) (0. ,  2.67,  2.68,  2.675)
 (0. ,  2.68,  2.69,  2.685) (0. ,  2.69,  2.7 ,  2.695)
 (0. ,  2.7 ,  2.71,  2.705) (0. ,  2.71,  2.72,  2.715)
 (0. ,  2.72,  2.74,  2.73 ) (0. ,  2.74,  2.76,  2.75 )
 (0. ,  2.76,  2.77,  2.765) (0. ,  2.77,  2.82,  2.795)
 (0. ,  2.82,  2.83,  2.825) (0. ,  2.83,  2.84,  2.835)
 (0. ,  2.84,  2.85,  2.845) (0. ,  2.85,  2.88,  2.865)
 (0. ,  2.88,  2.9 ,  2.89 ) (0. ,  2.9 ,  2.91,  2.905)
 (0. ,  2.91,  2.92,  2.915) (0. ,  2.92,  2.93,  2.925)
 (0. ,  2.93,  2.96,  2.945) (0. ,  2.96,  2.98,  2.97 )
 (0. ,  2.98,  2.99,  2.985) (0. ,  2.99,  3.01,  3.   )
 (0. ,  3.01,  3.02,  3.015) (0. ,  3.02,  3.03,  3.025)
 (0. ,  3.03,  3.05,  3.04 ) (0. ,  3.05,  3.06,  3.055)
 (0. ,  3.06,  3.07,  3.065) (0. ,  3.07,  3.08,  3.075)
 (0. ,  3.08,  3.09,  3.085) (0. ,  3.09,  3.1 ,  3.095)
 (0. ,  3.1 ,  3.11,  3.105) (0. ,  3.11,  3.13,  3.12 )
 (0. ,  3.13,  3.15,  3.14 ) (0. ,  3.15,  3.18,  3.165)
 (0. ,  3.18,  3.19,  3.185) (0. ,  3.19,  3.2 ,  3.195)
 (0. ,  3.2 ,  3.21,  3.205) (0. ,  3.21,  3.22,  3.215)
 (0. ,  3.22,  3.23,  3.225) (0. ,  3.23,  3.26,  3.245)
 (0. ,  3.26,  3.27,  3.265) (0. ,  3.27,  3.3 ,  3.285)
 (0. ,  3.3 ,  3.32,  3.31 ) (0. ,  3.32,  3.36,  3.34 )
 (0. ,  3.36,  3.37,  3.365) (0. ,  3.37,  3.38,  3.375)
 (0. ,  3.38,  3.39,  3.385) (0. ,  3.39,  3.42,  3.405)
 (0. ,  3.42,  3.43,  3.425) (0. ,  3.43,  3.44,  3.435)
 (0. ,  3.44,  3.45,  3.445) (0. ,  3.45,  3.46,  3.455)
 (0. ,  3.46,  3.47,  3.465) (0. ,  3.47,  3.48,  3.475)
 (0. ,  3.48,  3.49,  3.485) (0. ,  3.49,  3.5 ,  3.495)
 (0. ,  3.5 ,  3.51,  3.505) (0. ,  3.51,  3.52,  3.515)
 (0. ,  3.52,  3.54,  3.53 ) (0. ,  3.54,  3.56,  3.55 )
 (0. ,  3.56,  3.57,  3.565) (0. ,  3.57,  3.58,  3.575)
 (0. ,  3.58,  3.6 ,  3.59 ) (0. ,  3.6 ,  3.62,  3.61 )
 (0. ,  3.62,  3.63,  3.625) (0. ,  3.63,  3.64,  3.635)
 (0. ,  3.64,  3.65,  3.645) (0. ,  3.65,  3.66,  3.655)
 (0. ,  3.66,  3.68,  3.67 ) (0. ,  3.68,  3.69,  3.685)
 (0. ,  3.69,  3.7 ,  3.695) (0. ,  3.7 ,  3.71,  3.705)
 (0. ,  3.71,  3.72,  3.715) (0. ,  3.72,  3.75,  3.735)
 (0. ,  3.75,  3.76,  3.755) (0. ,  3.76,  3.78,  3.77 )
 (0. ,  3.78,  3.8 ,  3.79 ) (0. ,  3.8 ,  3.81,  3.805)
 (0. ,  3.81,  3.83,  3.82 ) (0. ,  3.83,  3.84,  3.835)
 (0. ,  3.84,  3.85,  3.845) (0. ,  3.85,  3.86,  3.855)
 (0. ,  3.86,  3.87,  3.865) (0. ,  3.87,  3.89,  3.88 )
 (0. ,  3.89,  3.9 ,  3.895) (0. ,  3.9 ,  3.91,  3.905)
 (0. ,  3.91,  3.94,  3.925) (0. ,  3.94,  3.95,  3.945)
 (0. ,  3.95,  3.96,  3.955) (0. ,  3.96,  3.97,  3.965)
 (0. ,  3.97,  3.98,  3.975) (0. ,  3.98,  3.99,  3.985)
 (0. ,  3.99,  4.  ,  3.995) (0.1, -2.24, -2.19, -2.215)]

Debug: calculated buckets based on lagest gaps = [-2.215  3.895  3.905  3.925  3.945  3.955  3.965  3.975  3.985  3.995]
finishing algorithm at: 12:52:46.843364

running time of algorithm: 0:00:00.065386

[(0, -3.99) (0, -3.98) (0, -3.97) (0, -3.97) (0, -3.97) (0, -3.96)
 (0, -3.96) (0, -3.95) (0, -3.95) (0, -3.93) (0, -3.92) (0, -3.9 )
 (0, -3.9 ) (0, -3.9 ) (0, -3.9 ) (0, -3.89) (0, -3.88) (0, -3.88)
 (0, -3.88) (0, -3.87) (0, -3.86) (0, -3.86) (0, -3.85) (0, -3.84)
 (0, -3.83) (0, -3.82) (0, -3.82) (0, -3.81) (0, -3.8 ) (0, -3.8 )
 (0, -3.8 ) (0, -3.79) (0, -3.77) (0, -3.77) (0, -3.76) (0, -3.76)
 (0, -3.74) (0, -3.73) (0, -3.71) (0, -3.71) (0, -3.7 ) (0, -3.7 )
 (0, -3.69) (0, -3.68) (0, -3.66) (0, -3.65) (0, -3.65) (0, -3.65)
 (0, -3.63) (0, -3.62) (0, -3.61) (0, -3.61) (0, -3.61) (0, -3.57)
 (0, -3.55) (0, -3.55) (0, -3.54) (0, -3.54) (0, -3.53) (0, -3.53)
 (0, -3.52) (0, -3.51) (0, -3.5 ) (0, -3.49) (0, -3.49) (0, -3.48)
 (0, -3.48) (0, -3.47) (0, -3.47) (0, -3.44) (0, -3.44) (0, -3.43)
 (0, -3.42) (0, -3.4 ) (0, -3.4 ) (0, -3.4 ) (0, -3.4 ) (0, -3.4 )
 (0, -3.39) (0, -3.38) (0, -3.37) (0, -3.37) (0, -3.36) (0, -3.35)
 (0, -3.34) (0, -3.33) (0, -3.33) (0, -3.33) (0, -3.33) (0, -3.31)
 (0, -3.3 ) (0, -3.29) (0, -3.28) (0, -3.26) (0, -3.24) (0, -3.24)
 (0, -3.24) (0, -3.22) (0, -3.22) (0, -3.2 ) (0, -3.2 ) (0, -3.2 )
 (0, -3.19) (0, -3.19) (0, -3.19) (0, -3.18) (0, -3.18) (0, -3.17)
 (0, -3.17) (0, -3.16) (0, -3.15) (0, -3.15) (0, -3.14) (0, -3.13)
 (0, -3.13) (0, -3.12) (0, -3.1 ) (0, -3.1 ) (0, -3.09) (0, -3.05)
 (0, -3.05) (0, -3.05) (0, -3.05) (0, -3.05) (0, -3.04) (0, -3.04)
 (0, -3.04) (0, -3.03) (0, -3.03) (0, -3.03) (0, -3.02) (0, -3.02)
 (0, -3.01) (0, -3.01) (0, -2.99) (0, -2.99) (0, -2.99) (0, -2.99)
 (0, -2.98) (0, -2.96) (0, -2.95) (0, -2.94) (0, -2.93) (0, -2.93)
 (0, -2.93) (0, -2.91) (0, -2.91) (0, -2.91) (0, -2.89) (0, -2.87)
 (0, -2.86) (0, -2.86) (0, -2.86) (0, -2.85) (0, -2.84) (0, -2.84)
 (0, -2.82) (0, -2.81) (0, -2.81) (0, -2.8 ) (0, -2.8 ) (0, -2.77)
 (0, -2.77) (0, -2.76) (0, -2.76) (0, -2.74) (0, -2.74) (0, -2.7 )
 (0, -2.69) (0, -2.69) (0, -2.69) (0, -2.69) (0, -2.68) (0, -2.68)
 (0, -2.67) (0, -2.67) (0, -2.65) (0, -2.65) (0, -2.63) (0, -2.63)
 (0, -2.63) (0, -2.62) (0, -2.61) (0, -2.61) (0, -2.6 ) (0, -2.58)
 (0, -2.56) (0, -2.56) (0, -2.55) (0, -2.55) (0, -2.55) (0, -2.55)
 (0, -2.55) (0, -2.54) (0, -2.54) (0, -2.54) (0, -2.54) (0, -2.53)
 (0, -2.52) (0, -2.51) (0, -2.5 ) (0, -2.49) (0, -2.49) (0, -2.47)
 (0, -2.47) (0, -2.47) (0, -2.45) (0, -2.45) (0, -2.45) (0, -2.45)
 (0, -2.44) (0, -2.44) (0, -2.44) (0, -2.42) (0, -2.39) (0, -2.39)
 (0, -2.38) (0, -2.38) (0, -2.38) (0, -2.37) (0, -2.37) (0, -2.37)
 (0, -2.35) (0, -2.35) (0, -2.34) (0, -2.34) (0, -2.34) (0, -2.34)
 (0, -2.34) (0, -2.32) (0, -2.32) (0, -2.31) (0, -2.31) (0, -2.29)
 (0, -2.29) (0, -2.29) (0, -2.28) (0, -2.26) (0, -2.26) (0, -2.25)
 (0, -2.24) (0, -2.24) (1, -2.19) (1, -2.19) (1, -2.18) (1, -2.17)
 (1, -2.17) (1, -2.16) (1, -2.15) (1, -2.15) (1, -2.15) (1, -2.15)
 (1, -2.12) (1, -2.12) (1, -2.1 ) (1, -2.09) (1, -2.08) (1, -2.08)
 (1, -2.08) (1, -2.05) (1, -2.04) (1, -2.04) (1, -2.02) (1, -2.02)
 (1, -2.02) (1, -2.  ) (1, -2.  ) (1, -2.  ) (1, -1.99) (1, -1.99)
 (1, -1.99) (1, -1.97) (1, -1.95) (1, -1.95) (1, -1.95) (1, -1.94)
 (1, -1.93) (1, -1.93) (1, -1.92) (1, -1.92) (1, -1.92) (1, -1.92)
 (1, -1.91) (1, -1.91) (1, -1.9 ) (1, -1.85) (1, -1.84) (1, -1.83)
 (1, -1.83) (1, -1.83) (1, -1.82) (1, -1.81) (1, -1.81) (1, -1.8 )
 (1, -1.79) (1, -1.79) (1, -1.76) (1, -1.76) (1, -1.74) (1, -1.74)
 (1, -1.74) (1, -1.73) (1, -1.73) (1, -1.72) (1, -1.72) (1, -1.72)
 (1, -1.71) (1, -1.7 ) (1, -1.68) (1, -1.68) (1, -1.68) (1, -1.67)
 (1, -1.67) (1, -1.64) (1, -1.64) (1, -1.64) (1, -1.63) (1, -1.61)
 (1, -1.6 ) (1, -1.6 ) (1, -1.6 ) (1, -1.59) (1, -1.57) (1, -1.57)
 (1, -1.55) (1, -1.55) (1, -1.55) (1, -1.55) (1, -1.55) (1, -1.51)
 (1, -1.5 ) (1, -1.49) (1, -1.49) (1, -1.47) (1, -1.47) (1, -1.46)
 (1, -1.46) (1, -1.46) (1, -1.45) (1, -1.44) (1, -1.44) (1, -1.43)
 (1, -1.41) (1, -1.4 ) (1, -1.37) (1, -1.37) (1, -1.37) (1, -1.37)
 (1, -1.36) (1, -1.36) (1, -1.36) (1, -1.36) (1, -1.35) (1, -1.35)
 (1, -1.35) (1, -1.33) (1, -1.31) (1, -1.3 ) (1, -1.28) (1, -1.26)
 (1, -1.22) (1, -1.21) (1, -1.17) (1, -1.16) (1, -1.16) (1, -1.16)
 (1, -1.13) (1, -1.12) (1, -1.12) (1, -1.1 ) (1, -1.09) (1, -1.09)
 (1, -1.08) (1, -1.08) (1, -1.07) (1, -1.07) (1, -1.07) (1, -1.06)
 (1, -1.05) (1, -1.05) (1, -1.04) (1, -1.01) (1, -1.  ) (1, -0.98)
 (1, -0.97) (1, -0.96) (1, -0.96) (1, -0.96) (1, -0.94) (1, -0.93)
 (1, -0.92) (1, -0.92) (1, -0.92) (1, -0.89) (1, -0.88) (1, -0.85)
 (1, -0.84) (1, -0.84) (1, -0.84) (1, -0.82) (1, -0.82) (1, -0.82)
 (1, -0.81) (1, -0.8 ) (1, -0.8 ) (1, -0.79) (1, -0.79) (1, -0.76)
 (1, -0.76) (1, -0.76) (1, -0.75) (1, -0.74) (1, -0.74) (1, -0.73)
 (1, -0.73) (1, -0.71) (1, -0.71) (1, -0.7 ) (1, -0.68) (1, -0.67)
 (1, -0.67) (1, -0.67) (1, -0.67) (1, -0.65) (1, -0.65) (1, -0.64)
 (1, -0.63) (1, -0.63) (1, -0.63) (1, -0.6 ) (1, -0.6 ) (1, -0.59)
 (1, -0.58) (1, -0.58) (1, -0.58) (1, -0.58) (1, -0.58) (1, -0.58)
 (1, -0.57) (1, -0.57) (1, -0.55) (1, -0.54) (1, -0.53) (1, -0.53)
 (1, -0.53) (1, -0.53) (1, -0.52) (1, -0.52) (1, -0.52) (1, -0.52)
 (1, -0.51) (1, -0.5 ) (1, -0.5 ) (1, -0.49) (1, -0.49) (1, -0.49)
 (1, -0.49) (1, -0.47) (1, -0.47) (1, -0.47) (1, -0.47) (1, -0.46)
 (1, -0.45) (1, -0.45) (1, -0.43) (1, -0.43) (1, -0.42) (1, -0.41)
 (1, -0.41) (1, -0.4 ) (1, -0.4 ) (1, -0.38) (1, -0.37) (1, -0.34)
 (1, -0.34) (1, -0.33) (1, -0.31) (1, -0.29) (1, -0.29) (1, -0.27)
 (1, -0.26) (1, -0.26) (1, -0.25) (1, -0.25) (1, -0.22) (1, -0.21)
 (1, -0.2 ) (1, -0.2 ) (1, -0.19) (1, -0.18) (1, -0.17) (1, -0.17)
 (1, -0.16) (1, -0.16) (1, -0.16) (1, -0.14) (1, -0.14) (1, -0.14)
 (1, -0.13) (1, -0.12) (1, -0.12) (1, -0.12) (1, -0.1 ) (1, -0.1 )
 (1, -0.09) (1, -0.09) (1, -0.09) (1, -0.08) (1, -0.08) (1, -0.08)
 (1, -0.06) (1, -0.06) (1, -0.05) (1, -0.04) (1, -0.03) (1, -0.02)
 (1, -0.01) (1, -0.  ) (1,  0.01) (1,  0.02) (1,  0.03) (1,  0.04)
 (1,  0.04) (1,  0.04) (1,  0.05) (1,  0.05) (1,  0.05) (1,  0.06)
 (1,  0.06) (1,  0.08) (1,  0.08) (1,  0.08) (1,  0.09) (1,  0.09)
 (1,  0.1 ) (1,  0.12) (1,  0.12) (1,  0.14) (1,  0.15) (1,  0.18)
 (1,  0.19) (1,  0.2 ) (1,  0.2 ) (1,  0.2 ) (1,  0.2 ) (1,  0.21)
 (1,  0.22) (1,  0.23) (1,  0.25) (1,  0.25) (1,  0.26) (1,  0.27)
 (1,  0.28) (1,  0.28) (1,  0.28) (1,  0.3 ) (1,  0.33) (1,  0.34)
 (1,  0.35) (1,  0.36) (1,  0.36) (1,  0.36) (1,  0.36) (1,  0.37)
 (1,  0.37) (1,  0.37) (1,  0.37) (1,  0.39) (1,  0.39) (1,  0.41)
 (1,  0.42) (1,  0.42) (1,  0.43) (1,  0.44) (1,  0.44) (1,  0.44)
 (1,  0.45) (1,  0.45) (1,  0.45) (1,  0.47) (1,  0.47) (1,  0.47)
 (1,  0.48) (1,  0.49) (1,  0.5 ) (1,  0.5 ) (1,  0.5 ) (1,  0.5 )
 (1,  0.5 ) (1,  0.51) (1,  0.54) (1,  0.55) (1,  0.56) (1,  0.56)
 (1,  0.56) (1,  0.59) (1,  0.6 ) (1,  0.61) (1,  0.62) (1,  0.63)
 (1,  0.63) (1,  0.66) (1,  0.67) (1,  0.68) (1,  0.69) (1,  0.7 )
 (1,  0.71) (1,  0.71) (1,  0.72) (1,  0.72) (1,  0.72) (1,  0.72)
 (1,  0.73) (1,  0.73) (1,  0.74) (1,  0.75) (1,  0.76) (1,  0.76)
 (1,  0.77) (1,  0.77) (1,  0.81) (1,  0.81) (1,  0.83) (1,  0.83)
 (1,  0.83) (1,  0.83) (1,  0.84) (1,  0.86) (1,  0.89) (1,  0.89)
 (1,  0.89) (1,  0.9 ) (1,  0.9 ) (1,  0.91) (1,  0.92) (1,  0.93)
 (1,  0.93) (1,  0.94) (1,  0.94) (1,  0.94) (1,  0.95) (1,  0.95)
 (1,  0.96) (1,  0.97) (1,  0.97) (1,  0.98) (1,  0.98) (1,  1.  )
 (1,  1.  ) (1,  1.01) (1,  1.01) (1,  1.03) (1,  1.04) (1,  1.04)
 (1,  1.06) (1,  1.08) (1,  1.09) (1,  1.1 ) (1,  1.12) (1,  1.14)
 (1,  1.14) (1,  1.14) (1,  1.15) (1,  1.15) (1,  1.15) (1,  1.15)
 (1,  1.16) (1,  1.18) (1,  1.2 ) (1,  1.21) (1,  1.21) (1,  1.22)
 (1,  1.24) (1,  1.25) (1,  1.25) (1,  1.25) (1,  1.27) (1,  1.29)
 (1,  1.29) (1,  1.29) (1,  1.33) (1,  1.34) (1,  1.34) (1,  1.34)
 (1,  1.36) (1,  1.37) (1,  1.38) (1,  1.39) (1,  1.39) (1,  1.41)
 (1,  1.41) (1,  1.42) (1,  1.42) (1,  1.44) (1,  1.45) (1,  1.46)
 (1,  1.47) (1,  1.48) (1,  1.49) (1,  1.5 ) (1,  1.5 ) (1,  1.5 )
 (1,  1.51) (1,  1.51) (1,  1.55) (1,  1.55) (1,  1.57) (1,  1.57)
 (1,  1.58) (1,  1.6 ) (1,  1.6 ) (1,  1.61) (1,  1.62) (1,  1.62)
 (1,  1.62) (1,  1.63) (1,  1.65) (1,  1.65) (1,  1.65) (1,  1.65)
 (1,  1.67) (1,  1.68) (1,  1.68) (1,  1.69) (1,  1.69) (1,  1.7 )
 (1,  1.71) (1,  1.73) (1,  1.73) (1,  1.74) (1,  1.74) (1,  1.75)
 (1,  1.76) (1,  1.77) (1,  1.77) (1,  1.78) (1,  1.78) (1,  1.78)
 (1,  1.8 ) (1,  1.81) (1,  1.82) (1,  1.83) (1,  1.84) (1,  1.84)
 (1,  1.85) (1,  1.85) (1,  1.85) (1,  1.86) (1,  1.88) (1,  1.88)
 (1,  1.88) (1,  1.89) (1,  1.9 ) (1,  1.9 ) (1,  1.9 ) (1,  1.9 )
 (1,  1.92) (1,  1.93) (1,  1.95) (1,  1.96) (1,  1.97) (1,  1.98)
 (1,  1.98) (1,  1.98) (1,  1.99) (1,  1.99) (1,  2.  ) (1,  2.02)
 (1,  2.02) (1,  2.03) (1,  2.03) (1,  2.04) (1,  2.05) (1,  2.06)
 (1,  2.06) (1,  2.07) (1,  2.08) (1,  2.08) (1,  2.08) (1,  2.09)
 (1,  2.11) (1,  2.12) (1,  2.13) (1,  2.14) (1,  2.14) (1,  2.16)
 (1,  2.18) (1,  2.18) (1,  2.19) (1,  2.22) (1,  2.22) (1,  2.25)
 (1,  2.27) (1,  2.27) (1,  2.27) (1,  2.28) (1,  2.28) (1,  2.28)
 (1,  2.29) (1,  2.29) (1,  2.3 ) (1,  2.3 ) (1,  2.32) (1,  2.32)
 (1,  2.36) (1,  2.36) (1,  2.36) (1,  2.37) (1,  2.37) (1,  2.41)
 (1,  2.41) (1,  2.41) (1,  2.41) (1,  2.42) (1,  2.42) (1,  2.43)
 (1,  2.47) (1,  2.48) (1,  2.49) (1,  2.49) (1,  2.49) (1,  2.5 )
 (1,  2.5 ) (1,  2.52) (1,  2.53) (1,  2.53) (1,  2.53) (1,  2.54)
 (1,  2.54) (1,  2.54) (1,  2.55) (1,  2.57) (1,  2.57) (1,  2.58)
 (1,  2.58) (1,  2.59) (1,  2.6 ) (1,  2.61) (1,  2.62) (1,  2.62)
 (1,  2.65) (1,  2.66) (1,  2.66) (1,  2.67) (1,  2.68) (1,  2.69)
 (1,  2.7 ) (1,  2.7 ) (1,  2.71) (1,  2.71) (1,  2.72) (1,  2.74)
 (1,  2.76) (1,  2.77) (1,  2.82) (1,  2.82) (1,  2.83) (1,  2.84)
 (1,  2.85) (1,  2.88) (1,  2.9 ) (1,  2.91) (1,  2.91) (1,  2.91)
 (1,  2.92) (1,  2.93) (1,  2.93) (1,  2.96) (1,  2.98) (1,  2.99)
 (1,  3.01) (1,  3.02) (1,  3.02) (1,  3.03) (1,  3.03) (1,  3.03)
 (1,  3.05) (1,  3.06) (1,  3.07) (1,  3.07) (1,  3.07) (1,  3.07)
 (1,  3.08) (1,  3.09) (1,  3.1 ) (1,  3.1 ) (1,  3.1 ) (1,  3.11)
 (1,  3.13) (1,  3.15) (1,  3.18) (1,  3.18) (1,  3.18) (1,  3.19)
 (1,  3.2 ) (1,  3.2 ) (1,  3.21) (1,  3.22) (1,  3.22) (1,  3.22)
 (1,  3.23) (1,  3.26) (1,  3.27) (1,  3.27) (1,  3.3 ) (1,  3.32)
 (1,  3.32) (1,  3.36) (1,  3.36) (1,  3.37) (1,  3.37) (1,  3.37)
 (1,  3.37) (1,  3.38) (1,  3.39) (1,  3.42) (1,  3.42) (1,  3.43)
 (1,  3.43) (1,  3.44) (1,  3.45) (1,  3.46) (1,  3.47) (1,  3.47)
 (1,  3.47) (1,  3.48) (1,  3.49) (1,  3.5 ) (1,  3.5 ) (1,  3.5 )
 (1,  3.51) (1,  3.51) (1,  3.52) (1,  3.54) (1,  3.54) (1,  3.54)
 (1,  3.56) (1,  3.57) (1,  3.57) (1,  3.58) (1,  3.6 ) (1,  3.6 )
 (1,  3.62) (1,  3.62) (1,  3.62) (1,  3.63) (1,  3.63) (1,  3.64)
 (1,  3.64) (1,  3.65) (1,  3.65) (1,  3.65) (1,  3.66) (1,  3.66)
 (1,  3.68) (1,  3.69) (1,  3.7 ) (1,  3.7 ) (1,  3.7 ) (1,  3.71)
 (1,  3.72) (1,  3.72) (1,  3.72) (1,  3.72) (1,  3.75) (1,  3.76)
 (1,  3.78) (1,  3.78) (1,  3.78) (1,  3.78) (1,  3.78) (1,  3.78)
 (1,  3.8 ) (1,  3.8 ) (1,  3.81) (1,  3.83) (1,  3.83) (1,  3.84)
 (1,  3.85) (1,  3.86) (1,  3.86) (1,  3.86) (1,  3.87) (1,  3.87)
 (1,  3.87) (1,  3.87) (1,  3.89) (2,  3.9 ) (3,  3.91) (4,  3.94)
 (5,  3.95) (5,  3.95) (6,  3.96) (7,  3.97) (8,  3.98) (8,  3.98)
 (8,  3.98) (9,  3.99) (9,  3.99) (9,  4.  )]


analyzing the results:
number of max cluster size: 10
number of actually used clusters: 10
min value of all elements: -3.99
max value of all elements: 4.0
mean of all elements: -0.08256
median of all elements: -0.12
standard deviation of all elements: 2.3230632463193936
variance of all elements: 5.3966228464
distribution of all clusters: [0 0 0 0 0 0 0 0 0 0 0 0 0 0 0 0 0 0 0 0 0 0 0 0 0 0 0 0 0 0 0 0 0 0 0 0 0
 0 0 0 0 0 0 0 0 0 0 0 0 0 0 0 0 0 0 0 0 0 0 0 0 0 0 0 0 0 0 0 0 0 0 0 0 0
 0 0 0 0 0 0 0 0 0 0 0 0 0 0 0 0 0 0 0 0 0 0 0 0 0 0 0 0 0 0 0 0 0 0 0 0 0
 0 0 0 0 0 0 0 0 0 0 0 0 0 0 0 0 0 0 0 0 0 0 0 0 0 0 0 0 0 0 0 0 0 0 0 0 0
 0 0 0 0 0 0 0 0 0 0 0 0 0 0 0 0 0 0 0 0 0 0 0 0 0 0 0 0 0 0 0 0 0 0 0 0 0
 0 0 0 0 0 0 0 0 0 0 0 0 0 0 0 0 0 0 0 0 0 0 0 0 0 0 0 0 0 0 0 0 0 0 0 0 0
 0 0 0 0 0 0 0 0 0 0 0 0 0 0 0 0 0 0 0 0 1 1 1 1 1 1 1 1 1 1 1 1 1 1 1 1 1
 1 1 1 1 1 1 1 1 1 1 1 1 1 1 1 1 1 1 1 1 1 1 1 1 1 1 1 1 1 1 1 1 1 1 1 1 1
 1 1 1 1 1 1 1 1 1 1 1 1 1 1 1 1 1 1 1 1 1 1 1 1 1 1 1 1 1 1 1 1 1 1 1 1 1
 1 1 1 1 1 1 1 1 1 1 1 1 1 1 1 1 1 1 1 1 1 1 1 1 1 1 1 1 1 1 1 1 1 1 1 1 1
 1 1 1 1 1 1 1 1 1 1 1 1 1 1 1 1 1 1 1 1 1 1 1 1 1 1 1 1 1 1 1 1 1 1 1 1 1
 1 1 1 1 1 1 1 1 1 1 1 1 1 1 1 1 1 1 1 1 1 1 1 1 1 1 1 1 1 1 1 1 1 1 1 1 1
 1 1 1 1 1 1 1 1 1 1 1 1 1 1 1 1 1 1 1 1 1 1 1 1 1 1 1 1 1 1 1 1 1 1 1 1 1
 1 1 1 1 1 1 1 1 1 1 1 1 1 1 1 1 1 1 1 1 1 1 1 1 1 1 1 1 1 1 1 1 1 1 1 1 1
 1 1 1 1 1 1 1 1 1 1 1 1 1 1 1 1 1 1 1 1 1 1 1 1 1 1 1 1 1 1 1 1 1 1 1 1 1
 1 1 1 1 1 1 1 1 1 1 1 1 1 1 1 1 1 1 1 1 1 1 1 1 1 1 1 1 1 1 1 1 1 1 1 1 1
 1 1 1 1 1 1 1 1 1 1 1 1 1 1 1 1 1 1 1 1 1 1 1 1 1 1 1 1 1 1 1 1 1 1 1 1 1
 1 1 1 1 1 1 1 1 1 1 1 1 1 1 1 1 1 1 1 1 1 1 1 1 1 1 1 1 1 1 1 1 1 1 1 1 1
 1 1 1 1 1 1 1 1 1 1 1 1 1 1 1 1 1 1 1 1 1 1 1 1 1 1 1 1 1 1 1 1 1 1 1 1 1
 1 1 1 1 1 1 1 1 1 1 1 1 1 1 1 1 1 1 1 1 1 1 1 1 1 1 1 1 1 1 1 1 1 1 1 1 1
 1 1 1 1 1 1 1 1 1 1 1 1 1 1 1 1 1 1 1 1 1 1 1 1 1 1 1 1 1 1 1 1 1 1 1 1 1
 1 1 1 1 1 1 1 1 1 1 1 1 1 1 1 1 1 1 1 1 1 1 1 1 1 1 1 1 1 1 1 1 1 1 1 1 1
 1 1 1 1 1 1 1 1 1 1 1 1 1 1 1 1 1 1 1 1 1 1 1 1 1 1 1 1 1 1 1 1 1 1 1 1 1
 1 1 1 1 1 1 1 1 1 1 1 1 1 1 1 1 1 1 1 1 1 1 1 1 1 1 1 1 1 1 1 1 1 1 1 1 1
 1 1 1 1 1 1 1 1 1 1 1 1 1 1 1 1 1 1 1 1 1 1 1 1 1 1 1 1 1 1 1 1 1 1 1 1 1
 1 1 1 1 1 1 1 1 1 1 1 1 1 1 1 1 1 1 1 1 1 1 1 1 1 1 1 1 1 1 1 1 1 1 1 1 1
 1 1 1 1 1 1 1 1 1 1 1 1 1 1 1 1 1 1 1 1 1 1 1 1 1 2 3 4 5 5 6 7 8 8 8 9 9
 9]

cluster #0: 	sum elements:242  	min value: -3.99 	max value: -2.24 	mean: -3.1 	std deviation: 0.518 	median: -3.05
cluster #0 homoscedasticity given with ratio = 1.070984315846404
cluster #1: 	sum elements:745  	min value: -2.19 	max value: 3.89 	mean: 0.8 	std deviation: 1.766 	median: 0.74
cluster #1 homoscedasticity given with ratio = 1.0680081878278764
cluster #2: 	sum elements:1  	min value: 3.9 	max value: 3.9 	mean: 3.9 	std deviation: 0 	median: 3.9
cluster #2 homoscedasticity given with ratio = 0
cluster #3: 	sum elements:1  	min value: 3.91 	max value: 3.91 	mean: 3.9 	std deviation: 0 	median: 3.91
cluster #3 homoscedasticity given with ratio = 0
cluster #4: 	sum elements:1  	min value: 3.94 	max value: 3.94 	mean: 3.9 	std deviation: 0 	median: 3.94
cluster #4 homoscedasticity given with ratio = 0
cluster #5: 	sum elements:2  	min value: 3.95 	max value: 3.95 	mean: 4.0 	std deviation: 0.0 	median: 3.95
cluster #5 homoscedasticity given with ratio = 0
cluster #6: 	sum elements:1  	min value: 3.96 	max value: 3.96 	mean: 4.0 	std deviation: 0 	median: 3.96
cluster #6 homoscedasticity given with ratio = 0
cluster #7: 	sum elements:1  	min value: 3.97 	max value: 3.97 	mean: 4.0 	std deviation: 0 	median: 3.97
cluster #7 homoscedasticity given with ratio = 0
cluster #8: 	sum elements:3  	min value: 3.98 	max value: 3.98 	mean: 4.0 	std deviation: 0.0 	median: 3.98
cluster #8 homoscedasticity given with ratio = 0
cluster #9: 	sum elements:3  	min value: 3.99 	max value: 4.0 	mean: 4.0 	std deviation: 0.005 	median: 3.99
cluster #9 homoscedasticity NOT given with ratio = -1
homoscedasticity given for 9 of 10 used clusters

number of elements: 1000

score even distribution (SED) MAX: 3.25e+06
score even distribution (SED) MAX: 3245220.0
SED number of digits: 7

number of used clusters (NUC) MAX: 1.0

sum cluster standard deviation (SCSD) MIN: 3.386176534011657
sum cluster standard deviation (SCSD) MIN: 3.39e+00

ratio between SED and SCSD MAX: 9.58e+05
ratio between SED and SCSD MAX: 958373.0
ratio between SED and SCSD digits MAX: 6
SUM: NUC(MAX): 1.0	 SED(MAX): 3.25e+06	 SCSD(MIN): 3.39e+00	 SED_SCSD(MAX): 9.58e+05

Mean Silhouette Coefficient of all clusters (MAX): 0.17
(best value is 1 and the worst value is -1. Values near 0 indicate overlapping clusters)

Davies-Bouldin score (MIN): 0.49
(The minimum score is zero, with lower values indicating better clustering.)
