starting algorithm at: 15:12:00.175045
[1] "[R] success: found onlayargument for clusters and trim"
[1] "[R] clusters:"
[1] 10
[1] "[R] trim-factor:"
[1] 0.1
[1] "[R] script finished"
[ 4.  0.  5.  9.  5.  0. 10.  6.  6.  1.  8.  6.  8.  4.  0.  3.  4.  1.
  5.  7.  8.  1.  7.  1.  1.  3.  0.  3.  7.  9.  5. 10.  0.  2.  5.  5.
 10.  2.  1.  0.  3.  0.  0. 10.  9.  9.  6.  6.  5.  3.  8.  2.  9.  1.
  0.  6.  4.  0.  0.  2.  0.  7.  9.  2.  9.  8.  3.  2.  4.  0.  9. 10.
  8.  6.  3.  5.  2.  0.  1.  6.  2.  0.  9.  0.  0.  7.  4.  8.  1.  1.
  1.  8.  6.  9.  6.  0.  5.  9.  9.  3.  3.  8.  7.  3.  4.  9.  4.  6.
  9.  0.  6.  4.  1.  2.  4.  7.  4.  5. 10.  5.  6.  8.  3.  0.  5. 10.
  6.  9.  7.  0.  6.  3.  2.  7.  5.  0.  1. 10.  1.  5.  1. 10.  4.  8.
 10.  8.  8.  0.  9.  9.  4.  6.  4.  2.  6.  0.  2.  4.  7.  0.  8.  9.
  1.  0.  1.  5.  4.  0.  8.  9.  4.  0.  1.  4.  7. 10.  6.  4. 10.  5.
  2.  9.  8.  0.  0.  8.  8.  1.  4.  0.  6.  7. 10.  3.  3.  9.  9.  3.
  4.  0.  1.  4.  1.  4.  6.  3.  2.  9.  3.  4.  7.  1.  2.  2.  8.  2.
  0.  0.  2.  7.  1.  0.  5.  7.  6.  3.  6.  4. 10.  2.  4. 10.  9.  0.
  1.  7.  7.  6.  6.  0.  8.  5.  3.  1.  3.  4.  8.  4.  3.  2.  4.  2.
  2.  5.  9. 10.  9.  4.  7.  5. 10.  6.  4.  8.  4.  9.  8.  5.  4.  9.
  4.  8.  9.  6.  4.  1.  5.  8. 10.  3.  8.  8.  1.  1.  2. 10.  3.  9.
  3.  7.  3.  8.  5.  3.  2.  7.  1.  9.  2. 10.  2.  1.  8.  8.  1.  1.
  4.  4. 10.  2.  4.  6.  0.  6. 10.  1.  9.  6.  8.  4.  2.  7.  6.  5.
 10.  0.  6.  2.  9.  0.  4.  5. 10.  7.  6.  5.  9. 10.  5.  8.  4.  7.
  5.  5.  4.  3.  4.  9.  4.  4.  8.  2.  2. 10.  7.  9. 10.  1.  6.  4.
 10.  8.  6.  8.  9. 10.  1.  8.  7.  6.  0.  4.  8.  9. 10.  9.  4. 10.
  7.  5.  6. 10.  1.  7. 10.  9.  4.  7. 10.  5.  7.  9.  4.  9.  5.  3.
  0.  7.  3.  8.  2.  2.  6.  8.  6.  4.  7. 10.  5.  6.  4.  0.  3.  0.
  0.  0.  6.  5.  9.  4.  8.  5. 10.  1.  9.  0.  8.  5. 10.  7.  6.  5.
  9.  8.  5.  4. 10.  9.  4.  8.  0.  4.  9.  6.  0.  4.  9.  0.  9.  1.
  4.  8.  4.  5.  7.  9.  2.  9.  0.  5.  6.  8.  5.  7.  5.  5.  9.  0.
  4.  5.  7. 10. 10.  0.  6.  9.  0.  7.  4.  4.  5.  5.  6.  9.  8.  5.
  7.  4.  4.  6. 10.  9.  0.  5.  5.  7.  6.  4. 10.  0.  9. 10.  6.  6.
  0.  2.  9.  8.  1.  4.  0.  4.  2.  7.  6.  0. 10.  1.  9.  2.  6.  2.
  6.  4.  5.  3.  6.  4. 10.  4.  6.  8.  9. 10.  8.  9.  9.  5.  8.  5.
  8.  8.  7.  5.  0.  1.  2. 10.  3.  2.  3.  9.  8.  9.  9. 10.  4.  9.
  7.  7.  1.  1.  5.  2.  0.  5.  1. 10.  2.  5.  3.  4.  4.  4.  5.  2.
  9.  8.  9.  2.  7.  8.  1.  7.  0. 10.  4.  4.  3.  4.  9.  8.  9.  8.
 10.  1.  2.  8.  0. 10.  8.  4. 10.  9.  0.  3.  0.  8.  1.  3.  5.  5.
  9.  8. 10.  8.  4.  8.  1.  9.  8.  6. 10.  0. 10.  6.  8.  7.  1.  9.
 10.  6.  1.  5.  5.  7.  9. 10.  7.  6. 10.  0.  0.  8.  9.  6.  2.  9.
  9.  5.  8. 10.  7.  7.  7.  8. 10. 10.  1.  8.  3.  9.  4.  3.  5.  7.
  5.  4.  1.  0.  0.  5.  4.  3.  9.  8.  1.  6.  6.  4.  5.  8.  3.  9.
  8.  8.  9.  0.  4.  0.  4.  5.  3.  9.  6.  9.  5.  1.  0.  2.  2.  7.
  4.  5.  5.  9.  1.  5.  2.  9.  8.  9.  5. 10.  1.  8. 10.  6.  5.  0.
  7.  8.  0.  6. 10.  0.  7.  4.  6.  2.  3. 10.  3.  0.  8. 10.  1.  7.
  5. 10.  4.  0. 10.  9. 10.  9.  8. 10.  8.  5.  3.  9.  9.  8. 10.  7.
  4.  9.  4.  6.  8.  6.  4.  5.  6.  8.  1.  7. 10. 10.  1. 10.  1.  8.
  4.  0.  8. 10. 10.  6.  6.  8.  9. 10.  0.  8.  1.  9. 10.  0.  8.  2.
  2.  4.  9.  9.  1.  9.  2.  7.  7.  3.  3. 10.  6.  6.  6.  4.  7.  1.
 10.  0.  4.  7.  3.  0.  6.  6.  0.  6.  9.  0.  9.  2.  9. 10. 10.  8.
  2.  6.  8.  2.  9.  6.  3.  1.  8.  4.  7.  6.  8.  4. 10.  6.  9.  8.
  7.  8.  3.  3.  3.  0.  1.  1.  2.  5.  5.  0.  5.  4.  3.  9.  5.  8.
  4.  7.  8.  2.  1.  5.  9.  4.  8.  7.  0.  9. 10. 10. 10.  8.  8. 10.
  9. 10.  8.  9.  8.  7.  7.  4.  2.  7.  0. 10.  0.  7.  8.  8.  4.  6.
  6.  9.  4. 10.  6.  1.  2.  0.  3. 10.  6.  7.  9.  0.  8.  2.  6.  4.
  5.  6.  3.  8.  3.  0.  8.  1. 10.  8.  1.  8.  6.  0.  4.  9.  3.  5.
  7.  4.  8.  8.  3.  9.  9.  8.  3.  7.  7.  6.  0.  1. 10.  4.  7.  3.
  7.  2.  3.  9.  4.  4.  6. 10.  4.  0.  6.  6.  9.  4.  4.  6.  9.  8.
  6.  0.  5. 10.  8.  0. 10.  1.  4. 10.  9.  6.  7.  0.  8.  5.  5.  7.
  1.  7.  0. 10.  7. 10.  4.  0.  6.  6.]
finishing algorithm at: 15:13:47.476252

running time of algorithm: 0:01:47.301207


frquencies result
[( 4,  0.73) ( 0,  0.99) ( 5, -0.09) ( 9,  0.08) ( 5, -0.25) ( 0,  1.05)
 (10, -1.44) ( 6,  1.31) ( 6,  1.22) ( 1,  1.63) ( 8,  0.33) ( 6,  1.26)
 ( 8,  0.53) ( 4,  0.63) ( 0,  0.93) ( 3,  1.93) ( 4,  0.61) ( 1,  1.59)
 ( 5, -0.17) ( 7, -0.51) ( 8,  0.46) ( 1,  1.54) ( 7, -0.62) ( 1,  1.49)
 ( 1,  1.52) ( 3,  1.96) ( 0,  0.97) ( 3,  1.77) ( 7, -0.46) ( 9,  0.04)
 ( 5, -0.14) (10, -1.18) ( 0,  0.92) ( 2, -0.87) ( 5, -0.17) ( 5, -0.09)
 (10,  3.19) ( 2, -1.07) ( 1,  1.63) ( 0,  1.08) ( 3,  1.83) ( 0,  1.03)
 ( 0,  1.03) (10,  2.38) ( 9,  0.07) ( 9,  0.19) ( 6,  1.31) ( 6,  1.24)
 ( 5, -0.26) ( 3,  1.81) ( 8,  0.4 ) ( 2, -0.8 ) ( 9,  0.08) ( 1,  1.64)
 ( 0,  1.  ) ( 6,  1.17) ( 4,  0.7 ) ( 0,  1.  ) ( 0,  1.08) ( 2, -0.99)
 ( 0,  1.08) ( 7, -0.45) ( 9, -0.  ) ( 2, -0.9 ) ( 9,  0.03) ( 8,  0.34)
 ( 3,  2.02) ( 2, -0.91) ( 4,  0.81) ( 0,  0.89) ( 9,  0.  ) (10,  2.15)
 ( 8,  0.45) ( 6,  1.23) ( 3,  2.09) ( 5, -0.28) ( 2, -0.82) ( 0,  1.1 )
 ( 1,  1.66) ( 6,  1.22) ( 2, -0.74) ( 0,  0.86) ( 9,  0.16) ( 0,  1.05)
 ( 0,  0.96) ( 7, -0.63) ( 4,  0.81) ( 8,  0.47) ( 1,  1.66) ( 1,  1.71)
 ( 1,  1.52) ( 8,  0.38) ( 6,  1.4 ) ( 9,  0.11) ( 6,  1.13) ( 0,  1.12)
 ( 5, -0.06) ( 9,  0.05) ( 9,  0.06) ( 3,  1.79) ( 3,  1.82) ( 8,  0.33)
 ( 7, -0.47) ( 3,  1.78) ( 4,  0.68) ( 9,  0.18) ( 4,  0.65) ( 6,  1.33)
 ( 9,  0.2 ) ( 0,  0.95) ( 6,  1.37) ( 4,  0.8 ) ( 1,  1.47) ( 2, -1.  )
 ( 4,  0.64) ( 7, -0.41) ( 4,  0.63) ( 5, -0.28) (10, -1.59) ( 5, -0.31)
 ( 6,  1.33) ( 8,  0.31) ( 3,  2.01) ( 0,  0.91) ( 5, -0.17) (10, -1.35)
 ( 6,  1.14) ( 9,  0.02) ( 7, -0.67) ( 0,  1.02) ( 6,  1.26) ( 3,  2.05)
 ( 2, -0.84) ( 7, -0.59) ( 5, -0.19) ( 0,  1.03) ( 1,  1.62) (10, -1.21)
 ( 1,  1.5 ) ( 5, -0.2 ) ( 1,  1.57) (10, -1.5 ) ( 4,  0.83) ( 8,  0.26)
 (10,  2.24) ( 8,  0.46) ( 8,  0.42) ( 0,  0.95) ( 9,  0.19) ( 9,  0.08)
 ( 4,  0.84) ( 6,  1.31) ( 4,  0.82) ( 2, -0.8 ) ( 6,  1.18) ( 0,  0.94)
 ( 2, -0.79) ( 4,  0.75) ( 7, -0.52) ( 0,  1.06) ( 8,  0.51) ( 9,  0.19)
 ( 1,  1.65) ( 0,  1.11) ( 1,  1.61) ( 5, -0.12) ( 4,  0.65) ( 0,  0.89)
 ( 8,  0.33) ( 9,  0.15) ( 4,  0.67) ( 0,  1.07) ( 1,  1.72) ( 4,  0.64)
 ( 7, -0.68) (10,  2.31) ( 6,  1.15) ( 4,  0.73) (10, -1.14) ( 5, -0.21)
 ( 2, -0.96) ( 9,  0.14) ( 8,  0.33) ( 0,  0.86) ( 0,  0.86) ( 8,  0.38)
 ( 8,  0.3 ) ( 1,  1.5 ) ( 4,  0.75) ( 0,  0.99) ( 6,  1.3 ) ( 7, -0.41)
 (10,  2.28) ( 3,  2.08) ( 3,  1.99) ( 9,  0.14) ( 9,  0.2 ) ( 3,  1.91)
 ( 4,  0.84) ( 0,  0.95) ( 1,  1.43) ( 4,  0.74) ( 1,  1.62) ( 4,  0.74)
 ( 6,  1.35) ( 3,  2.  ) ( 2, -0.73) ( 9,  0.24) ( 3,  1.93) ( 4,  0.62)
 ( 7, -0.47) ( 1,  1.7 ) ( 2, -0.93) ( 2, -1.04) ( 8,  0.35) ( 2, -0.76)
 ( 0,  0.96) ( 0,  1.06) ( 2, -1.07) ( 7, -0.55) ( 1,  1.59) ( 0,  1.01)
 ( 5, -0.11) ( 7, -0.68) ( 6,  1.21) ( 3,  2.08) ( 6,  1.21) ( 4,  0.73)
 (10, -1.85) ( 2, -0.99) ( 4,  0.71) (10, -1.5 ) ( 9,  0.23) ( 0,  1.  )
 ( 1,  1.57) ( 7, -0.47) ( 7, -0.43) ( 6,  1.26) ( 6,  1.34) ( 0,  1.08)
 ( 8,  0.51) ( 5, -0.23) ( 3,  1.85) ( 1,  1.56) ( 3,  1.84) ( 4,  0.58)
 ( 8,  0.28) ( 4,  0.78) ( 3,  2.  ) ( 2, -0.74) ( 4,  0.82) ( 2, -1.  )
 ( 2, -0.92) ( 5, -0.25) ( 9,  0.12) (10,  2.37) ( 9,  0.02) ( 4,  0.83)
 ( 7, -0.64) ( 5, -0.23) (10, -1.75) ( 6,  1.22) ( 4,  0.82) ( 8,  0.3 )
 ( 4,  0.59) ( 9,  0.24) ( 8,  0.45) ( 5, -0.16) ( 4,  0.79) ( 9,  0.17)
 ( 4,  0.63) ( 8,  0.52) ( 9, -0.04) ( 6,  1.34) ( 4,  0.83) ( 1,  1.53)
 ( 5, -0.33) ( 8,  0.36) (10,  2.3 ) ( 3,  1.96) ( 8,  0.47) ( 8,  0.3 )
 ( 1,  1.68) ( 1,  1.57) ( 2, -0.81) (10, -1.66) ( 3,  1.95) ( 9,  0.02)
 ( 3,  1.8 ) ( 7, -0.41) ( 3,  1.89) ( 8,  0.54) ( 5, -0.09) ( 3,  1.91)
 ( 2, -0.86) ( 7, -0.54) ( 1,  1.57) ( 9,  0.23) ( 2, -0.82) (10,  2.36)
 ( 2, -0.97) ( 1,  1.48) ( 8,  0.49) ( 8,  0.38) ( 1,  1.46) ( 1,  1.63)
 ( 4,  0.7 ) ( 4,  0.71) (10, -1.63) ( 2, -0.87) ( 4,  0.68) ( 6,  1.34)
 ( 0,  1.02) ( 6,  1.16) (10,  2.15) ( 1,  1.44) ( 9, -0.04) ( 6,  1.41)
 ( 8,  0.38) ( 4,  0.78) ( 2, -0.94) ( 7, -0.47) ( 6,  1.34) ( 5, -0.06)
 (10, -1.63) ( 0,  0.93) ( 6,  1.39) ( 2, -1.06) ( 9,  0.  ) ( 0,  0.99)
 ( 4,  0.79) ( 5, -0.2 ) (10,  2.81) ( 7, -0.6 ) ( 6,  1.26) ( 5, -0.07)
 ( 9,  0.12) (10,  2.46) ( 5, -0.31) ( 8,  0.37) ( 4,  0.77) ( 7, -0.53)
 ( 5, -0.14) ( 5, -0.29) ( 4,  0.56) ( 3,  1.77) ( 4,  0.57) ( 9,  0.01)
 ( 4,  0.57) ( 4,  0.71) ( 8,  0.44) ( 2, -0.71) ( 2, -0.87) (10,  2.18)
 ( 7, -0.61) ( 9,  0.16) (10, -2.28) ( 1,  1.7 ) ( 6,  1.18) ( 4,  0.7 )
 (10, -1.12) ( 8,  0.29) ( 6,  1.3 ) ( 8,  0.35) ( 9,  0.15) (10,  2.39)
 ( 1,  1.55) ( 8,  0.48) ( 7, -0.37) ( 6,  1.24) ( 0,  1.11) ( 4,  0.74)
 ( 8,  0.28) ( 9,  0.03) (10, -1.38) ( 9,  0.07) ( 4,  0.7 ) (10, -1.68)
 ( 7, -0.5 ) ( 5, -0.3 ) ( 6,  1.34) (10, -1.6 ) ( 1,  1.63) ( 7, -0.63)
 (10, -1.71) ( 9,  0.25) ( 4,  0.73) ( 7, -0.44) (10, -1.11) ( 5, -0.09)
 ( 7, -0.68) ( 9,  0.16) ( 4,  0.6 ) ( 9,  0.19) ( 5, -0.21) ( 3,  2.08)
 ( 0,  0.95) ( 7, -0.44) ( 3,  2.03) ( 8,  0.34) ( 2, -0.74) ( 2, -0.89)
 ( 6,  1.24) ( 8,  0.51) ( 6,  1.36) ( 4,  0.71) ( 7, -0.42) (10, -1.26)
 ( 5, -0.28) ( 6,  1.18) ( 4,  0.71) ( 0,  0.96) ( 3,  2.09) ( 0,  0.88)
 ( 0,  0.9 ) ( 0,  1.02) ( 6,  1.35) ( 5, -0.28) ( 9,  0.12) ( 4,  0.6 )
 ( 8,  0.46) ( 5, -0.16) (10, -1.26) ( 1,  1.58) ( 9,  0.11) ( 0,  1.01)
 ( 8,  0.53) ( 5, -0.08) (10,  2.61) ( 7, -0.55) ( 6,  1.21) ( 5, -0.22)
 ( 9,  0.08) ( 8,  0.5 ) ( 5, -0.21) ( 4,  0.7 ) (10, -1.09) ( 9,  0.02)
 ( 4,  0.83) ( 8,  0.36) ( 0,  1.  ) ( 4,  0.7 ) ( 9, -0.02) ( 6,  1.41)
 ( 0,  0.87) ( 4,  0.77) ( 9,  0.25) ( 0,  0.89) ( 9,  0.23) ( 1,  1.52)
 ( 4,  0.81) ( 8,  0.49) ( 4,  0.73) ( 5, -0.32) ( 7, -0.48) ( 9,  0.02)
 ( 2, -0.93) ( 9,  0.04) ( 0,  0.85) ( 5, -0.22) ( 6,  1.26) ( 8,  0.54)
 ( 5, -0.05) ( 7, -0.41) ( 5, -0.13) ( 5, -0.24) ( 9,  0.11) ( 0,  1.1 )
 ( 4,  0.64) ( 5, -0.22) ( 7, -0.41) (10,  2.1 ) (10, -1.09) ( 0,  1.03)
 ( 6,  1.13) ( 9,  0.04) ( 0,  0.99) ( 7, -0.63) ( 4,  0.62) ( 4,  0.82)
 ( 5, -0.34) ( 5, -0.35) ( 6,  1.16) ( 9,  0.2 ) ( 8,  0.34) ( 5, -0.18)
 ( 7, -0.64) ( 4,  0.77) ( 4,  0.57) ( 6,  1.21) (10, -2.13) ( 9, -0.02)
 ( 0,  1.05) ( 5, -0.23) ( 5, -0.2 ) ( 7, -0.49) ( 6,  1.16) ( 4,  0.59)
 (10, -1.15) ( 0,  0.94) ( 9,  0.05) (10, -2.13) ( 6,  1.14) ( 6,  1.23)
 ( 0,  1.06) ( 2, -0.7 ) ( 9,  0.13) ( 8,  0.4 ) ( 1,  1.6 ) ( 4,  0.65)
 ( 0,  1.05) ( 4,  0.81) ( 2, -1.06) ( 7, -0.42) ( 6,  1.14) ( 0,  1.03)
 (10,  3.1 ) ( 1,  1.6 ) ( 9,  0.02) ( 2, -0.92) ( 6,  1.39) ( 2, -0.73)
 ( 6,  1.33) ( 4,  0.56) ( 5, -0.2 ) ( 3,  1.79) ( 6,  1.4 ) ( 4,  0.69)
 (10,  2.73) ( 4,  0.59) ( 6,  1.23) ( 8,  0.53) ( 9,  0.17) (10, -1.42)
 ( 8,  0.52) ( 9,  0.24) ( 9,  0.  ) ( 5, -0.18) ( 8,  0.41) ( 5, -0.17)
 ( 8,  0.48) ( 8,  0.41) ( 7, -0.47) ( 5, -0.22) ( 0,  1.12) ( 1,  1.57)
 ( 2, -0.85) (10,  2.37) ( 3,  1.82) ( 2, -0.8 ) ( 3,  1.86) ( 9,  0.08)
 ( 8,  0.53) ( 9,  0.21) ( 9,  0.01) (10, -1.4 ) ( 4,  0.73) ( 9,  0.21)
 ( 7, -0.58) ( 7, -0.5 ) ( 1,  1.67) ( 1,  1.69) ( 5, -0.34) ( 2, -0.83)
 ( 0,  1.08) ( 5, -0.24) ( 1,  1.49) (10, -1.51) ( 2, -0.79) ( 5, -0.2 )
 ( 3,  1.82) ( 4,  0.66) ( 4,  0.63) ( 4,  0.78) ( 5, -0.33) ( 2, -0.91)
 ( 9,  0.06) ( 8,  0.44) ( 9, -0.01) ( 2, -1.01) ( 7, -0.55) ( 8,  0.5 )
 ( 1,  1.69) ( 7, -0.62) ( 0,  0.85) (10, -1.57) ( 4,  0.77) ( 4,  0.56)
 ( 3,  1.97) ( 4,  0.56) ( 9,  0.19) ( 8,  0.47) ( 9,  0.17) ( 8,  0.35)
 (10,  2.18) ( 1,  1.46) ( 2, -0.8 ) ( 8,  0.46) ( 0,  1.01) (10, -1.19)
 ( 8,  0.41) ( 4,  0.56) (10,  2.35) ( 9,  0.22) ( 0,  1.09) ( 3,  1.79)
 ( 0,  0.85) ( 8,  0.5 ) ( 1,  1.64) ( 3,  1.76) ( 5, -0.21) ( 5, -0.06)
 ( 9,  0.19) ( 8,  0.33) (10, -1.15) ( 8,  0.34) ( 4,  0.58) ( 8,  0.42)
 ( 1,  1.54) ( 9,  0.19) ( 8,  0.54) ( 6,  1.17) (10,  3.22) ( 0,  0.95)
 (10, -1.47) ( 6,  1.19) ( 8,  0.39) ( 7, -0.41) ( 1,  1.67) ( 9,  0.02)
 (10,  2.71) ( 6,  1.21) ( 1,  1.48) ( 5, -0.21) ( 5, -0.23) ( 7, -0.45)
 ( 9, -0.02) (10, -1.15) ( 7, -0.57) ( 6,  1.39) (10,  2.3 ) ( 0,  0.98)
 ( 0,  1.03) ( 8,  0.26) ( 9,  0.14) ( 6,  1.24) ( 2, -0.8 ) ( 9,  0.18)
 ( 9,  0.01) ( 5, -0.19) ( 8,  0.42) (10, -1.74) ( 7, -0.53) ( 7, -0.4 )
 ( 7, -0.51) ( 8,  0.31) (10, -1.61) (10,  2.1 ) ( 1,  1.51) ( 8,  0.49)
 ( 3,  1.88) ( 9,  0.13) ( 4,  0.62) ( 3,  1.94) ( 5, -0.21) ( 7, -0.37)
 ( 5, -0.12) ( 4,  0.57) ( 1,  1.7 ) ( 0,  1.  ) ( 0,  1.  ) ( 5, -0.22)
 ( 4,  0.72) ( 3,  1.94) ( 9,  0.24) ( 8,  0.31) ( 1,  1.54) ( 6,  1.36)
 ( 6,  1.24) ( 4,  0.76) ( 5, -0.23) ( 8,  0.41) ( 3,  1.92) ( 9,  0.12)
 ( 8,  0.38) ( 8,  0.47) ( 9, -0.02) ( 0,  1.  ) ( 4,  0.63) ( 0,  1.01)
 ( 4,  0.65) ( 5, -0.26) ( 3,  1.75) ( 9, -0.02) ( 6,  1.36) ( 9,  0.09)
 ( 5, -0.11) ( 1,  1.53) ( 0,  1.04) ( 2, -0.94) ( 2, -0.78) ( 7, -0.36)
 ( 4,  0.75) ( 5, -0.19) ( 5, -0.31) ( 9,  0.04) ( 1,  1.52) ( 5, -0.14)
 ( 2, -1.  ) ( 9,  0.05) ( 8,  0.29) ( 9,  0.2 ) ( 5, -0.07) (10,  3.19)
 ( 1,  1.49) ( 8,  0.41) (10, -1.14) ( 6,  1.19) ( 5, -0.29) ( 0,  1.  )
 ( 7, -0.37) ( 8,  0.55) ( 0,  1.09) ( 6,  1.27) (10, -1.46) ( 0,  0.88)
 ( 7, -0.49) ( 4,  0.82) ( 6,  1.17) ( 2, -0.83) ( 3,  1.97) (10, -1.31)
 ( 3,  1.91) ( 0,  0.97) ( 8,  0.43) (10,  2.24) ( 1,  1.73) ( 7, -0.43)
 ( 5, -0.17) (10, -2.38) ( 4,  0.83) ( 0,  0.9 ) (10,  2.53) ( 9, -0.01)
 (10,  2.6 ) ( 9,  0.25) ( 8,  0.47) (10, -1.14) ( 8,  0.48) ( 5, -0.09)
 ( 3,  1.77) ( 9,  0.17) ( 9,  0.19) ( 8,  0.36) (10, -1.47) ( 7, -0.57)
 ( 4,  0.56) ( 9,  0.03) ( 4,  0.61) ( 6,  1.19) ( 8,  0.47) ( 6,  1.2 )
 ( 4,  0.8 ) ( 5, -0.07) ( 6,  1.21) ( 8,  0.34) ( 1,  1.56) ( 7, -0.66)
 (10,  2.21) (10, -1.29) ( 1,  1.54) (10, -1.19) ( 1,  1.44) ( 8,  0.39)
 ( 4,  0.64) ( 0,  1.05) ( 8,  0.5 ) (10,  2.26) (10,  2.45) ( 6,  1.28)
 ( 6,  1.18) ( 8,  0.42) ( 9,  0.06) (10,  2.39) ( 0,  0.97) ( 8,  0.52)
 ( 1,  1.53) ( 9,  0.02) (10,  2.24) ( 0,  0.88) ( 8,  0.32) ( 2, -0.89)
 ( 2, -0.72) ( 4,  0.79) ( 9, -0.01) ( 9,  0.21) ( 1,  1.47) ( 9,  0.04)
 ( 2, -1.03) ( 7, -0.42) ( 7, -0.55) ( 3,  1.79) ( 3,  1.95) (10, -1.21)
 ( 6,  1.22) ( 6,  1.19) ( 6,  1.27) ( 4,  0.57) ( 7, -0.6 ) ( 1,  1.46)
 (10, -2.77) ( 0,  1.03) ( 4,  0.71) ( 7, -0.43) ( 3,  1.97) ( 0,  0.85)
 ( 6,  1.4 ) ( 6,  1.14) ( 0,  1.06) ( 6,  1.15) ( 9,  0.15) ( 0,  1.1 )
 ( 9,  0.02) ( 2, -0.79) ( 9,  0.09) (10,  2.39) (10,  2.47) ( 8,  0.42)
 ( 2, -0.78) ( 6,  1.14) ( 8,  0.29) ( 2, -0.96) ( 9,  0.24) ( 6,  1.24)
 ( 3,  1.78) ( 1,  1.71) ( 8,  0.27) ( 4,  0.57) ( 7, -0.46) ( 6,  1.29)
 ( 8,  0.39) ( 4,  0.64) (10, -1.42) ( 6,  1.15) ( 9,  0.17) ( 8,  0.37)
 ( 7, -0.46) ( 8,  0.36) ( 3,  2.  ) ( 3,  1.88) ( 3,  1.8 ) ( 0,  0.97)
 ( 1,  1.51) ( 1,  1.42) ( 2, -0.75) ( 5, -0.21) ( 5, -0.3 ) ( 0,  0.94)
 ( 5, -0.15) ( 4,  0.81) ( 3,  1.97) ( 9,  0.09) ( 5, -0.1 ) ( 8,  0.41)
 ( 4,  0.58) ( 7, -0.51) ( 8,  0.51) ( 2, -0.95) ( 1,  1.55) ( 5, -0.2 )
 ( 9,  0.21) ( 4,  0.75) ( 8,  0.38) ( 7, -0.63) ( 0,  0.89) ( 9,  0.23)
 (10, -1.28) (10,  2.54) (10, -1.86) ( 8,  0.29) ( 8,  0.3 ) (10,  2.12)
 ( 9,  0.16) (10, -1.57) ( 8,  0.43) ( 9,  0.12) ( 8,  0.34) ( 7, -0.41)
 ( 7, -0.69) ( 4,  0.61) ( 2, -0.82) ( 7, -0.41) ( 0,  1.1 ) (10, -1.18)
 ( 0,  1.12) ( 7, -0.38) ( 8,  0.29) ( 8,  0.45) ( 4,  0.72) ( 6,  1.29)
 ( 6,  1.14) ( 9,  0.21) ( 4,  0.81) (10,  4.53) ( 6,  1.31) ( 1,  1.42)
 ( 2, -0.73) ( 0,  0.92) ( 3,  1.77) (10,  2.14) ( 6,  1.18) ( 7, -0.37)
 ( 9,  0.03) ( 0,  0.92) ( 8,  0.37) ( 2, -0.96) ( 6,  1.14) ( 4,  0.83)
 ( 5, -0.32) ( 6,  1.2 ) ( 3,  1.79) ( 8,  0.36) ( 3,  1.9 ) ( 0,  0.89)
 ( 8,  0.31) ( 1,  1.54) (10, -2.08) ( 8,  0.36) ( 1,  1.43) ( 8,  0.5 )
 ( 6,  1.25) ( 0,  1.  ) ( 4,  0.77) ( 9, -0.04) ( 3,  1.87) ( 5, -0.16)
 ( 7, -0.38) ( 4,  0.6 ) ( 8,  0.37) ( 8,  0.5 ) ( 3,  1.91) ( 9,  0.22)
 ( 9,  0.04) ( 8,  0.29) ( 3,  1.77) ( 7, -0.63) ( 7, -0.66) ( 6,  1.14)
 ( 0,  1.04) ( 1,  1.64) (10, -1.59) ( 4,  0.7 ) ( 7, -0.63) ( 3,  1.87)
 ( 7, -0.6 ) ( 2, -1.06) ( 3,  1.83) ( 9,  0.07) ( 4,  0.78) ( 4,  0.59)
 ( 6,  1.25) (10,  3.36) ( 4,  0.61) ( 0,  0.94) ( 6,  1.34) ( 6,  1.31)
 ( 9, -0.  ) ( 4,  0.69) ( 4,  0.74) ( 6,  1.24) ( 9,  0.1 ) ( 8,  0.3 )
 ( 6,  1.26) ( 0,  0.91) ( 5, -0.13) (10, -1.14) ( 8,  0.28) ( 0,  0.85)
 (10,  2.22) ( 1,  1.68) ( 4,  0.83) (10,  2.39) ( 9,  0.04) ( 6,  1.25)
 ( 7, -0.6 ) ( 0,  1.09) ( 8,  0.53) ( 5, -0.29) ( 5, -0.25) ( 7, -0.49)
 ( 1,  1.64) ( 7, -0.4 ) ( 0,  1.03) (10, -1.66) ( 7, -0.5 ) (10,  2.38)
 ( 4,  0.72) ( 0,  1.08) ( 6,  1.34) ( 6,  1.2 )]

100 determined outlier frequencies:
[-1.44 -1.18  3.19  2.38  2.15 -1.59 -1.35 -1.21 -1.5   2.24  2.31 -1.14
  2.28 -1.85 -1.5   2.37 -1.75  2.3  -1.66  2.36 -1.63  2.15 -1.63  2.81
  2.46  2.18 -2.28 -1.12  2.39 -1.38 -1.68 -1.6  -1.71 -1.11 -1.26 -1.26
  2.61 -1.09  2.1  -1.09 -2.13 -1.15 -2.13  3.1   2.73 -1.42  2.37 -1.4
 -1.51 -1.57  2.18 -1.19  2.35 -1.15  3.22 -1.47  2.71 -1.15  2.3  -1.74
 -1.61  2.1   3.19 -1.14 -1.46 -1.31  2.24 -2.38  2.53  2.6  -1.14 -1.47
  2.21 -1.29 -1.19  2.26  2.45  2.39  2.24 -1.21 -2.77  2.39  2.47 -1.42
 -1.28  2.54 -1.86  2.12 -1.57 -1.18  4.53  2.14 -2.08 -1.59  3.36 -1.14
  2.22  2.39 -1.66  2.38]
analyze method without outliers


analyzing the results:
number of max cluster size: 10
number of actually used clusters: 10
min value of all elements: -1.07
max value of all elements: 2.09
mean of all elements: 0.5294333333333333
median of all elements: 0.53
standard deviation of all elements: 0.7824585264124583
variance of all elements: 0.6129223704115685
distribution of all clusters: [0 0 0 0 0 0 0 0 0 0 0 0 0 0 0 0 0 0 0 0 0 0 0 0 0 0 0 0 0 0 0 0 0 0 0 0 0
 0 0 0 0 0 0 0 0 0 0 0 0 0 0 0 0 0 0 0 0 0 0 0 0 0 0 0 0 0 0 0 0 0 0 0 0 0
 0 0 0 0 0 0 0 0 0 0 0 0 0 0 0 0 0 0 0 0 0 0 0 0 0 0 0 1 1 1 1 1 1 1 1 1 1
 1 1 1 1 1 1 1 1 1 1 1 1 1 1 1 1 1 1 1 1 1 1 1 1 1 1 1 1 1 1 1 1 1 1 1 1 1
 1 1 1 1 1 1 1 1 1 1 1 1 1 1 1 1 1 1 1 1 1 1 1 1 1 1 2 2 2 2 2 2 2 2 2 2 2
 2 2 2 2 2 2 2 2 2 2 2 2 2 2 2 2 2 2 2 2 2 2 2 2 2 2 2 2 2 2 2 2 2 2 2 2 2
 2 2 2 2 2 2 2 2 2 2 2 2 2 2 3 3 3 3 3 3 3 3 3 3 3 3 3 3 3 3 3 3 3 3 3 3 3
 3 3 3 3 3 3 3 3 3 3 3 3 3 3 3 3 3 3 3 3 3 3 3 3 3 3 3 3 3 3 3 3 3 3 3 3 3
 3 4 4 4 4 4 4 4 4 4 4 4 4 4 4 4 4 4 4 4 4 4 4 4 4 4 4 4 4 4 4 4 4 4 4 4 4
 4 4 4 4 4 4 4 4 4 4 4 4 4 4 4 4 4 4 4 4 4 4 4 4 4 4 4 4 4 4 4 4 4 4 4 4 4
 4 4 4 4 4 4 4 4 4 4 4 4 4 4 4 4 4 4 4 4 4 4 4 4 4 4 4 4 4 4 4 4 4 4 4 4 4
 4 4 4 4 5 5 5 5 5 5 5 5 5 5 5 5 5 5 5 5 5 5 5 5 5 5 5 5 5 5 5 5 5 5 5 5 5
 5 5 5 5 5 5 5 5 5 5 5 5 5 5 5 5 5 5 5 5 5 5 5 5 5 5 5 5 5 5 5 5 5 5 5 5 5
 5 5 5 5 5 5 5 5 5 5 5 5 5 5 5 5 6 6 6 6 6 6 6 6 6 6 6 6 6 6 6 6 6 6 6 6 6
 6 6 6 6 6 6 6 6 6 6 6 6 6 6 6 6 6 6 6 6 6 6 6 6 6 6 6 6 6 6 6 6 6 6 6 6 6
 6 6 6 6 6 6 6 6 6 6 6 6 6 6 6 6 6 6 6 6 6 6 6 6 6 6 6 6 6 6 6 6 6 6 6 6 6
 6 7 7 7 7 7 7 7 7 7 7 7 7 7 7 7 7 7 7 7 7 7 7 7 7 7 7 7 7 7 7 7 7 7 7 7 7
 7 7 7 7 7 7 7 7 7 7 7 7 7 7 7 7 7 7 7 7 7 7 7 7 7 7 7 7 7 7 7 7 7 7 7 7 7
 7 7 7 7 7 7 8 8 8 8 8 8 8 8 8 8 8 8 8 8 8 8 8 8 8 8 8 8 8 8 8 8 8 8 8 8 8
 8 8 8 8 8 8 8 8 8 8 8 8 8 8 8 8 8 8 8 8 8 8 8 8 8 8 8 8 8 8 8 8 8 8 8 8 8
 8 8 8 8 8 8 8 8 8 8 8 8 8 8 8 8 8 8 8 8 8 8 8 8 8 8 8 8 8 8 8 8 8 8 8 8 8
 8 8 8 8 8 8 8 8 9 9 9 9 9 9 9 9 9 9 9 9 9 9 9 9 9 9 9 9 9 9 9 9 9 9 9 9 9
 9 9 9 9 9 9 9 9 9 9 9 9 9 9 9 9 9 9 9 9 9 9 9 9 9 9 9 9 9 9 9 9 9 9 9 9 9
 9 9 9 9 9 9 9 9 9 9 9 9 9 9 9 9 9 9 9 9 9 9 9 9 9 9 9 9 9 9 9 9 9 9 9 9 9
 9 9 9 9 9 9 9 9 9 9 9 9]

cluster #0: 	sum elements:101  	min value: 0.85 	max value: 1.12 	mean: 1.0 	std deviation: 0.077 	median: 1.0
cluster #0 homoscedasticity NOT given with ratio = 1.5624999999999976
cluster #1: 	sum elements:73  	min value: 1.42 	max value: 1.73 	mean: 1.6 	std deviation: 0.085 	median: 1.57
cluster #1 homoscedasticity NOT given with ratio = 1.9171597633136164
cluster #2: 	sum elements:62  	min value: -1.07 	max value: -0.7 	mean: -0.9 	std deviation: 0.107 	median: -0.87
cluster #2 homoscedasticity given with ratio = 1.3840830449826993
cluster #3: 	sum elements:61  	min value: 1.75 	max value: 2.09 	mean: 1.9 	std deviation: 0.1 	median: 1.9
cluster #3 homoscedasticity NOT given with ratio = 1.6044444444444452
cluster #4: 	sum elements:114  	min value: 0.56 	max value: 0.84 	mean: 0.7 	std deviation: 0.088 	median: 0.71
cluster #4 homoscedasticity given with ratio = 1.0000000000000016
cluster #5: 	sum elements:86  	min value: -0.35 	max value: -0.05 	mean: -0.2 	std deviation: 0.079 	median: -0.20500000000000002
cluster #5 homoscedasticity given with ratio = 1.0000000000000007
cluster #6: 	sum elements:96  	min value: 1.13 	max value: 1.41 	mean: 1.3 	std deviation: 0.08 	median: 1.24
cluster #6 homoscedasticity NOT given with ratio = 2.3884297520661253
cluster #7: 	sum elements:79  	min value: -0.69 	max value: -0.36 	mean: -0.5 	std deviation: 0.096 	median: -0.5
cluster #7 homoscedasticity NOT given with ratio = 1.8418367346938762
cluster #8: 	sum elements:113  	min value: 0.26 	max value: 0.55 	mean: 0.4 	std deviation: 0.082 	median: 0.4
cluster #8 homoscedasticity given with ratio = 1.1479591836734695
cluster #9: 	sum elements:115  	min value: -0.04 	max value: 0.25 	mean: 0.1 	std deviation: 0.086 	median: 0.11
cluster #9 homoscedasticity given with ratio = 1.1479591836734693
homoscedasticity given for 5 of 10 used clusters

number of elements: 900

built clusters:
cluster #2: -1.07 -- -0.7 (62)
cluster #7: -0.69 -- -0.36 (79)
cluster #5: -0.35 -- -0.05 (86)
cluster #9: -0.04 -- 0.25 (115)
cluster #8: 0.26 -- 0.55 (113)
cluster #4: 0.56 -- 0.84 (114)
cluster #0: 0.85 -- 1.12 (101)
cluster #6: 1.13 -- 1.41 (96)
cluster #1: 1.42 -- 1.73 (73)
cluster #3: 1.75 -- 2.09 (61)

score even distribution (SED) MAX: 2.69e+19
score even distribution (SED) MAX: 2.69428584315243e+19
SED number of digits: 20

number of used clusters (NUC) MAX: 1.0

sum variances (SV) MIN: 0.07743034000666928
sum variances (SV) MIN: 7.74e-02
ratio between SED and sv digits MAX: 0
SUM: NUC(MAX): 1.0	 SED(MAX): 2.69e+19	 SV(MIN): 7.74e-02

Mean Silhouette Coefficient of all clusters MSC(MAX): 0.55
(best value is 1 and the worst value is -1. Values near 0 indicate overlapping clusters)

Davies-Bouldin score DB(MIN): 0.49
(The minimum score is zero, with lower values indicating better clustering.)

Process finished with exit code 0
