starting algorithm at: 15:14:58.880219
[1] "[R] success: found onlayargument for clusters and trim"
[1] "[R] clusters:"
[1] 10
[1] "[R] trim-factor:"
[1] 0.1
[1] "[R] script finished"
[ 3.  1.  9. 10.  2. 10.  3.  3.  1.  1.  9.  3.  6.  7.  6.  2.  5.  2.
  6.  8.  5.  1.  2. 10.  6.  2.  9.  2.  3.  1. 10.  2.  2.  8.  8.  8.
 10.  7.  8.  1.  4.  7.  3. 10.  1.  4.  4. 10. 10.  7.  5.  3.  5.  6.
  8.  1.  6.  5.  3.  1. 10. 10. 10. 10.  6.  5.  8.  9.  9.  3.  0.  2.
 10.  2.  4.  8. 10.  9. 10.  8.  1.  4.  8.  1.  4.  5.  4. 10.  8.  8.
  1.  1.  2.  1.  9.  2.  3.  5.  3.  6.  9.  8.  0.  5.  7.  6.  1.  1.
  2.  4.  6.  8.  7. 10.  5.  5.  2.  3.  1.  3. 10.  2.  8.  9.  2.  2.
  7.  1.  0.  5.  9.  8.  0. 10.  8.  0.  8.  8.  9.  0.  5.  2.  0.  8.
  2.  8.  4.  7.  1.  6.  7.  6.  8.  4.  8.  2.  9.  9.  2.  1.  6.  0.
  8.  8.  5.  2.  8.  0.  9. 10.  1.  1.  6.  2.  5.  6.  8.  2.  8.  9.
  3.  1.  4.  2.  9.  6.  2.  5.  1.  8.  6.  3.  5.  5.  9.  4.  4.  8.
  4.  7.  0.  7.  9.  9.  3.  5.  8. 10.  3.  0.  9.  1.  5.  5.  6.  2.
 10.  7.  1.  4.  8.  7.  5.  0.  8.  2.  4.  3.  2. 10.  8.  5.  3.  4.
  5. 10.  9. 10.  8.  1.  3.  3.  1.  5.  0. 10.  0.  4.  2.  4. 10.  9.
  9.  2.  8.  1. 10.  1.  2.  5.  5.  7.  6.  8.  4.  8.  3.  0.  6.  4.
  9.  6.  5.  2.  4.  1.  6.  6.  2.  2.  0.  2.  5.  5.  6.  1. 10.  9.
  5. 10.  2.  8.  8.  9.  8.  2.  1.  5. 10.  5.  2.  8. 10.  6. 10.  0.
  1. 10. 10.  5.  7.  6.  5.  2.  2.  5.  5.  6.  5.  2.  0.  8.  1.  2.
  7.  2.  2.  7.  2.  5.  4.  5.  5.  9.  8.  6.  2.  5.  0.  8.  2.  3.
  8.  5.  6.  9.  1.  8.  8.  7.  4.  9.  4.  5.  7.  1.  4.  3.  0.  9.
  9.  4.  6.  4.  8.  2.  6.  8.  5. 10.  1.  2.  4.  4.  1.  2.  1.  5.
  6.  9.  7.  3.  8.  4.  2.  8.  5.  8.  9.  2.  2.  3.  4. 10.  9. 10.
  2.  2.  5.  5.  7.  9.  6.  0.  9.  3.  9.  6. 10. 10.  2.  3.  7.  3.
  4.  6.  7. 10.  1.  5.  8.  8.  2.  3.  5.  4.  2.  5. 10.  9.  0.  3.
  0.  8. 10.  9.  6.  6.  2.  5.  8. 10.  5.  1.  4.  2.  2.  2.  7.  5.
  8.  5.  7.  8.  9.  1.  0.  0.  0.  5.  3.  5.  5.  2.  7.  8.  2.  3.
  2. 10.  9.  3.  4.  2. 10. 10.  5.  3.  4.  2.  1.  5.  5.  6.  6.  7.
  7.  1.  4.  1.  8.  2. 10.  7.  1.  7.  8. 10.  0.  8.  9.  8.  5.  6.
  2.  8.  9.  9.  4.  7.  9.  9.  5.  0. 10.  6.  8.  6.  9.  4.  1.  3.
  8.  5.  7.  4.  4.  8.  2. 10.  3.  8. 10.  1.  9.  2.  7.  4.  4. 10.
 10.  5.  8.  5.  3.  3.  1.  2.  2.  5.  0.  4.  3.  5. 10.  0.  3.  7.
  3.  1.  9.  9.  0.  3.  9.  3.  4.  4. 10.  8.  5.  7. 10.  3. 10.  6.
  7.  4.  2.  2.  5.  3.  1.  3.  3.  5.  7.  5.  5. 10.  6.  2.  0. 10.
  4.  8.  8.  8.  8.  8.  8.  8.  5.  2.  8.  2.  8.  2.  3.  6.  8.  8.
  2.  8.  8.  7.  9.  8.  5. 10.  3.  8.  3.  2. 10.  5.  7.  2.  9.  8.
  8.  6.  1.  8. 10.  6.  5.  8.  8.  5.  3.  4.  7.  3.  9.  9. 10.  2.
  3.  9.  9.  4.  8.  9.  6. 10. 10.  1. 10.  1. 10. 10. 10.  3.  5.  7.
  0.  5.  3.  9.  8.  0.  1.  4.  2.  9.  2. 10.  6.  2.  3.  9.  2.  8.
  4.  7.  5.  1.  5.  5.  9.  4.  9.  9.  8.  3.  2.  8.  3. 10.  2.  1.
  3.  9.  7.  5.  4.  8.  6. 10. 10. 10.  9.  2.  9.  0.  2.  3.  1.  4.
  9.  3.  5.  4. 10.  0.  4.  7. 10.  8.  7.  5.  1.  8.  0.  5.  2. 10.
  9.  2.  5.  2.  8.  3.  5.  8.  4.  6.  7. 10.  2.  8.  5.  9.  7.  9.
  5.  8.  4.  5.  4.  8.  5.  4. 10.  4.  9.  8.  4.  8.  2.  1.  1.  9.
  9.  0.  5.  5.  0.  4.  3.  3.  7.  8.  2.  6.  5.  5. 10.  2. 10.  2.
  5.  9.  1.  5.  4.  3.  3.  2.  9.  1.  3.  5.  0.  2.  8.  4.  5.  6.
  9.  5.  4.  3.  2.  2.  4.  0.  3.  8.  4.  2.  0.  6.  4.  5.  4. 10.
  9.  0.  5.  8.  6.  7.  8.  6.  8.  0. 10.  6.  9.  6.  2.  5.  2.  4.
  8.  8.  9.  9. 10.  4.  6.  3.  5. 10.  4.  8.  1.  5.  6.  5.  4.  8.
  9.  2.  7.  5.  3.  7.  9.  1.  7.  0.  2.  8.  5.  2. 10.  3.  2.  4.
  4.  4.  1.  8.  9.  3.  9.  8. 10.  5.  4.  5.  2. 10.  1.  2.  1. 10.
  4.  5.  9.  4.  4.  9.  0.  6.  7.  8.  8.  9.  1.  2.  9. 10. 10.  4.
  9.  9.  2.  2.  8.  8.  8.  9. 10.  2.  3.  9.  5.  5.  5.  8.  2.  4.
  4.  9.  4.  2.  7.  5.  8.  0.  8.  5.  2.  2.  5.  5.  8.  0.  0.  1.
  6. 10.  4.  2.  5.  4.  2.  1.  3.  1.  9.  5.  4.  4. 10.  2.  3.  2.
  8.  9.  8.  9.  8.  4.  0. 10.  5. 10.  4.  4. 10.  3.  6.  7.  9. 10.
  6.  8.  6.  8.  2.  0.  4.  5.  0. 10.]
finishing algorithm at: 15:16:54.450181

running time of algorithm: 0:01:55.569962


frquencies result
[( 3,  1.62) ( 1, -0.24) ( 9,  1.26) (10,  3.32) ( 2,  0.24) (10,  2.84)
 ( 3,  1.89) ( 3,  1.76) ( 1, -0.21) ( 1, -0.18) ( 9,  1.51) ( 3,  1.84)
 ( 6,  2.08) ( 7, -0.49) ( 6,  2.16) ( 2,  0.37) ( 5,  1.06) ( 2,  0.36)
 ( 6,  2.17) ( 8,  0.81) ( 5,  1.2 ) ( 1, -0.18) ( 2,  0.33) (10, -0.88)
 ( 6,  2.21) ( 2,  0.39) ( 9,  1.27) ( 2,  0.31) ( 3,  1.84) ( 1, -0.16)
 (10,  3.26) ( 2,  0.24) ( 2,  0.33) ( 8,  0.64) ( 8,  0.68) ( 8,  0.73)
 (10,  4.88) ( 7, -0.45) ( 8,  0.72) ( 1, -0.36) ( 4,  0.15) ( 7, -0.6 )
 ( 3,  1.94) (10, -1.15) ( 1, -0.12) ( 4, -0.07) ( 4, -0.08) (10,  3.4 )
 (10,  3.94) ( 7, -0.67) ( 5,  1.17) ( 3,  1.77) ( 5,  1.14) ( 6,  2.19)
 ( 8,  0.73) ( 1, -0.25) ( 6,  2.02) ( 5,  1.07) ( 3,  1.67) ( 1, -0.36)
 (10,  3.24) (10,  3.02) (10, -1.48) (10,  4.13) ( 6,  2.33) ( 5,  1.17)
 ( 8,  0.6 ) ( 9,  1.54) ( 9,  1.52) ( 3,  1.81) ( 0,  2.72) ( 2,  0.31)
 (10,  4.58) ( 2,  0.35) ( 4,  0.17) ( 8,  0.54) (10,  4.02) ( 9,  1.26)
 (10,  2.85) ( 8,  0.59) ( 1, -0.26) ( 4,  0.2 ) ( 8,  0.65) ( 1, -0.23)
 ( 4,  0.05) ( 5,  1.12) ( 4,  0.11) (10, -0.96) ( 8,  0.8 ) ( 8,  0.61)
 ( 1, -0.31) ( 1, -0.2 ) ( 2,  0.47) ( 1, -0.28) ( 9,  1.35) ( 2,  0.22)
 ( 3,  1.63) ( 5,  1.08) ( 3,  1.71) ( 6,  2.11) ( 9,  1.42) ( 8,  0.79)
 ( 0,  2.49) ( 5,  0.94) ( 7, -0.51) ( 6,  2.33) ( 1, -0.37) ( 1, -0.3 )
 ( 2,  0.34) ( 4, -0.07) ( 6,  2.1 ) ( 8,  0.85) ( 7, -0.64) (10, -1.02)
 ( 5,  1.03) ( 5,  1.14) ( 2,  0.26) ( 3,  1.76) ( 1, -0.41) ( 3,  1.88)
 (10,  2.9 ) ( 2,  0.29) ( 8,  0.62) ( 9,  1.46) ( 2,  0.39) ( 2,  0.45)
 ( 7, -0.49) ( 1, -0.23) ( 0,  2.52) ( 5,  0.88) ( 9,  1.36) ( 8,  0.68)
 ( 0,  2.69) (10, -1.28) ( 8,  0.78) ( 0,  2.67) ( 8,  0.54) ( 8,  0.58)
 ( 9,  1.32) ( 0,  2.5 ) ( 5,  1.02) ( 2,  0.36) ( 0,  2.63) ( 8,  0.73)
 ( 2,  0.44) ( 8,  0.59) ( 4,  0.1 ) ( 7, -0.67) ( 1, -0.37) ( 6,  2.21)
 ( 7, -0.46) ( 6,  2.22) ( 8,  0.72) ( 4,  0.01) ( 8,  0.67) ( 2,  0.44)
 ( 9,  1.44) ( 9,  1.32) ( 2,  0.43) ( 1, -0.31) ( 6,  2.16) ( 0,  2.51)
 ( 8,  0.83) ( 8,  0.62) ( 5,  1.17) ( 2,  0.42) ( 8,  0.59) ( 0,  2.45)
 ( 9,  1.22) (10,  3.39) ( 1, -0.21) ( 1, -0.26) ( 6,  2.04) ( 2,  0.43)
 ( 5,  0.93) ( 6,  2.17) ( 8,  0.56) ( 2,  0.52) ( 8,  0.67) ( 9,  1.42)
 ( 3,  1.8 ) ( 1, -0.15) ( 4,  0.13) ( 2,  0.28) ( 9,  1.55) ( 6,  2.06)
 ( 2,  0.28) ( 5,  1.01) ( 1, -0.24) ( 8,  0.63) ( 6,  2.13) ( 3,  1.57)
 ( 5,  0.88) ( 5,  0.98) ( 9,  1.31) ( 4,  0.02) ( 4,  0.02) ( 8,  0.56)
 ( 4,  0.04) ( 7, -0.77) ( 0,  2.74) ( 7, -0.75) ( 9,  1.48) ( 9,  1.26)
 ( 3,  1.94) ( 5,  0.96) ( 8,  0.67) (10,  3.23) ( 3,  1.73) ( 0,  2.41)
 ( 9,  1.41) ( 1, -0.33) ( 5,  1.13) ( 5,  1.12) ( 6,  2.08) ( 2,  0.21)
 (10,  2.8 ) ( 7, -0.79) ( 1, -0.34) ( 4,  0.04) ( 8,  0.56) ( 7, -0.49)
 ( 5,  1.03) ( 0,  2.66) ( 8,  0.7 ) ( 2,  0.39) ( 4,  0.12) ( 3,  1.87)
 ( 2,  0.48) (10,  2.91) ( 8,  0.82) ( 5,  1.04) ( 3,  1.58) ( 4,  0.14)
 ( 5,  1.05) (10,  3.47) ( 9,  1.21) (10,  3.38) ( 8,  0.82) ( 1, -0.36)
 ( 3,  1.63) ( 3,  1.86) ( 1, -0.35) ( 5,  1.13) ( 0,  2.59) (10,  3.89)
 ( 0,  2.44) ( 4,  0.1 ) ( 2,  0.46) ( 4,  0.08) (10,  3.6 ) ( 9,  1.55)
 ( 9,  1.48) ( 2,  0.44) ( 8,  0.85) ( 1, -0.17) (10,  5.16) ( 1, -0.33)
 ( 2,  0.24) ( 5,  0.91) ( 5,  0.93) ( 7, -0.51) ( 6,  2.06) ( 8,  0.64)
 ( 4, -0.03) ( 8,  0.71) ( 3,  1.59) ( 0,  2.68) ( 6,  2.26) ( 4,  0.1 )
 ( 9,  1.24) ( 6,  2.3 ) ( 5,  1.08) ( 2,  0.23) ( 4, -0.01) ( 1, -0.19)
 ( 6,  2.21) ( 6,  2.12) ( 2,  0.46) ( 2,  0.46) ( 0,  2.68) ( 2,  0.33)
 ( 5,  1.02) ( 5,  0.92) ( 6,  2.03) ( 1, -0.18) (10,  3.1 ) ( 9,  1.39)
 ( 5,  1.17) (10,  3.21) ( 2,  0.37) ( 8,  0.81) ( 8,  0.83) ( 9,  1.23)
 ( 8,  0.58) ( 2,  0.46) ( 1, -0.35) ( 5,  1.06) (10,  3.01) ( 5,  0.91)
 ( 2,  0.48) ( 8,  0.66) (10,  3.83) ( 6,  2.08) (10,  4.59) ( 0,  2.66)
 ( 1, -0.38) (10,  5.54) (10, -1.03) ( 5,  1.02) ( 7, -0.48) ( 6,  2.04)
 ( 5,  1.01) ( 2,  0.21) ( 2,  0.39) ( 5,  1.14) ( 5,  0.92) ( 6,  1.96)
 ( 5,  0.95) ( 2,  0.21) ( 0,  2.54) ( 8,  0.81) ( 1, -0.2 ) ( 2,  0.48)
 ( 7, -0.56) ( 2,  0.34) ( 2,  0.27) ( 7, -0.53) ( 2,  0.51) ( 5,  1.12)
 ( 4,  0.02) ( 5,  1.09) ( 5,  1.13) ( 9,  1.34) ( 8,  0.68) ( 6,  2.12)
 ( 2,  0.28) ( 5,  0.98) ( 0,  2.49) ( 8,  0.56) ( 2,  0.25) ( 3,  1.77)
 ( 8,  0.61) ( 5,  1.01) ( 6,  2.3 ) ( 9,  1.21) ( 1, -0.24) ( 8,  0.64)
 ( 8,  0.8 ) ( 7, -0.45) ( 4, -0.02) ( 9,  1.36) ( 4,  0.08) ( 5,  1.01)
 ( 7, -0.81) ( 1, -0.2 ) ( 4,  0.02) ( 3,  1.86) ( 0,  2.49) ( 9,  1.41)
 ( 9,  1.33) ( 4,  0.09) ( 6,  1.97) ( 4,  0.07) ( 8,  0.73) ( 2,  0.26)
 ( 6,  2.26) ( 8,  0.7 ) ( 5,  1.05) (10,  3.11) ( 1, -0.2 ) ( 2,  0.41)
 ( 4,  0.01) ( 4, -0.02) ( 1, -0.1 ) ( 2,  0.34) ( 1, -0.35) ( 5,  0.96)
 ( 6,  2.  ) ( 9,  1.4 ) ( 7, -0.71) ( 3,  1.79) ( 8,  0.83) ( 4, -0.05)
 ( 2,  0.39) ( 8,  0.71) ( 5,  1.05) ( 8,  0.71) ( 9,  1.37) ( 2,  0.45)
 ( 2,  0.43) ( 3,  1.88) ( 4,  0.02) (10, -1.16) ( 9,  1.3 ) (10, -1.09)
 ( 2,  0.47) ( 2,  0.51) ( 5,  1.12) ( 5,  1.18) ( 7, -0.59) ( 9,  1.32)
 ( 6,  2.08) ( 0,  2.67) ( 9,  1.37) ( 3,  1.64) ( 9,  1.39) ( 6,  2.15)
 (10,  3.66) (10,  3.75) ( 2,  0.46) ( 3,  1.63) ( 7, -0.61) ( 3,  1.72)
 ( 4,  0.11) ( 6,  2.23) ( 7, -0.45) (10, -0.9 ) ( 1, -0.13) ( 5,  1.02)
 ( 8,  0.71) ( 8,  0.81) ( 2,  0.25) ( 3,  1.87) ( 5,  1.15) ( 4,  0.06)
 ( 2,  0.34) ( 5,  1.03) (10,  3.23) ( 9,  1.46) ( 0,  2.68) ( 3,  1.77)
 ( 0,  2.79) ( 8,  0.75) (10,  4.15) ( 9,  1.48) ( 6,  2.05) ( 6,  2.3 )
 ( 2,  0.51) ( 5,  0.91) ( 8,  0.81) (10, -0.91) ( 5,  1.17) ( 1, -0.22)
 ( 4,  0.04) ( 2,  0.28) ( 2,  0.44) ( 2,  0.32) ( 7, -0.59) ( 5,  1.16)
 ( 8,  0.78) ( 5,  1.04) ( 7, -0.44) ( 8,  0.6 ) ( 9,  1.27) ( 1, -0.19)
 ( 0,  2.68) ( 0,  2.51) ( 0,  2.66) ( 5,  1.05) ( 3,  1.94) ( 5,  1.01)
 ( 5,  1.14) ( 2,  0.42) ( 7, -0.52) ( 8,  0.77) ( 2,  0.33) ( 3,  1.78)
 ( 2,  0.44) (10,  3.99) ( 9,  1.24) ( 3,  1.75) ( 4, -0.02) ( 2,  0.27)
 (10, -1.35) (10,  3.06) ( 5,  0.98) ( 3,  1.79) ( 4,  0.09) ( 2,  0.47)
 ( 1, -0.1 ) ( 5,  0.91) ( 5,  1.05) ( 6,  2.23) ( 6,  2.26) ( 7, -0.45)
 ( 7, -0.43) ( 1, -0.21) ( 4, -0.02) ( 1, -0.3 ) ( 8,  0.68) ( 2,  0.31)
 (10,  2.93) ( 7, -0.6 ) ( 1, -0.36) ( 7, -0.62) ( 8,  0.69) (10,  4.18)
 ( 0,  2.41) ( 8,  0.69) ( 9,  1.24) ( 8,  0.8 ) ( 5,  0.96) ( 6,  2.08)
 ( 2,  0.37) ( 8,  0.68) ( 9,  1.37) ( 9,  1.55) ( 4,  0.08) ( 7, -0.72)
 ( 9,  1.5 ) ( 9,  1.34) ( 5,  0.92) ( 0,  2.53) (10,  3.24) ( 6,  2.15)
 ( 8,  0.64) ( 6,  2.12) ( 9,  1.32) ( 4,  0.1 ) ( 1, -0.37) ( 3,  1.59)
 ( 8,  0.86) ( 5,  1.1 ) ( 7, -0.45) ( 4, -0.09) ( 4,  0.05) ( 8,  0.71)
 ( 2,  0.24) (10,  3.84) ( 3,  1.6 ) ( 8,  0.69) (10,  3.69) ( 1, -0.33)
 ( 9,  1.55) ( 2,  0.22) ( 7, -0.55) ( 4,  0.08) ( 4, -0.04) (10,  3.24)
 (10,  2.98) ( 5,  1.14) ( 8,  0.72) ( 5,  1.07) ( 3,  1.62) ( 3,  1.82)
 ( 1, -0.26) ( 2,  0.24) ( 2,  0.45) ( 5,  0.89) ( 0,  2.37) ( 4,  0.16)
 ( 3,  1.77) ( 5,  1.14) (10, -0.94) ( 0,  2.68) ( 3,  1.92) ( 7, -0.77)
 ( 3,  1.58) ( 1, -0.17) ( 9,  1.28) ( 9,  1.42) ( 0,  2.48) ( 3,  1.94)
 ( 9,  1.34) ( 3,  1.58) ( 4,  0.07) ( 4, -0.08) (10, -1.09) ( 8,  0.76)
 ( 5,  1.09) ( 7, -0.71) (10,  3.58) ( 3,  1.65) (10,  3.4 ) ( 6,  2.  )
 ( 7, -0.48) ( 4,  0.17) ( 2,  0.22) ( 2,  0.48) ( 5,  0.91) ( 3,  1.72)
 ( 1, -0.29) ( 3,  1.59) ( 3,  1.7 ) ( 5,  0.94) ( 7, -0.65) ( 5,  0.92)
 ( 5,  1.2 ) (10,  3.33) ( 6,  2.25) ( 2,  0.23) ( 0,  2.5 ) (10,  3.64)
 ( 4,  0.06) ( 8,  0.83) ( 8,  0.68) ( 8,  0.63) ( 8,  0.58) ( 8,  0.81)
 ( 8,  0.72) ( 8,  0.8 ) ( 5,  1.15) ( 2,  0.33) ( 8,  0.75) ( 2,  0.26)
 ( 8,  0.72) ( 2,  0.28) ( 3,  1.71) ( 6,  2.23) ( 8,  0.55) ( 8,  0.67)
 ( 2,  0.42) ( 8,  0.77) ( 8,  0.62) ( 7, -0.56) ( 9,  1.25) ( 8,  0.71)
 ( 5,  1.08) (10,  3.93) ( 3,  1.81) ( 8,  0.75) ( 3,  1.79) ( 2,  0.49)
 (10,  3.62) ( 5,  0.92) ( 7, -0.65) ( 2,  0.37) ( 9,  1.41) ( 8,  0.75)
 ( 8,  0.62) ( 6,  2.28) ( 1, -0.18) ( 8,  0.53) (10,  3.58) ( 6,  2.13)
 ( 5,  0.92) ( 8,  0.55) ( 8,  0.65) ( 5,  0.93) ( 3,  1.87) ( 4,  0.16)
 ( 7, -0.52) ( 3,  1.7 ) ( 9,  1.43) ( 9,  1.34) (10,  3.44) ( 2,  0.36)
 ( 3,  1.82) ( 9,  1.36) ( 9,  1.35) ( 4,  0.16) ( 8,  0.77) ( 9,  1.35)
 ( 6,  2.27) (10,  4.29) (10,  3.93) ( 1, -0.25) (10,  5.61) ( 1, -0.18)
 (10,  2.96) (10,  3.25) (10, -1.01) ( 3,  1.73) ( 5,  1.13) ( 7, -0.46)
 ( 0,  2.49) ( 5,  1.1 ) ( 3,  1.68) ( 9,  1.33) ( 8,  0.8 ) ( 0,  2.48)
 ( 1, -0.12) ( 4,  0.16) ( 2,  0.25) ( 9,  1.36) ( 2,  0.34) (10, -1.05)
 ( 6,  1.96) ( 2,  0.29) ( 3,  1.64) ( 9,  1.28) ( 2,  0.33) ( 8,  0.66)
 ( 4,  0.09) ( 7, -0.54) ( 5,  1.06) ( 1, -0.18) ( 5,  1.06) ( 5,  1.15)
 ( 9,  1.21) ( 4,  0.15) ( 9,  1.34) ( 9,  1.23) ( 8,  0.59) ( 3,  1.9 )
 ( 2,  0.29) ( 8,  0.6 ) ( 3,  1.59) (10,  2.81) ( 2,  0.35) ( 1, -0.38)
 ( 3,  1.6 ) ( 9,  1.4 ) ( 7, -0.55) ( 5,  1.03) ( 4,  0.03) ( 8,  0.66)
 ( 6,  1.97) (10,  3.03) (10,  5.95) (10, -0.88) ( 9,  1.52) ( 2,  0.44)
 ( 9,  1.36) ( 0,  2.59) ( 2,  0.29) ( 3,  1.69) ( 1, -0.33) ( 4, -0.02)
 ( 9,  1.41) ( 3,  1.82) ( 5,  0.94) ( 4,  0.18) (10,  3.31) ( 0,  2.6 )
 ( 4, -0.07) ( 7, -0.79) (10,  3.09) ( 8,  0.8 ) ( 7, -0.73) ( 5,  1.17)
 ( 1, -0.33) ( 8,  0.55) ( 0,  2.55) ( 5,  0.91) ( 2,  0.28) (10,  4.81)
 ( 9,  1.34) ( 2,  0.44) ( 5,  0.96) ( 2,  0.39) ( 8,  0.64) ( 3,  1.94)
 ( 5,  1.16) ( 8,  0.75) ( 4,  0.17) ( 6,  2.01) ( 7, -0.44) (10,  2.95)
 ( 2,  0.3 ) ( 8,  0.6 ) ( 5,  0.88) ( 9,  1.37) ( 7, -0.71) ( 9,  1.38)
 ( 5,  1.02) ( 8,  0.65) ( 4,  0.1 ) ( 5,  0.87) ( 4,  0.2 ) ( 8,  0.56)
 ( 5,  1.03) ( 4,  0.2 ) (10, -0.85) ( 4,  0.09) ( 9,  1.23) ( 8,  0.79)
 ( 4,  0.06) ( 8,  0.81) ( 2,  0.24) ( 1, -0.14) ( 1, -0.14) ( 9,  1.37)
 ( 9,  1.33) ( 0,  2.58) ( 5,  1.04) ( 5,  1.01) ( 0,  2.43) ( 4,  0.02)
 ( 3,  1.72) ( 3,  1.58) ( 7, -0.48) ( 8,  0.6 ) ( 2,  0.52) ( 6,  2.01)
 ( 5,  1.18) ( 5,  1.12) (10,  3.17) ( 2,  0.31) (10,  4.43) ( 2,  0.32)
 ( 5,  1.16) ( 9,  1.42) ( 1, -0.28) ( 5,  0.9 ) ( 4, -0.03) ( 3,  1.78)
 ( 3,  1.92) ( 2,  0.38) ( 9,  1.26) ( 1, -0.25) ( 3,  1.92) ( 5,  1.12)
 ( 0,  2.48) ( 2,  0.29) ( 8,  0.81) ( 4,  0.11) ( 5,  1.08) ( 6,  2.32)
 ( 9,  1.38) ( 5,  1.07) ( 4,  0.09) ( 3,  1.76) ( 2,  0.44) ( 2,  0.3 )
 ( 4,  0.12) ( 0,  2.77) ( 3,  1.94) ( 8,  0.78) ( 4,  0.09) ( 2,  0.29)
 ( 0,  2.53) ( 6,  2.31) ( 4, -0.03) ( 5,  1.04) ( 4, -0.09) (10, -0.93)
 ( 9,  1.27) ( 0,  2.45) ( 5,  0.89) ( 8,  0.78) ( 6,  2.23) ( 7, -0.71)
 ( 8,  0.53) ( 6,  2.27) ( 8,  0.65) ( 0,  2.76) (10,  6.96) ( 6,  2.27)
 ( 9,  1.27) ( 6,  2.22) ( 2,  0.47) ( 5,  1.09) ( 2,  0.4 ) ( 4,  0.01)
 ( 8,  0.62) ( 8,  0.62) ( 9,  1.3 ) ( 9,  1.31) (10, -0.98) ( 4,  0.12)
 ( 6,  2.14) ( 3,  1.65) ( 5,  1.  ) (10,  3.31) ( 4,  0.11) ( 8,  0.8 )
 ( 1, -0.12) ( 5,  1.15) ( 6,  2.05) ( 5,  1.14) ( 4, -0.08) ( 8,  0.63)
 ( 9,  1.52) ( 2,  0.44) ( 7, -0.81) ( 5,  1.12) ( 3,  1.73) ( 7, -0.69)
 ( 9,  1.34) ( 1, -0.25) ( 7, -0.64) ( 0,  2.78) ( 2,  0.5 ) ( 8,  0.77)
 ( 5,  0.94) ( 2,  0.49) (10,  2.87) ( 3,  1.86) ( 2,  0.45) ( 4, -0.08)
 ( 4,  0.17) ( 4, -0.  ) ( 1, -0.14) ( 8,  0.84) ( 9,  1.55) ( 3,  1.62)
 ( 9,  1.29) ( 8,  0.76) (10,  3.65) ( 5,  1.2 ) ( 4,  0.12) ( 5,  0.96)
 ( 2,  0.3 ) (10,  4.86) ( 1, -0.36) ( 2,  0.3 ) ( 1, -0.11) (10,  3.63)
 ( 4,  0.07) ( 5,  0.98) ( 9,  1.41) ( 4,  0.01) ( 4,  0.05) ( 9,  1.53)
 ( 0,  2.64) ( 6,  2.27) ( 7, -0.55) ( 8,  0.7 ) ( 8,  0.81) ( 9,  1.36)
 ( 1, -0.15) ( 2,  0.5 ) ( 9,  1.49) (10,  3.29) (10,  3.3 ) ( 4, -0.  )
 ( 9,  1.34) ( 9,  1.28) ( 2,  0.43) ( 2,  0.51) ( 8,  0.61) ( 8,  0.7 )
 ( 8,  0.76) ( 9,  1.23) (10,  3.43) ( 2,  0.43) ( 3,  1.86) ( 9,  1.49)
 ( 5,  1.07) ( 5,  0.89) ( 5,  0.93) ( 8,  0.69) ( 2,  0.26) ( 4,  0.17)
 ( 4, -0.03) ( 9,  1.5 ) ( 4, -0.07) ( 2,  0.21) ( 7, -0.68) ( 5,  0.96)
 ( 8,  0.6 ) ( 0,  2.48) ( 8,  0.56) ( 5,  1.11) ( 2,  0.37) ( 2,  0.26)
 ( 5,  1.15) ( 5,  1.07) ( 8,  0.56) ( 0,  2.67) ( 0,  2.38) ( 1, -0.26)
 ( 6,  1.97) (10,  3.46) ( 4, -0.07) ( 2,  0.26) ( 5,  0.89) ( 4, -0.01)
 ( 2,  0.25) ( 1, -0.34) ( 3,  1.67) ( 1, -0.15) ( 9,  1.49) ( 5,  1.12)
 ( 4,  0.18) ( 4,  0.14) (10, -1.07) ( 2,  0.4 ) ( 3,  1.74) ( 2,  0.4 )
 ( 8,  0.61) ( 9,  1.5 ) ( 8,  0.65) ( 9,  1.23) ( 8,  0.7 ) ( 4, -0.06)
 ( 0,  2.47) (10,  3.37) ( 5,  1.  ) (10,  3.2 ) ( 4, -0.04) ( 4,  0.17)
 (10,  3.29) ( 3,  1.63) ( 6,  2.25) ( 7, -0.62) ( 9,  1.37) (10,  2.8 )
 ( 6,  2.11) ( 8,  0.86) ( 6,  2.21) ( 8,  0.59) ( 2,  0.34) ( 0,  2.48)
 ( 4, -0.01) ( 5,  1.  ) ( 0,  2.51) (10,  2.96)]

100 determined outlier frequencies:
[ 3.32  2.84 -0.88  3.26  4.88 -1.15  3.4   3.94  3.24  3.02 -1.48  4.13
  4.58  4.02  2.85 -0.96 -1.02  2.9  -1.28  3.39  3.23  2.8   2.91  3.47
  3.38  3.89  3.6   5.16  3.1   3.21  3.01  3.83  4.59  5.54 -1.03  3.11
 -1.16 -1.09  3.66  3.75 -0.9   3.23  4.15 -0.91  3.99 -1.35  3.06  2.93
  4.18  3.24  3.84  3.69  3.24  2.98 -0.94 -1.09  3.58  3.4   3.33  3.64
  3.93  3.62  3.58  3.44  4.29  3.93  5.61  2.96  3.25 -1.01 -1.05  2.81
  3.03  5.95 -0.88  3.31  3.09  4.81  2.95 -0.85  3.17  4.43 -0.93  6.96
 -0.98  3.31  2.87  3.65  4.86  3.63  3.29  3.3   3.43  3.46 -1.07  3.37
  3.2   3.29  2.8   2.96]
analyze method without outliers


analyzing the results:
number of max cluster size: 10
number of actually used clusters: 10
min value of all elements: -0.81
max value of all elements: 2.79
mean of all elements: 0.8512777777777778
median of all elements: 0.78
standard deviation of all elements: 0.8579436853803113
variance of all elements: 0.7368861296502286
distribution of all clusters: [0 0 0 0 0 0 0 0 0 0 0 0 0 0 0 0 0 0 0 0 0 0 0 0 0 0 0 0 0 0 0 0 0 0 0 0 0
 0 0 0 0 0 0 0 0 0 0 0 0 0 0 0 1 1 1 1 1 1 1 1 1 1 1 1 1 1 1 1 1 1 1 1 1 1
 1 1 1 1 1 1 1 1 1 1 1 1 1 1 1 1 1 1 1 1 1 1 1 1 1 1 1 1 1 1 1 1 1 1 1 1 1
 1 1 1 1 1 1 1 1 1 1 1 1 1 1 2 2 2 2 2 2 2 2 2 2 2 2 2 2 2 2 2 2 2 2 2 2 2
 2 2 2 2 2 2 2 2 2 2 2 2 2 2 2 2 2 2 2 2 2 2 2 2 2 2 2 2 2 2 2 2 2 2 2 2 2
 2 2 2 2 2 2 2 2 2 2 2 2 2 2 2 2 2 2 2 2 2 2 2 2 2 2 2 2 2 2 2 2 2 2 2 2 2
 2 2 2 2 2 2 2 2 2 2 2 2 2 2 2 2 2 2 2 2 2 2 2 2 2 2 2 2 2 3 3 3 3 3 3 3 3
 3 3 3 3 3 3 3 3 3 3 3 3 3 3 3 3 3 3 3 3 3 3 3 3 3 3 3 3 3 3 3 3 3 3 3 3 3
 3 3 3 3 3 3 3 3 3 3 3 3 3 3 3 3 3 3 3 3 3 3 3 3 3 3 3 3 3 3 3 3 3 4 4 4 4
 4 4 4 4 4 4 4 4 4 4 4 4 4 4 4 4 4 4 4 4 4 4 4 4 4 4 4 4 4 4 4 4 4 4 4 4 4
 4 4 4 4 4 4 4 4 4 4 4 4 4 4 4 4 4 4 4 4 4 4 4 4 4 4 4 4 4 4 4 4 4 4 4 4 4
 4 4 4 4 4 4 4 4 4 4 4 4 4 4 4 4 4 5 5 5 5 5 5 5 5 5 5 5 5 5 5 5 5 5 5 5 5
 5 5 5 5 5 5 5 5 5 5 5 5 5 5 5 5 5 5 5 5 5 5 5 5 5 5 5 5 5 5 5 5 5 5 5 5 5
 5 5 5 5 5 5 5 5 5 5 5 5 5 5 5 5 5 5 5 5 5 5 5 5 5 5 5 5 5 5 5 5 5 5 5 5 5
 5 5 5 5 5 5 5 5 5 5 5 5 5 5 5 5 5 5 5 5 5 5 5 5 5 5 5 5 5 5 5 6 6 6 6 6 6
 6 6 6 6 6 6 6 6 6 6 6 6 6 6 6 6 6 6 6 6 6 6 6 6 6 6 6 6 6 6 6 6 6 6 6 6 6
 6 6 6 6 6 6 6 6 6 6 6 6 6 6 6 6 6 6 6 6 6 6 7 7 7 7 7 7 7 7 7 7 7 7 7 7 7
 7 7 7 7 7 7 7 7 7 7 7 7 7 7 7 7 7 7 7 7 7 7 7 7 7 7 7 7 7 7 7 7 7 7 7 7 7
 7 7 7 8 8 8 8 8 8 8 8 8 8 8 8 8 8 8 8 8 8 8 8 8 8 8 8 8 8 8 8 8 8 8 8 8 8
 8 8 8 8 8 8 8 8 8 8 8 8 8 8 8 8 8 8 8 8 8 8 8 8 8 8 8 8 8 8 8 8 8 8 8 8 8
 8 8 8 8 8 8 8 8 8 8 8 8 8 8 8 8 8 8 8 8 8 8 8 8 8 8 8 8 8 8 8 8 8 8 8 8 8
 8 8 8 8 8 8 8 8 8 8 8 8 8 8 8 8 8 8 8 8 8 8 8 8 8 9 9 9 9 9 9 9 9 9 9 9 9
 9 9 9 9 9 9 9 9 9 9 9 9 9 9 9 9 9 9 9 9 9 9 9 9 9 9 9 9 9 9 9 9 9 9 9 9 9
 9 9 9 9 9 9 9 9 9 9 9 9 9 9 9 9 9 9 9 9 9 9 9 9 9 9 9 9 9 9 9 9 9 9 9 9 9
 9 9 9 9 9 9 9 9 9 9 9 9]

cluster #0: 	sum elements:52  	min value: 2.37 	max value: 2.79 	mean: 2.6 	std deviation: 0.113 	median: 2.535
cluster #0 homoscedasticity given with ratio = 1.465373961218837
cluster #1: 	sum elements:73  	min value: -0.41 	max value: -0.1 	mean: -0.2 	std deviation: 0.086 	median: -0.24
cluster #1 homoscedasticity NOT given with ratio = 4.4099999999999975
cluster #2: 	sum elements:126  	min value: 0.21 	max value: 0.52 	mean: 0.4 	std deviation: 0.09 	median: 0.355
cluster #2 homoscedasticity NOT given with ratio = 2.5069444444444455
cluster #3: 	sum elements:78  	min value: 1.57 	max value: 1.94 	mean: 1.8 	std deviation: 0.114 	median: 1.76
cluster #3 homoscedasticity NOT given with ratio = 2.698979591836738
cluster #4: 	sum elements:95  	min value: -0.09 	max value: 0.2 	mean: 0.1 	std deviation: 0.082 	median: 0.06
cluster #4 homoscedasticity NOT given with ratio = 3.6099999999999994
cluster #5: 	sum elements:125  	min value: 0.87 	max value: 1.2 	mean: 1.0 	std deviation: 0.093 	median: 1.04
cluster #5 homoscedasticity NOT given with ratio = 2.3668639053254426
cluster #6: 	sum elements:65  	min value: 1.96 	max value: 2.33 	mean: 2.2 	std deviation: 0.108 	median: 2.15
cluster #6 homoscedasticity NOT given with ratio = 3.408284023668651
cluster #7: 	sum elements:55  	min value: -0.81 	max value: -0.43 	mean: -0.6 	std deviation: 0.115 	median: -0.59
cluster #7 homoscedasticity NOT given with ratio = 1.525951557093427
cluster #8: 	sum elements:133  	min value: 0.53 	max value: 0.86 	mean: 0.7 	std deviation: 0.09 	median: 0.69
cluster #8 homoscedasticity given with ratio = 1.1289062499999984
cluster #9: 	sum elements:98  	min value: 1.21 	max value: 1.55 	mean: 1.4 	std deviation: 0.096 	median: 1.36
cluster #9 homoscedasticity NOT given with ratio = 1.6044444444444406
homoscedasticity given for 2 of 10 used clusters

number of elements: 900

built clusters:
cluster #7: -0.81 -- -0.43 (55)
cluster #1: -0.41 -- -0.1 (73)
cluster #4: -0.09 -- 0.2 (95)
cluster #2: 0.21 -- 0.52 (126)
cluster #8: 0.53 -- 0.86 (133)
cluster #5: 0.87 -- 1.2 (125)
cluster #9: 1.21 -- 1.55 (98)
cluster #3: 1.57 -- 1.94 (78)
cluster #6: 1.96 -- 2.33 (65)
cluster #0: 2.37 -- 2.79 (52)

score even distribution (SED) MAX: 2.06e+19
score even distribution (SED) MAX: 2.0643281397238497e+19
SED number of digits: 20

number of used clusters (NUC) MAX: 1.0

sum variances (SV) MIN: 0.09765390780798501
sum variances (SV) MIN: 9.77e-02
ratio between SED and sv digits MAX: 0
SUM: NUC(MAX): 1.0	 SED(MAX): 2.06e+19	 SV(MIN): 9.77e-02

Mean Silhouette Coefficient of all clusters MSC(MAX): 0.56
(best value is 1 and the worst value is -1. Values near 0 indicate overlapping clusters)

Davies-Bouldin score DB(MIN): 0.48
(The minimum score is zero, with lower values indicating better clustering.)

Process finished with exit code 0
