starting algorithm at: 15:41:04.413262
[1] "[R] success: found onlayargument for clusters and trim"
[1] "[R] clusters:"
[1] 10
[1] "[R] trim-factor:"
[1] 0.1
[1] "[R] script finished"
[ 5.  1.  1.  3.  5.  1.  4.  5.  7.  6. 10.  1.  3.  8.  7.  7.  0.  3.
  3.  2.  9.  5.  8.  1.  3.  1.  5.  5.  6.  6.  7.  4.  3.  1.  3.  3.
  4.  6.  8.  4.  5.  2.  4.  2.  1.  0.  3.  0.  4.  5.  7.  5. 10.  4.
  6.  6. 10.  1.  0.  1.  3. 10.  3.  7.  9.  3.  3.  8.  6.  1.  3.  1.
  6.  1.  0. 10.  8.  6.  5. 10.  8.  4.  4.  3.  6.  1.  3.  4.  6.  1.
  5.  2.  1.  6.  6.  0.  1.  1.  0.  5. 10. 10.  3.  5.  4.  1.  3.  6.
  0.  3.  0.  1.  8.  4.  3.  6.  5.  6.  6. 10.  1. 10.  4.  6.  8.  7.
 10.  4.  3.  4.  6.  0. 10.  8.  9.  1.  3.  0.  2. 10. 10.  4.  6.  9.
  2.  8.  3.  9.  9.  5.  0.  2.  1.  3.  1.  5.  3.  6.  6.  0.  5.  0.
  3.  0.  4.  1.  3.  9.  6. 10.  5.  8.  4.  3. 10.  8.  3.  8.  5.  5.
  3.  5.  6.  7.  0.  7.  3.  3.  5.  5.  4.  9. 10. 10.  7.  3.  9.  1.
  0.  3.  5. 10.  5.  5.  6. 10.  5.  3.  3. 10.  1.  8.  2.  8.  5. 10.
  3.  1.  6.  4.  8.  7. 10.  4.  3. 10. 10.  8.  6.  8.  5. 10. 10. 10.
 10. 10.  7.  6. 10.  1.  1.  9.  4.  3.  3.  8.  8.  5.  5.  5. 10.  5.
 10.  7.  0. 10.  9.  7.  7.  7.  2.  4.  3.  3.  9.  6.  6.  7.  5. 10.
  0. 10.  9.  5.  5.  7. 10.  3. 10.  7.  1.  4. 10.  0.  3.  4.  4.  9.
  1.  1.  3.  3.  4.  5.  3.  6.  6.  1.  5.  8.  4.  4.  8.  5.  4.  9.
  4.  3.  0.  6.  8.  6.  6.  2.  8.  4. 10.  8.  6.  6.  5.  4.  4.  4.
  3.  8.  8.  3. 10.  4.  0.  8.  3.  3.  3. 10.  0.  8.  9.  3. 10.  3.
  5.  5.  5.  8.  7.  9. 10.  0.  5.  6.  4.  1.  2.  8.  4.  7.  5. 10.
  3.  0.  9.  3.  1.  6.  0.  8.  4. 10.  5.  1. 10.  8. 10.  7.  0.  3.
  8.  6.  6.  6.  9.  4.  6.  3.  8.  0.  3.  6.  1.  3.  1.  6.  3.  5.
  5.  4. 10.  4.  8. 10. 10.  5.  1.  9.  9.  6.  8.  6.  3.  5.  9.  5.
  5.  2.  8.  3.  1.  3.  1. 10.  4.  3.  2.  7.  3.  9.  5.  6.  3. 10.
  5.  6.  3.  1.  4.  5. 10.  6.  8.  1.  9.  4.  3.  9.  8.  6.  6.  8.
  9.  0.  4.  2.  3.  6.  5.  8.  8.  4.  0.  8.  8.  9.  5.  7.  7.  1.
  7.  0. 10.  3.  8.  4.  9.  0.  8. 10. 10.  8.  3.  6.  7.  6.  4.  4.
  6.  4.  0.  5.  4.  5.  1.  6.  1.  9.  4.  7.  4.  3.  2.  1.  6.  4.
  5.  3.  6.  2.  2.  9.  3.  1.  3.  5.  4. 10.  4.  3.  7. 10.  0.  1.
  0.  2. 10.  8. 10.  6.  1.  1.  8.  2.  8.  6.  2.  3.  5. 10.  6.  3.
  5.  9.  5.  1.  8.  1.  5. 10.  5. 10.  5.  2.  5.  3.  6.  4.  4.  6.
  3.  1.  3.  5.  5.  1. 10.  5.  5.  5.  7.  3.  3.  6.  1.  5.  4.  5.
  9.  0.  7.  5.  0.  3. 10.  6.  8.  4.  3.  6. 10.  2.  7.  1. 10.  7.
  4.  4.  4. 10.  4.  8.  2.  2.  6.  5.  5.  8.  2.  4.  6.  6.  8.  7.
  6.  4.  6.  1.  3.  7.  1.  3.  3.  6.  5. 10.  5.  2.  7.  8.  7.  8.
  9.  7.  3.  6.  3.  6.  4.  5.  6.  0.  8.  7.  8.  5.  4.  8.  3.  3.
  3.  5. 10.  4.  5.  9.  8.  5.  8.  8.  6.  6.  3.  9.  5.  3.  8.  9.
  3.  5.  6.  2.  8.  4.  5.  2.  6.  6.  3.  4.  2.  4.  4.  9.  9.  4.
  6.  2.  3.  3.  5.  4.  4.  6.  7.  9.  4.  5.  3.  5.  6.  1.  8.  7.
  6.  2.  0.  5. 10.  9.  3.  4. 10.  8.  0.  3.  3.  3.  4.  6.  4.  8.
  5.  3.  9.  8.  7. 10.  3.  2.  0.  3.  9.  6. 10.  8.  7.  3.  8.  8.
  1.  6.  4.  3.  6. 10. 10.  6. 10. 10.  1.  8.  6.  3.  0. 10.  3.  8.
  9.  5.  5.  5.  0.  4.  5.  6.  7.  3.  7.  3.  3.  5.  5.  6.  4.  4.
  4.  5. 10.  9.  1.  7.  4.  0.  6.  6.  1.  1.  7.  6.  4.  3.  5. 10.
  2. 10.  0. 10.  8.  6.  0.  5.  5.  7.  8.  6.  0.  8.  8.  0.  9.  4.
  0.  4.  3.  5. 10.  6.  4. 10.  3.  0.  2.  8. 10.  6.  5.  6.  5.  4.
  5. 10.  5.  1.  5.  1.  6.  4.  4.  8.  4.  7. 10.  6.  3.  9.  3.  6.
  7.  6.  1.  3.  8.  3.  3. 10.  5.  5.  6.  4. 10.  3.  3.  9.  6.  0.
  3.  3. 10.  6.  2.  4.  3.  5.  4.  2. 10.  8.  4.  5.  3.  4.  9.  3.
  7.  3.  3.  7. 10.  3.  6.  2.  3.  5.  0.  3.  4.  3.  6.  8.  5.  9.
  5.  5.  2.  3.  8.  1.  1.  6.  3.  3.  3.  8.  3.  1.  5.  8. 10.  5.
  5. 10.  2.  9.  3.  3.  1. 10.  4.  3.  3.  3.  6.  6.  2.  6.  6.  4.
  3.  5.  1.  6.  3.  1.  5.  9.  8.  6.  0.  3.  9.  6.  3.  7.  5.  3.
  6.  7.  6.  1.  4.  5.  3.  7. 10.  5.  3.  4.  9.  3.  4.  8.  5.  0.
  8.  4.  6.  4.  5.  4.  6.  6.  8.  7.  0.  3.  6.  8. 10.  6.  4.  4.
  3.  0.  6.  3. 10.  1.  8.  5.  4.  5.]
finishing algorithm at: 15:43:56.081805

running time of algorithm: 0:02:51.668543


frquencies result
[( 5, 1.870e+00) ( 1, 3.910e+00) ( 1, 4.130e+00) ( 3, 5.300e-01)
 ( 5, 1.380e+00) ( 1, 4.120e+00) ( 4, 6.600e-01) ( 5, 1.510e+00)
 ( 7, 7.250e+00) ( 6, 2.840e+00) (10, 1.651e+01) ( 1, 4.360e+00)
 ( 3, 1.000e-02) ( 8, 3.410e+00) ( 7, 6.620e+00) ( 7, 6.980e+00)
 ( 0, 5.220e+00) ( 3, 5.600e-01) ( 3, 2.800e-01) ( 2, 8.900e+00)
 ( 9, 6.180e+00) ( 5, 1.520e+00) ( 8, 3.450e+00) ( 1, 4.550e+00)
 ( 3, 8.000e-02) ( 1, 4.490e+00) ( 5, 1.550e+00) ( 5, 1.560e+00)
 ( 6, 2.510e+00) ( 6, 2.610e+00) ( 7, 7.530e+00) ( 4, 1.140e+00)
 ( 3, 5.100e-01) ( 1, 3.810e+00) ( 3, 4.400e-01) ( 3, 4.200e-01)
 ( 4, 1.090e+00) ( 6, 2.140e+00) ( 8, 3.500e+00) ( 4, 7.500e-01)
 ( 5, 1.410e+00) ( 2, 9.380e+00) ( 4, 9.800e-01) ( 2, 9.370e+00)
 ( 1, 3.920e+00) ( 0, 4.850e+00) ( 3, 1.800e-01) ( 0, 5.230e+00)
 ( 4, 7.600e-01) ( 5, 1.950e+00) ( 7, 6.650e+00) ( 5, 1.940e+00)
 (10, 1.045e+01) ( 4, 8.500e-01) ( 6, 2.650e+00) ( 6, 2.870e+00)
 (10, 7.800e+00) ( 1, 4.510e+00) ( 0, 5.470e+00) ( 1, 3.840e+00)
 ( 3, 4.000e-01) (10, 2.537e+01) ( 3, 4.700e-01) ( 7, 7.270e+00)
 ( 9, 5.580e+00) ( 3, 4.300e-01) ( 3, 1.600e-01) ( 8, 3.380e+00)
 ( 6, 2.770e+00) ( 1, 4.270e+00) ( 3, 5.000e-02) ( 1, 4.250e+00)
 ( 6, 2.390e+00) ( 1, 3.810e+00) ( 0, 5.030e+00) (10, 1.067e+01)
 ( 8, 3.690e+00) ( 6, 2.040e+00) ( 5, 1.790e+00) (10, 2.646e+01)
 ( 8, 3.180e+00) ( 4, 9.300e-01) ( 4, 7.200e-01) ( 3, 5.600e-01)
 ( 6, 2.790e+00) ( 1, 4.250e+00) ( 3, 5.900e-01) ( 4, 8.200e-01)
 ( 6, 2.350e+00) ( 1, 4.000e+00) ( 5, 1.880e+00) ( 2, 9.280e+00)
 ( 1, 3.800e+00) ( 6, 2.300e+00) ( 6, 2.650e+00) ( 0, 5.430e+00)
 ( 1, 4.000e+00) ( 1, 4.000e+00) ( 0, 5.430e+00) ( 5, 1.450e+00)
 (10, 1.767e+01) (10, 1.540e+01) ( 3, 3.400e-01) ( 5, 1.690e+00)
 ( 4, 1.180e+00) ( 1, 3.950e+00) ( 3, 5.400e-01) ( 6, 2.440e+00)
 ( 0, 4.890e+00) ( 3, 1.100e-01) ( 0, 4.690e+00) ( 1, 4.400e+00)
 ( 8, 3.210e+00) ( 4, 8.400e-01) ( 3, 5.900e-01) ( 6, 2.850e+00)
 ( 5, 1.530e+00) ( 6, 2.430e+00) ( 6, 2.120e+00) (10, 1.003e+01)
 ( 1, 3.970e+00) (10, 1.673e+01) ( 4, 1.130e+00) ( 6, 2.780e+00)
 ( 8, 3.670e+00) ( 7, 7.120e+00) (10, 1.915e+01) ( 4, 1.050e+00)
 ( 3, 4.300e-01) ( 4, 6.800e-01) ( 6, 2.840e+00) ( 0, 4.830e+00)
 (10, 1.270e+01) ( 8, 3.430e+00) ( 9, 5.920e+00) ( 1, 3.970e+00)
 ( 3, 1.300e-01) ( 0, 5.330e+00) ( 2, 8.640e+00) (10, 7.730e+00)
 (10, 7.990e+00) ( 4, 6.700e-01) ( 6, 2.670e+00) ( 9, 5.620e+00)
 ( 2, 8.480e+00) ( 8, 3.450e+00) ( 3, 7.000e-02) ( 9, 6.210e+00)
 ( 9, 6.260e+00) ( 5, 1.490e+00) ( 0, 5.230e+00) ( 2, 9.080e+00)
 ( 1, 3.960e+00) ( 3, 4.800e-01) ( 1, 4.590e+00) ( 5, 1.340e+00)
 ( 3, 7.000e-02) ( 6, 2.490e+00) ( 6, 2.340e+00) ( 0, 5.320e+00)
 ( 5, 1.380e+00) ( 0, 5.380e+00) ( 3, 6.100e-01) ( 0, 5.240e+00)
 ( 4, 1.010e+00) ( 1, 4.230e+00) ( 3, 5.500e-01) ( 9, 5.570e+00)
 ( 6, 2.110e+00) (10, 1.326e+01) ( 5, 1.710e+00) ( 8, 3.640e+00)
 ( 4, 9.400e-01) ( 3, 3.600e-01) (10, 7.930e+00) ( 8, 3.290e+00)
 ( 3, 4.600e-01) ( 8, 3.610e+00) ( 5, 1.580e+00) ( 5, 1.410e+00)
 ( 3, 3.500e-01) ( 5, 1.890e+00) ( 6, 2.720e+00) ( 7, 7.100e+00)
 ( 0, 5.200e+00) ( 7, 6.800e+00) ( 3, 4.600e-01) ( 3, 4.400e-01)
 ( 5, 1.500e+00) ( 5, 1.660e+00) ( 4, 7.600e-01) ( 9, 6.190e+00)
 (10, 1.363e+01) (10, 1.221e+01) ( 7, 6.820e+00) ( 3, 4.800e-01)
 ( 9, 5.600e+00) ( 1, 3.770e+00) ( 0, 4.810e+00) ( 3, 3.400e-01)
 ( 5, 1.320e+00) (10, 1.895e+01) ( 5, 1.540e+00) ( 5, 1.920e+00)
 ( 6, 2.510e+00) (10, 1.556e+01) ( 5, 1.900e+00) ( 3, 4.000e-02)
 ( 3, 4.100e-01) (10, 1.054e+01) ( 1, 3.920e+00) ( 8, 3.170e+00)
 ( 2, 9.080e+00) ( 8, 3.050e+00) ( 5, 1.430e+00) (10, 7.710e+00)
 ( 3, 4.300e-01) ( 1, 4.420e+00) ( 6, 2.210e+00) ( 4, 1.100e+00)
 ( 8, 3.390e+00) ( 7, 6.540e+00) (10, 8.040e+00) ( 4, 6.600e-01)
 ( 3, 1.500e-01) (10, 1.128e+01) (10, 1.210e+01) ( 8, 3.670e+00)
 ( 6, 2.110e+00) ( 8, 3.440e+00) ( 5, 1.840e+00) (10, 1.124e+01)
 (10, 1.258e+01) (10, 7.670e+00) (10, 1.087e+01) (10, 1.598e+01)
 ( 7, 6.540e+00) ( 6, 2.030e+00) (10, 1.386e+01) ( 1, 3.920e+00)
 ( 1, 4.420e+00) ( 9, 5.700e+00) ( 4, 9.200e-01) ( 3, 4.000e-02)
 ( 3, 3.700e-01) ( 8, 3.700e+00) ( 8, 3.210e+00) ( 5, 1.390e+00)
 ( 5, 1.340e+00) ( 5, 1.450e+00) (10, 1.232e+01) ( 5, 1.870e+00)
 (10, 1.180e+01) ( 7, 7.370e+00) ( 0, 5.350e+00) (10, 1.182e+01)
 ( 9, 5.760e+00) ( 7, 7.140e+00) ( 7, 6.700e+00) ( 7, 7.030e+00)
 ( 2, 8.940e+00) ( 4, 1.180e+00) ( 3, 3.400e-01) ( 3, 1.000e-02)
 ( 9, 6.430e+00) ( 6, 2.170e+00) ( 6, 2.430e+00) ( 7, 6.720e+00)
 ( 5, 1.930e+00) (10, 7.970e+00) ( 0, 5.490e+00) (10, 8.160e+00)
 ( 9, 5.920e+00) ( 5, 1.980e+00) ( 5, 1.650e+00) ( 7, 6.720e+00)
 (10, 1.271e+01) ( 3, 4.400e-01) (10, 7.990e+00) ( 7, 7.080e+00)
 ( 1, 4.070e+00) ( 4, 9.900e-01) (10, 1.123e+01) ( 0, 5.010e+00)
 ( 3, 4.500e-01) ( 4, 1.020e+00) ( 4, 9.400e-01) ( 9, 6.330e+00)
 ( 1, 3.970e+00) ( 1, 4.190e+00) ( 3, 4.100e-01) ( 3, 2.800e-01)
 ( 4, 7.700e-01) ( 5, 1.990e+00) ( 3, 1.800e-01) ( 6, 2.250e+00)
 ( 6, 2.860e+00) ( 1, 4.050e+00) ( 5, 1.400e+00) ( 8, 3.070e+00)
 ( 4, 9.900e-01) ( 4, 8.500e-01) ( 8, 3.090e+00) ( 5, 1.480e+00)
 ( 4, 9.100e-01) ( 9, 6.010e+00) ( 4, 8.100e-01) ( 3, 6.300e-01)
 ( 0, 5.040e+00) ( 6, 2.550e+00) ( 8, 2.950e+00) ( 6, 2.290e+00)
 ( 6, 2.580e+00) ( 2, 9.510e+00) ( 8, 3.650e+00) ( 4, 1.010e+00)
 (10, 8.140e+00) ( 8, 3.050e+00) ( 6, 2.490e+00) ( 6, 2.610e+00)
 ( 5, 1.610e+00) ( 4, 9.800e-01) ( 4, 1.010e+00) ( 4, 9.300e-01)
 ( 3, 3.100e-01) ( 8, 3.260e+00) ( 8, 3.320e+00) ( 3, 3.700e-01)
 (10, 1.139e+01) ( 4, 1.170e+00) ( 0, 4.760e+00) ( 8, 3.700e+00)
 ( 3, 1.600e-01) ( 3, 5.000e-01) ( 3, 3.600e-01) (10, 1.107e+01)
 ( 0, 4.850e+00) ( 8, 3.620e+00) ( 9, 6.060e+00) ( 3, 4.600e-01)
 (10, 7.990e+00) ( 3, 2.800e-01) ( 5, 1.390e+00) ( 5, 1.580e+00)
 ( 5, 1.950e+00) ( 8, 3.470e+00) ( 7, 6.890e+00) ( 9, 5.620e+00)
 (10, 1.557e+01) ( 0, 5.120e+00) ( 5, 2.010e+00) ( 6, 2.150e+00)
 ( 4, 1.130e+00) ( 1, 3.990e+00) ( 2, 8.600e+00) ( 8, 3.180e+00)
 ( 4, 7.000e-01) ( 7, 7.160e+00) ( 5, 1.480e+00) (10, 1.197e+01)
 ( 3, 2.400e-01) ( 0, 5.330e+00) ( 9, 5.720e+00) ( 3, 4.400e-01)
 ( 1, 4.260e+00) ( 6, 2.170e+00) ( 0, 4.950e+00) ( 8, 3.230e+00)
 ( 4, 1.000e+00) (10, 1.047e+01) ( 5, 1.710e+00) ( 1, 4.260e+00)
 (10, 1.265e+01) ( 8, 3.010e+00) (10, 9.750e+00) ( 7, 7.540e+00)
 ( 0, 5.010e+00) ( 3, 7.000e-02) ( 8, 3.450e+00) ( 6, 2.480e+00)
 ( 6, 2.130e+00) ( 6, 2.480e+00) ( 9, 5.680e+00) ( 4, 7.000e-01)
 ( 6, 2.460e+00) ( 3, 2.500e-01) ( 8, 3.070e+00) ( 0, 5.420e+00)
 ( 3, 1.400e-01) ( 6, 2.310e+00) ( 1, 3.950e+00) ( 3, 4.300e-01)
 ( 1, 3.940e+00) ( 6, 2.190e+00) ( 3, 3.900e-01) ( 5, 1.540e+00)
 ( 5, 1.720e+00) ( 4, 1.190e+00) (10, 1.207e+01) ( 4, 7.800e-01)
 ( 8, 3.620e+00) (10, 1.316e+01) (10, 1.132e+01) ( 5, 1.560e+00)
 ( 1, 4.360e+00) ( 9, 5.670e+00) ( 9, 5.810e+00) ( 6, 2.780e+00)
 ( 8, 3.330e+00) ( 6, 2.490e+00) ( 3, 1.100e-01) ( 5, 2.000e+00)
 ( 9, 6.300e+00) ( 5, 1.300e+00) ( 5, 1.400e+00) ( 2, 9.520e+00)
 ( 8, 2.960e+00) ( 3, 2.800e-01) ( 1, 4.590e+00) ( 3, 3.200e-01)
 ( 1, 4.170e+00) (10, 1.009e+01) ( 4, 1.270e+00) ( 3, 5.100e-01)
 ( 2, 9.540e+00) ( 7, 6.680e+00) ( 3, 1.000e-02) ( 9, 6.040e+00)
 ( 5, 1.550e+00) ( 6, 2.440e+00) ( 3, 4.000e-02) (10, 1.844e+01)
 ( 5, 1.530e+00) ( 6, 2.780e+00) ( 3, 3.300e-01) ( 1, 4.040e+00)
 ( 4, 1.240e+00) ( 5, 1.820e+00) (10, 9.780e+00) ( 6, 2.810e+00)
 ( 8, 3.450e+00) ( 1, 4.470e+00) ( 9, 5.660e+00) ( 4, 9.000e-01)
 ( 3, 1.200e-01) ( 9, 6.000e+00) ( 8, 3.670e+00) ( 6, 2.260e+00)
 ( 6, 2.150e+00) ( 8, 3.620e+00) ( 9, 6.080e+00) ( 0, 5.360e+00)
 ( 4, 1.240e+00) ( 2, 8.550e+00) ( 3, 5.700e-01) ( 6, 2.260e+00)
 ( 5, 1.460e+00) ( 8, 3.170e+00) ( 8, 3.250e+00) ( 4, 1.000e+00)
 ( 0, 5.120e+00) ( 8, 3.520e+00) ( 8, 2.950e+00) ( 9, 5.580e+00)
 ( 5, 1.870e+00) ( 7, 6.760e+00) ( 7, 7.020e+00) ( 1, 4.190e+00)
 ( 7, 7.510e+00) ( 0, 5.050e+00) (10, 1.160e+01) ( 3, 5.000e-02)
 ( 8, 3.290e+00) ( 4, 1.210e+00) ( 9, 6.020e+00) ( 0, 4.910e+00)
 ( 8, 3.460e+00) (10, 1.835e+01) (10, 1.110e+01) ( 8, 3.290e+00)
 ( 3, 5.000e-02) ( 6, 2.280e+00) ( 7, 6.720e+00) ( 6, 2.160e+00)
 ( 4, 9.600e-01) ( 4, 6.900e-01) ( 6, 2.320e+00) ( 4, 1.230e+00)
 ( 0, 5.420e+00) ( 5, 1.790e+00) ( 4, 9.500e-01) ( 5, 1.440e+00)
 ( 1, 4.010e+00) ( 6, 2.410e+00) ( 1, 4.550e+00) ( 9, 5.770e+00)
 ( 4, 6.400e-01) ( 7, 6.650e+00) ( 4, 6.900e-01) ( 3, 5.500e-01)
 ( 2, 8.930e+00) ( 1, 3.840e+00) ( 6, 2.210e+00) ( 4, 1.130e+00)
 ( 5, 1.820e+00) ( 3, 3.300e-01) ( 6, 2.440e+00) ( 2, 9.270e+00)
 ( 2, 8.630e+00) ( 9, 5.560e+00) ( 3, 4.600e-01) ( 1, 3.980e+00)
 ( 3, 2.700e-01) ( 5, 1.290e+00) ( 4, 1.040e+00) (10, 1.138e+01)
 ( 4, 8.600e-01) ( 3, 4.600e-01) ( 7, 6.750e+00) (10, 1.504e+01)
 ( 0, 4.910e+00) ( 1, 4.310e+00) ( 0, 5.030e+00) ( 2, 9.510e+00)
 (10, 1.632e+01) ( 8, 3.060e+00) (10, 7.870e+00) ( 6, 2.850e+00)
 ( 1, 3.800e+00) ( 1, 4.310e+00) ( 8, 3.070e+00) ( 2, 8.940e+00)
 ( 8, 3.310e+00) ( 6, 2.570e+00) ( 2, 9.420e+00) ( 3, 1.100e-01)
 ( 5, 1.890e+00) (10, 1.057e+01) ( 6, 2.640e+00) ( 3, 5.300e-01)
 ( 5, 1.380e+00) ( 9, 5.960e+00) ( 5, 1.910e+00) ( 1, 3.870e+00)
 ( 8, 3.430e+00) ( 1, 4.000e+00) ( 5, 1.460e+00) (10, 8.260e+00)
 ( 5, 1.290e+00) (10, 1.147e+01) ( 5, 1.810e+00) ( 2, 9.340e+00)
 ( 5, 1.890e+00) ( 3, 1.000e-02) ( 6, 2.720e+00) ( 4, 9.000e-01)
 ( 4, 1.180e+00) ( 6, 2.770e+00) ( 3, 1.600e-01) ( 1, 4.480e+00)
 ( 3, 1.600e-01) ( 5, 1.940e+00) ( 5, 1.440e+00) ( 1, 4.520e+00)
 (10, 1.034e+01) ( 5, 1.860e+00) ( 5, 1.600e+00) ( 5, 1.360e+00)
 ( 7, 7.070e+00) ( 3, 2.100e-01) ( 3, 5.000e-01) ( 6, 2.130e+00)
 ( 1, 3.920e+00) ( 5, 1.670e+00) ( 4, 7.500e-01) ( 5, 1.360e+00)
 ( 9, 6.280e+00) ( 0, 5.200e+00) ( 7, 7.150e+00) ( 5, 1.860e+00)
 ( 0, 4.850e+00) ( 3, 2.000e-02) (10, 1.456e+01) ( 6, 2.190e+00)
 ( 8, 3.210e+00) ( 4, 1.210e+00) ( 3, 6.200e-01) ( 6, 2.790e+00)
 (10, 1.328e+01) ( 2, 8.600e+00) ( 7, 6.640e+00) ( 1, 4.290e+00)
 (10, 7.980e+00) ( 7, 7.120e+00) ( 4, 7.700e-01) ( 4, 8.200e-01)
 ( 4, 6.700e-01) (10, 7.750e+00) ( 4, 7.000e-01) ( 8, 3.280e+00)
 ( 2, 9.020e+00) ( 2, 9.250e+00) ( 6, 2.170e+00) ( 5, 1.920e+00)
 ( 5, 1.390e+00) ( 8, 3.620e+00) ( 2, 9.120e+00) ( 4, 7.700e-01)
 ( 6, 2.480e+00) ( 6, 2.680e+00) ( 8, 3.710e+00) ( 7, 7.130e+00)
 ( 6, 2.520e+00) ( 4, 1.120e+00) ( 6, 2.680e+00) ( 1, 4.230e+00)
 ( 3, 1.000e-02) ( 7, 6.890e+00) ( 1, 3.790e+00) ( 3, 3.800e-01)
 ( 3, 2.200e-01) ( 6, 2.450e+00) ( 5, 1.660e+00) (10, 1.005e+01)
 ( 5, 1.310e+00) ( 2, 8.560e+00) ( 7, 6.630e+00) ( 8, 3.390e+00)
 ( 7, 6.730e+00) ( 8, 2.920e+00) ( 9, 6.340e+00) ( 7, 7.140e+00)
 ( 3, 6.200e-01) ( 6, 2.720e+00) ( 3, 0.000e+00) ( 6, 2.530e+00)
 ( 4, 6.800e-01) ( 5, 1.920e+00) ( 6, 2.420e+00) ( 0, 5.270e+00)
 ( 8, 3.690e+00) ( 7, 7.300e+00) ( 8, 3.040e+00) ( 5, 1.590e+00)
 ( 4, 6.600e-01) ( 8, 3.040e+00) ( 3, 3.100e-01) ( 3, 5.500e-01)
 ( 3, 1.200e-01) ( 5, 1.890e+00) (10, 8.200e+00) ( 4, 1.040e+00)
 ( 5, 1.970e+00) ( 9, 5.830e+00) ( 8, 3.450e+00) ( 5, 1.310e+00)
 ( 8, 3.260e+00) ( 8, 3.440e+00) ( 6, 2.290e+00) ( 6, 2.020e+00)
 ( 3, 2.900e-01) ( 9, 5.540e+00) ( 5, 1.420e+00) ( 3, 1.000e-01)
 ( 8, 3.210e+00) ( 9, 5.890e+00) ( 3, 2.000e-02) ( 5, 1.310e+00)
 ( 6, 2.050e+00) ( 2, 9.140e+00) ( 8, 3.690e+00) ( 4, 1.270e+00)
 ( 5, 1.510e+00) ( 2, 9.090e+00) ( 6, 2.390e+00) ( 6, 2.050e+00)
 ( 3, 7.000e-02) ( 4, 1.210e+00) ( 2, 8.760e+00) ( 4, 6.400e-01)
 ( 4, 7.700e-01) ( 9, 6.150e+00) ( 9, 6.390e+00) ( 4, 1.140e+00)
 ( 6, 2.540e+00) ( 2, 8.820e+00) ( 3, 6.000e-02) ( 3, 1.800e-01)
 ( 5, 1.830e+00) ( 4, 6.700e-01) ( 4, 1.060e+00) ( 6, 2.370e+00)
 ( 7, 6.520e+00) ( 9, 6.430e+00) ( 4, 8.400e-01) ( 5, 1.370e+00)
 ( 3, 4.400e-01) ( 5, 1.430e+00) ( 6, 2.350e+00) ( 1, 4.110e+00)
 ( 8, 3.350e+00) ( 7, 6.680e+00) ( 6, 2.310e+00) ( 2, 9.280e+00)
 ( 0, 4.640e+00) ( 5, 1.640e+00) (10, 1.028e+01) ( 9, 5.620e+00)
 ( 3, 5.800e-01) ( 4, 1.260e+00) (10, 8.400e+00) ( 8, 3.450e+00)
 ( 0, 4.790e+00) ( 3, 6.200e-01) ( 3, 5.000e-02) ( 3, 4.200e-01)
 ( 4, 1.080e+00) ( 6, 2.380e+00) ( 4, 9.700e-01) ( 8, 3.200e+00)
 ( 5, 1.580e+00) ( 3, 2.800e-01) ( 9, 6.030e+00) ( 8, 3.230e+00)
 ( 7, 7.280e+00) (10, 1.071e+01) ( 3, 5.600e-01) ( 2, 8.730e+00)
 ( 0, 4.930e+00) ( 3, 8.000e-02) ( 9, 6.040e+00) ( 6, 2.700e+00)
 (10, 8.050e+00) ( 8, 3.050e+00) ( 7, 7.370e+00) ( 3, 1.000e-02)
 ( 8, 3.670e+00) ( 8, 3.600e+00) ( 1, 3.830e+00) ( 6, 2.270e+00)
 ( 4, 1.080e+00) ( 3, 0.000e+00) ( 6, 2.480e+00) (10, 1.118e+01)
 (10, 1.233e+01) ( 6, 2.420e+00) (10, 1.556e+01) (10, 1.297e+01)
 ( 1, 4.320e+00) ( 8, 3.140e+00) ( 6, 2.060e+00) ( 3, 6.000e-02)
 ( 0, 5.130e+00) (10, 1.143e+01) ( 3, 3.500e-01) ( 8, 3.730e+00)
 ( 9, 5.650e+00) ( 5, 1.390e+00) ( 5, 1.830e+00) ( 5, 1.910e+00)
 ( 0, 5.270e+00) ( 4, 8.200e-01) ( 5, 1.300e+00) ( 6, 2.150e+00)
 ( 7, 7.360e+00) ( 3, 1.400e-01) ( 7, 6.890e+00) ( 3, 2.300e-01)
 ( 3, 5.700e-01) ( 5, 1.330e+00) ( 5, 1.430e+00) ( 6, 2.400e+00)
 ( 4, 6.900e-01) ( 4, 1.200e+00) ( 4, 1.060e+00) ( 5, 1.600e+00)
 (10, 1.106e+01) ( 9, 6.180e+00) ( 1, 4.430e+00) ( 7, 7.230e+00)
 ( 4, 8.800e-01) ( 0, 4.740e+00) ( 6, 2.500e+00) ( 6, 2.710e+00)
 ( 1, 4.470e+00) ( 1, 4.020e+00) ( 7, 6.740e+00) ( 6, 2.180e+00)
 ( 4, 1.230e+00) ( 3, 4.200e-01) ( 5, 1.840e+00) (10, 2.537e+01)
 ( 2, 8.470e+00) (10, 1.163e+01) ( 0, 5.350e+00) (10, 1.978e+01)
 ( 8, 3.040e+00) ( 6, 2.150e+00) ( 0, 4.930e+00) ( 5, 1.360e+00)
 ( 5, 1.840e+00) ( 7, 6.870e+00) ( 8, 3.110e+00) ( 6, 2.620e+00)
 ( 0, 5.250e+00) ( 8, 3.070e+00) ( 8, 3.450e+00) ( 0, 4.990e+00)
 ( 9, 6.340e+00) ( 4, 1.110e+00) ( 0, 4.900e+00) ( 4, 8.500e-01)
 ( 3, 2.200e-01) ( 5, 1.690e+00) (10, 8.150e+00) ( 6, 2.390e+00)
 ( 4, 1.130e+00) (10, 2.063e+01) ( 3, 3.500e-01) ( 0, 5.220e+00)
 ( 2, 9.420e+00) ( 8, 3.510e+00) (10, 1.403e+01) ( 6, 2.690e+00)
 ( 5, 1.300e+00) ( 6, 2.240e+00) ( 5, 1.390e+00) ( 4, 1.190e+00)
 ( 5, 1.320e+00) (10, 1.076e+01) ( 5, 1.350e+00) ( 1, 4.430e+00)
 ( 5, 1.810e+00) ( 1, 3.810e+00) ( 6, 2.600e+00) ( 4, 8.300e-01)
 ( 4, 9.000e-01) ( 8, 2.940e+00) ( 4, 1.280e+00) ( 7, 6.890e+00)
 (10, 1.130e+01) ( 6, 2.530e+00) ( 3, 5.000e-01) ( 9, 6.200e+00)
 ( 3, 1.400e-01) ( 6, 2.160e+00) ( 7, 6.590e+00) ( 6, 2.680e+00)
 ( 1, 4.190e+00) ( 3, 2.000e-01) ( 8, 3.710e+00) ( 3, 2.700e-01)
 ( 3, 3.000e-02) (10, 1.247e+01) ( 5, 1.570e+00) ( 5, 1.600e+00)
 ( 6, 2.380e+00) ( 4, 6.700e-01) (10, 1.725e+01) ( 3, 5.200e-01)
 ( 3, 4.100e-01) ( 9, 6.020e+00) ( 6, 2.100e+00) ( 0, 5.250e+00)
 ( 3, 1.900e-01) ( 3, 1.500e-01) (10, 1.331e+01) ( 6, 2.420e+00)
 ( 2, 9.140e+00) ( 4, 1.190e+00) ( 3, 1.200e-01) ( 5, 1.370e+00)
 ( 4, 9.900e-01) ( 2, 9.650e+00) (10, 1.890e+01) ( 8, 3.730e+00)
 ( 4, 6.900e-01) ( 5, 1.410e+00) ( 3, 2.400e-01) ( 4, 8.600e-01)
 ( 9, 6.210e+00) ( 3, 5.100e-01) ( 7, 7.370e+00) ( 3, 2.000e-02)
 ( 3, 1.700e-01) ( 7, 6.810e+00) (10, 1.503e+01) ( 3, 4.200e-01)
 ( 6, 2.240e+00) ( 2, 9.680e+00) ( 3, 3.000e-01) ( 5, 1.650e+00)
 ( 0, 4.860e+00) ( 3, 3.100e-01) ( 4, 1.130e+00) ( 3, 1.800e-01)
 ( 6, 2.110e+00) ( 8, 3.060e+00) ( 5, 1.770e+00) ( 9, 6.250e+00)
 ( 5, 1.300e+00) ( 5, 1.460e+00) ( 2, 9.000e+00) ( 3, 3.300e-01)
 ( 8, 3.450e+00) ( 1, 4.050e+00) ( 1, 4.330e+00) ( 6, 2.170e+00)
 ( 3, 4.600e-01) ( 3, 1.800e-01) ( 3, 3.700e-01) ( 8, 3.470e+00)
 ( 3, 8.000e-02) ( 1, 4.150e+00) ( 5, 1.910e+00) ( 8, 3.260e+00)
 (10, 1.247e+01) ( 5, 1.580e+00) ( 5, 1.850e+00) (10, 8.300e+00)
 ( 2, 9.550e+00) ( 9, 5.720e+00) ( 3, 3.100e-01) ( 3, 1.300e-01)
 ( 1, 4.340e+00) (10, 7.760e+00) ( 4, 1.140e+00) ( 3, 4.400e-01)
 ( 3, 5.900e-01) ( 3, 5.700e-01) ( 6, 2.420e+00) ( 6, 2.100e+00)
 ( 2, 8.580e+00) ( 6, 2.170e+00) ( 6, 2.870e+00) ( 4, 1.180e+00)
 ( 3, 1.200e-01) ( 5, 1.550e+00) ( 1, 3.860e+00) ( 6, 2.470e+00)
 ( 3, 1.200e-01) ( 1, 3.810e+00) ( 5, 1.520e+00) ( 9, 5.810e+00)
 ( 8, 3.030e+00) ( 6, 2.460e+00) ( 0, 5.120e+00) ( 3, 5.000e-02)
 ( 9, 6.200e+00) ( 6, 2.150e+00) ( 3, 5.500e-01) ( 7, 6.900e+00)
 ( 5, 1.420e+00) ( 3, 6.200e-01) ( 6, 2.640e+00) ( 7, 6.900e+00)
 ( 6, 2.210e+00) ( 1, 4.250e+00) ( 4, 9.400e-01) ( 5, 1.360e+00)
 ( 3, 4.200e-01) ( 7, 6.540e+00) (10, 2.213e+01) ( 5, 1.400e+00)
 ( 3, 3.700e-01) ( 4, 1.120e+00) ( 9, 6.120e+00) ( 3, 1.500e-01)
 ( 4, 1.070e+00) ( 8, 3.580e+00) ( 5, 1.440e+00) ( 0, 4.800e+00)
 ( 8, 3.580e+00) ( 4, 1.220e+00) ( 6, 2.440e+00) ( 4, 1.230e+00)
 ( 5, 1.520e+00) ( 4, 7.500e-01) ( 6, 2.680e+00) ( 6, 2.310e+00)
 ( 8, 2.920e+00) ( 7, 7.350e+00) ( 0, 4.760e+00) ( 3, 2.500e-01)
 ( 6, 2.770e+00) ( 8, 3.470e+00) (10, 1.169e+01) ( 6, 2.270e+00)
 ( 4, 8.400e-01) ( 4, 1.170e+00) ( 3, 2.600e-01) ( 0, 4.870e+00)
 ( 6, 2.610e+00) ( 3, 4.800e-01) (10, 9.890e+00) ( 1, 3.790e+00)
 ( 8, 3.730e+00) ( 5, 1.760e+00) ( 4, 1.140e+00) ( 5, 1.760e+00)]

100 determined outlier frequencies:
[16.51 10.45  7.8  25.37 10.67 26.46 17.67 15.4  10.03 16.73 19.15 12.7
  7.73  7.99 13.26  7.93 13.63 12.21 18.95 15.56 10.54  7.71  8.04 11.28
 12.1  11.24 12.58  7.67 10.87 15.98 13.86 12.32 11.8  11.82  7.97  8.16
 12.71  7.99 11.23  8.14 11.39 11.07  7.99 15.57 11.97 10.47 12.65  9.75
 12.07 13.16 11.32 10.09 18.44  9.78 11.6  18.35 11.1  11.38 15.04 16.32
  7.87 10.57  8.26 11.47 10.34 14.56 13.28  7.98  7.75 10.05  8.2  10.28
  8.4  10.71  8.05 11.18 12.33 15.56 12.97 11.43 11.06 25.37 11.63 19.78
  8.15 20.63 14.03 10.76 11.3  12.47 17.25 13.31 18.9  15.03 12.47  8.3
  7.76 22.13 11.69  9.89]
analyze method without outliers


analyzing the results:
number of max cluster size: 10
number of actually used clusters: 10
min value of all elements: 0.0
max value of all elements: 9.68
mean of all elements: 2.945711111111111
median of all elements: 2.3600000000000003
standard deviation of all elements: 2.386589022221391
variance of all elements: 5.702142875293537
distribution of all clusters: [0 0 0 0 0 0 0 0 0 0 0 0 0 0 0 0 0 0 0 0 0 0 0 0 0 0 0 0 0 0 0 0 0 0 0 0 0
 0 0 0 0 0 0 0 0 0 0 0 0 0 0 0 0 0 0 0 1 1 1 1 1 1 1 1 1 1 1 1 1 1 1 1 1 1
 1 1 1 1 1 1 1 1 1 1 1 1 1 1 1 1 1 1 1 1 1 1 1 1 1 1 1 1 1 1 1 1 1 1 1 1 1
 1 1 1 1 1 1 1 1 1 1 1 1 1 1 1 1 1 1 1 1 1 1 2 2 2 2 2 2 2 2 2 2 2 2 2 2 2
 2 2 2 2 2 2 2 2 2 2 2 2 2 2 2 2 2 2 2 2 2 2 2 2 2 3 3 3 3 3 3 3 3 3 3 3 3
 3 3 3 3 3 3 3 3 3 3 3 3 3 3 3 3 3 3 3 3 3 3 3 3 3 3 3 3 3 3 3 3 3 3 3 3 3
 3 3 3 3 3 3 3 3 3 3 3 3 3 3 3 3 3 3 3 3 3 3 3 3 3 3 3 3 3 3 3 3 3 3 3 3 3
 3 3 3 3 3 3 3 3 3 3 3 3 3 3 3 3 3 3 3 3 3 3 3 3 3 3 3 3 3 3 3 3 3 3 3 3 3
 3 3 3 3 3 3 3 3 3 3 3 3 3 3 3 3 3 3 3 3 3 3 3 3 3 3 3 3 3 3 3 3 3 3 3 4 4
 4 4 4 4 4 4 4 4 4 4 4 4 4 4 4 4 4 4 4 4 4 4 4 4 4 4 4 4 4 4 4 4 4 4 4 4 4
 4 4 4 4 4 4 4 4 4 4 4 4 4 4 4 4 4 4 4 4 4 4 4 4 4 4 4 4 4 4 4 4 4 4 4 4 4
 4 4 4 4 4 4 4 4 4 4 4 4 4 4 4 4 4 4 4 4 4 4 4 4 4 4 4 4 4 4 4 4 4 4 4 4 5
 5 5 5 5 5 5 5 5 5 5 5 5 5 5 5 5 5 5 5 5 5 5 5 5 5 5 5 5 5 5 5 5 5 5 5 5 5
 5 5 5 5 5 5 5 5 5 5 5 5 5 5 5 5 5 5 5 5 5 5 5 5 5 5 5 5 5 5 5 5 5 5 5 5 5
 5 5 5 5 5 5 5 5 5 5 5 5 5 5 5 5 5 5 5 5 5 5 5 5 5 5 5 5 5 5 5 5 5 5 5 5 5
 5 5 5 5 5 5 5 5 5 5 5 5 5 5 5 5 5 6 6 6 6 6 6 6 6 6 6 6 6 6 6 6 6 6 6 6 6
 6 6 6 6 6 6 6 6 6 6 6 6 6 6 6 6 6 6 6 6 6 6 6 6 6 6 6 6 6 6 6 6 6 6 6 6 6
 6 6 6 6 6 6 6 6 6 6 6 6 6 6 6 6 6 6 6 6 6 6 6 6 6 6 6 6 6 6 6 6 6 6 6 6 6
 6 6 6 6 6 6 6 6 6 6 6 6 6 6 6 6 6 6 6 6 6 6 6 6 6 6 6 6 6 6 6 6 7 7 7 7 7
 7 7 7 7 7 7 7 7 7 7 7 7 7 7 7 7 7 7 7 7 7 7 7 7 7 7 7 7 7 7 7 7 7 7 7 7 7
 7 7 7 7 7 7 7 7 7 7 7 7 7 7 8 8 8 8 8 8 8 8 8 8 8 8 8 8 8 8 8 8 8 8 8 8 8
 8 8 8 8 8 8 8 8 8 8 8 8 8 8 8 8 8 8 8 8 8 8 8 8 8 8 8 8 8 8 8 8 8 8 8 8 8
 8 8 8 8 8 8 8 8 8 8 8 8 8 8 8 8 8 8 8 8 8 8 8 8 8 8 8 8 8 8 8 8 8 9 9 9 9
 9 9 9 9 9 9 9 9 9 9 9 9 9 9 9 9 9 9 9 9 9 9 9 9 9 9 9 9 9 9 9 9 9 9 9 9 9
 9 9 9 9 9 9 9 9 9 9 9 9]

cluster #0: 	sum elements:56  	min value: 4.64 	max value: 5.49 	mean: 5.1 	std deviation: 0.233 	median: 5.085
cluster #0 homoscedasticity given with ratio = 1.3911900065746174
cluster #1: 	sum elements:77  	min value: 3.77 	max value: 4.59 	mean: 4.1 	std deviation: 0.241 	median: 4.11
cluster #1 homoscedasticity NOT given with ratio = 2.204775022956848
cluster #2: 	sum elements:40  	min value: 8.47 	max value: 9.68 	mean: 9.1 	std deviation: 0.361 	median: 9.085
cluster #2 homoscedasticity given with ratio = 1.179845422116524
cluster #3: 	sum elements:158  	min value: 0.0 	max value: 0.63 	mean: 0.3 	std deviation: 0.187 	median: 0.31
cluster #3 homoscedasticity given with ratio = 1.2100000000000002
cluster #4: 	sum elements:112  	min value: 0.64 	max value: 1.28 	mean: 1.0 	std deviation: 0.193 	median: 0.975
cluster #4 homoscedasticity NOT given with ratio = 1.6530612244897955
cluster #5: 	sum elements:129  	min value: 1.29 	max value: 2.01 	mean: 1.6 	std deviation: 0.219 	median: 1.56
cluster #5 homoscedasticity NOT given with ratio = 1.7492195629552518
cluster #6: 	sum elements:126  	min value: 2.02 	max value: 2.87 	mean: 2.4 	std deviation: 0.237 	median: 2.425
cluster #6 homoscedasticity NOT given with ratio = 1.5297783933518028
cluster #7: 	sum elements:56  	min value: 6.52 	max value: 7.54 	mean: 7.0 	std deviation: 0.289 	median: 6.895
cluster #7 homoscedasticity given with ratio = 1.2656249999999978
cluster #8: 	sum elements:93  	min value: 2.92 	max value: 3.73 	mean: 3.4 	std deviation: 0.242 	median: 3.38
cluster #8 homoscedasticity NOT given with ratio = 2.1157024793388417
cluster #9: 	sum elements:53  	min value: 5.54 	max value: 6.43 	mean: 6.0 	std deviation: 0.273 	median: 6.01
cluster #9 homoscedasticity given with ratio = 1.144402379664685
homoscedasticity given for 5 of 10 used clusters

number of elements: 900

built clusters:
cluster #3: 0.0 -- 0.63 (158)
cluster #4: 0.64 -- 1.28 (112)
cluster #5: 1.29 -- 2.01 (129)
cluster #6: 2.02 -- 2.87 (126)
cluster #8: 2.92 -- 3.73 (93)
cluster #1: 3.77 -- 4.59 (77)
cluster #0: 4.64 -- 5.49 (56)
cluster #9: 5.54 -- 6.43 (53)
cluster #7: 6.52 -- 7.54 (56)
cluster #2: 8.47 -- 9.68 (40)

score even distribution (SED) MAX: 1.37e+19
score even distribution (SED) MAX: 1.3693704557695304e+19
SED number of digits: 20

number of used clusters (NUC) MAX: 1.0

sum variances (SV) MIN: 0.6259625835744096
sum variances (SV) MIN: 6.26e-01
ratio between SED and sv digits MAX: 0
SUM: NUC(MAX): 1.0	 SED(MAX): 1.37e+19	 SV(MIN): 6.26e-01

Mean Silhouette Coefficient of all clusters MSC(MAX): 0.56
(best value is 1 and the worst value is -1. Values near 0 indicate overlapping clusters)

Davies-Bouldin score DB(MIN): 0.49
(The minimum score is zero, with lower values indicating better clustering.)

Process finished with exit code 0
