

TRIAL: 1
***********


starting algorithm at: 10:05:10.442735
[1] "[R] success: found arguments for clusters and trim factor"
[1] "[R] clusters:"
[1] 9
[1] "[R] trim-factor:"
[1] 0.1
[1] "[R] script finished"
[5. 6. 1. 9. 2. 0. 5. 5. 6. 6. 1. 5. 8. 7. 8. 2. 3. 2. 8. 4. 3. 6. 2. 9.
 8. 2. 1. 2. 5. 6. 9. 2. 2. 4. 4. 4. 9. 7. 4. 7. 2. 7. 5. 9. 6. 6. 6. 9.
 9. 7. 3. 5. 3. 8. 4. 6. 8. 3. 5. 7. 9. 9. 9. 9. 8. 3. 4. 1. 1. 5. 0. 2.
 9. 2. 2. 4. 9. 1. 0. 4. 6. 2. 4. 6. 6. 3. 6. 9. 4. 4. 7. 6. 2. 7. 1. 2.
 5. 3. 5. 8. 1. 4. 0. 3. 7. 8. 7. 7. 2. 6. 8. 4. 7. 9. 3. 3. 2. 5. 7. 5.
 9. 2. 4. 1. 2. 2. 7. 6. 0. 3. 1. 4. 0. 9. 4. 0. 4. 4. 1. 0. 3. 2. 0. 4.
 2. 4. 6. 7. 7. 8. 7. 8. 4. 6. 4. 2. 1. 1. 2. 7. 8. 0. 4. 4. 3. 2. 4. 0.
 1. 9. 6. 6. 8. 2. 3. 8. 4. 4. 4. 1. 5. 6. 6. 2. 1. 8. 2. 3. 6. 4. 8. 5.
 3. 3. 1. 6. 6. 4. 6. 9. 0. 7. 1. 1. 5. 3. 4. 9. 5. 0. 1. 7. 3. 3. 8. 2.
 0. 9. 7. 6. 4. 7. 3. 0. 4. 2. 6. 5. 2. 9. 4. 3. 5. 2. 3. 9. 1. 9. 4. 7.
 5. 5. 7. 3. 0. 9. 0. 6. 2. 6. 9. 1. 1. 2. 4. 6. 9. 7. 2. 3. 3. 7. 8. 4.
 6. 4. 5. 0. 8. 6. 1. 8. 3. 2. 6. 6. 8. 8. 2. 2. 0. 2. 3. 3. 8. 6. 9. 1.
 3. 9. 2. 4. 4. 1. 4. 2. 7. 3. 9. 3. 2. 4. 9. 8. 9. 0. 7. 9. 9. 3. 7. 8.
 3. 2. 2. 3. 3. 5. 3. 2. 0. 4. 6. 2. 7. 2. 2. 7. 4. 3. 6. 3. 3. 1. 4. 8.
 2. 3. 0. 4. 2. 5. 4. 3. 8. 1. 6. 4. 4. 7. 6. 1. 6. 3. 9. 6. 6. 5. 0. 1.
 1. 6. 8. 6. 4. 2. 8. 4. 3. 9. 6. 2. 6. 6. 6. 2. 7. 3. 8. 1. 7. 5. 4. 6.
 2. 4. 3. 4. 1. 2. 2. 5. 6. 9. 1. 9. 2. 4. 3. 3. 7. 1. 8. 0. 1. 5. 1. 8.
 9. 9. 2. 5. 7. 5. 6. 8. 7. 9. 6. 3. 4. 4. 2. 5. 3. 6. 2. 3. 9. 1. 0. 5.
 0. 4. 9. 1. 8. 8. 4. 3. 4. 9. 3. 6. 6. 2. 2. 2. 7. 3. 4. 3. 7. 4. 1. 6.
 0. 0. 0. 3. 5. 3. 3. 2. 7. 4. 2. 5. 2. 9. 1. 5. 6. 2. 9. 9. 3. 5. 6. 2.
 6. 3. 3. 8. 8. 7. 7. 6. 6. 7. 4. 2. 9. 7. 7. 7. 4. 9. 0. 4. 1. 4. 3. 8.
 2. 4. 1. 1. 6. 7. 1. 1. 3. 0. 9. 8. 4. 8. 1. 6. 7. 5. 4. 3. 7. 6. 6. 4.
 2. 9. 5. 4. 9. 7. 1. 2. 7. 6. 6. 9. 9. 3. 4. 3. 5. 5. 6. 2. 2. 3. 8. 2.
 5. 3. 9. 0. 5. 9. 5. 6. 1. 1. 0. 5. 1. 5. 6. 6. 9. 4. 3. 7. 9. 5. 9. 8.
 7. 2. 2. 2. 3. 5. 7. 5. 5. 3. 7. 3. 3. 9. 8. 2. 0. 9. 6. 4. 4. 4. 4. 4.
 4. 4. 3. 2. 4. 2. 4. 2. 5. 8. 4. 4. 2. 4. 4. 7. 1. 4. 3. 9. 5. 4. 5. 2.
 9. 3. 7. 2. 1. 4. 4. 8. 6. 4. 9. 8. 3. 4. 4. 3. 5. 2. 7. 5. 1. 1. 9. 2.
 5. 1. 1. 2. 4. 1. 8. 9. 9. 6. 9. 6. 9. 9. 9. 5. 3. 7. 0. 3. 5. 1. 4. 0.
 6. 2. 2. 1. 2. 9. 5. 2. 5. 1. 2. 4. 6. 7. 3. 6. 3. 3. 1. 2. 1. 1. 4. 5.
 2. 4. 5. 0. 2. 7. 5. 1. 7. 3. 6. 4. 8. 9. 9. 9. 1. 2. 1. 0. 2. 5. 7. 6.
 1. 5. 3. 2. 9. 0. 6. 9. 9. 4. 7. 3. 7. 4. 0. 3. 2. 9. 1. 2. 3. 2. 4. 5.
 3. 4. 2. 8. 7. 9. 2. 4. 3. 1. 7. 1. 3. 4. 6. 3. 2. 4. 3. 2. 9. 6. 1. 4.
 6. 4. 2. 6. 6. 1. 1. 0. 3. 3. 0. 6. 5. 5. 7. 4. 4. 8. 3. 3. 9. 2. 9. 2.
 3. 1. 7. 3. 6. 5. 5. 2. 1. 6. 5. 3. 0. 2. 4. 6. 3. 8. 1. 3. 6. 5. 2. 2.
 6. 0. 5. 4. 6. 2. 0. 8. 6. 3. 6. 9. 1. 0. 3. 4. 8. 7. 4. 8. 4. 0. 9. 8.
 1. 8. 2. 3. 2. 6. 4. 4. 1. 1. 9. 6. 8. 5. 3. 9. 6. 4. 6. 3. 8. 3. 6. 4.
 1. 2. 9. 3. 5. 7. 1. 6. 7. 0. 2. 4. 3. 2. 0. 5. 2. 6. 2. 6. 6. 4. 1. 5.
 1. 4. 9. 3. 6. 3. 2. 9. 7. 2. 6. 9. 6. 3. 1. 6. 6. 1. 0. 8. 7. 4. 4. 1.
 6. 2. 1. 9. 9. 6. 1. 1. 2. 4. 4. 4. 4. 1. 9. 2. 5. 1. 3. 3. 3. 4. 2. 2.
 6. 1. 6. 2. 7. 3. 4. 0. 4. 3. 2. 2. 3. 3. 4. 0. 8. 6. 8. 9. 6. 2. 3. 6.
 2. 7. 5. 6. 1. 3. 2. 2. 9. 2. 5. 2. 4. 1. 4. 1. 4. 6. 0. 9. 3. 9. 6. 2.
 9. 5. 8. 7. 1. 0. 8. 4. 8. 4. 2. 0. 6. 3. 0. 9.]
finishing algorithm at: 10:07:34.601097

running time of algorithm: 0:02:24.158362


frquencies result
[(5,  1.62) (6, -0.24) (1,  1.26) (9,  3.32) (2,  0.24) (0,  2.84)
 (5,  1.89) (5,  1.76) (6, -0.21) (6, -0.18) (1,  1.51) (5,  1.84)
 (8,  2.08) (7, -0.49) (8,  2.16) (2,  0.37) (3,  1.06) (2,  0.36)
 (8,  2.17) (4,  0.81) (3,  1.2 ) (6, -0.18) (2,  0.33) (9, -0.88)
 (8,  2.21) (2,  0.39) (1,  1.27) (2,  0.31) (5,  1.84) (6, -0.16)
 (9,  3.26) (2,  0.24) (2,  0.33) (4,  0.64) (4,  0.68) (4,  0.73)
 (9,  4.88) (7, -0.45) (4,  0.72) (7, -0.36) (2,  0.15) (7, -0.6 )
 (5,  1.94) (9, -1.15) (6, -0.12) (6, -0.07) (6, -0.08) (9,  3.4 )
 (9,  3.94) (7, -0.67) (3,  1.17) (5,  1.77) (3,  1.14) (8,  2.19)
 (4,  0.73) (6, -0.25) (8,  2.02) (3,  1.07) (5,  1.67) (7, -0.36)
 (9,  3.24) (9,  3.02) (9, -1.48) (9,  4.13) (8,  2.33) (3,  1.17)
 (4,  0.6 ) (1,  1.54) (1,  1.52) (5,  1.81) (0,  2.72) (2,  0.31)
 (9,  4.58) (2,  0.35) (2,  0.17) (4,  0.54) (9,  4.02) (1,  1.26)
 (0,  2.85) (4,  0.59) (6, -0.26) (2,  0.2 ) (4,  0.65) (6, -0.23)
 (6,  0.05) (3,  1.12) (6,  0.11) (9, -0.96) (4,  0.8 ) (4,  0.61)
 (7, -0.31) (6, -0.2 ) (2,  0.47) (7, -0.28) (1,  1.35) (2,  0.22)
 (5,  1.63) (3,  1.08) (5,  1.71) (8,  2.11) (1,  1.42) (4,  0.79)
 (0,  2.49) (3,  0.94) (7, -0.51) (8,  2.33) (7, -0.37) (7, -0.3 )
 (2,  0.34) (6, -0.07) (8,  2.1 ) (4,  0.85) (7, -0.64) (9, -1.02)
 (3,  1.03) (3,  1.14) (2,  0.26) (5,  1.76) (7, -0.41) (5,  1.88)
 (9,  2.9 ) (2,  0.29) (4,  0.62) (1,  1.46) (2,  0.39) (2,  0.45)
 (7, -0.49) (6, -0.23) (0,  2.52) (3,  0.88) (1,  1.36) (4,  0.68)
 (0,  2.69) (9, -1.28) (4,  0.78) (0,  2.67) (4,  0.54) (4,  0.58)
 (1,  1.32) (0,  2.5 ) (3,  1.02) (2,  0.36) (0,  2.63) (4,  0.73)
 (2,  0.44) (4,  0.59) (6,  0.1 ) (7, -0.67) (7, -0.37) (8,  2.21)
 (7, -0.46) (8,  2.22) (4,  0.72) (6,  0.01) (4,  0.67) (2,  0.44)
 (1,  1.44) (1,  1.32) (2,  0.43) (7, -0.31) (8,  2.16) (0,  2.51)
 (4,  0.83) (4,  0.62) (3,  1.17) (2,  0.42) (4,  0.59) (0,  2.45)
 (1,  1.22) (9,  3.39) (6, -0.21) (6, -0.26) (8,  2.04) (2,  0.43)
 (3,  0.93) (8,  2.17) (4,  0.56) (4,  0.52) (4,  0.67) (1,  1.42)
 (5,  1.8 ) (6, -0.15) (6,  0.13) (2,  0.28) (1,  1.55) (8,  2.06)
 (2,  0.28) (3,  1.01) (6, -0.24) (4,  0.63) (8,  2.13) (5,  1.57)
 (3,  0.88) (3,  0.98) (1,  1.31) (6,  0.02) (6,  0.02) (4,  0.56)
 (6,  0.04) (9, -0.77) (0,  2.74) (7, -0.75) (1,  1.48) (1,  1.26)
 (5,  1.94) (3,  0.96) (4,  0.67) (9,  3.23) (5,  1.73) (0,  2.41)
 (1,  1.41) (7, -0.33) (3,  1.13) (3,  1.12) (8,  2.08) (2,  0.21)
 (0,  2.8 ) (9, -0.79) (7, -0.34) (6,  0.04) (4,  0.56) (7, -0.49)
 (3,  1.03) (0,  2.66) (4,  0.7 ) (2,  0.39) (6,  0.12) (5,  1.87)
 (2,  0.48) (9,  2.91) (4,  0.82) (3,  1.04) (5,  1.58) (2,  0.14)
 (3,  1.05) (9,  3.47) (1,  1.21) (9,  3.38) (4,  0.82) (7, -0.36)
 (5,  1.63) (5,  1.86) (7, -0.35) (3,  1.13) (0,  2.59) (9,  3.89)
 (0,  2.44) (6,  0.1 ) (2,  0.46) (6,  0.08) (9,  3.6 ) (1,  1.55)
 (1,  1.48) (2,  0.44) (4,  0.85) (6, -0.17) (9,  5.16) (7, -0.33)
 (2,  0.24) (3,  0.91) (3,  0.93) (7, -0.51) (8,  2.06) (4,  0.64)
 (6, -0.03) (4,  0.71) (5,  1.59) (0,  2.68) (8,  2.26) (6,  0.1 )
 (1,  1.24) (8,  2.3 ) (3,  1.08) (2,  0.23) (6, -0.01) (6, -0.19)
 (8,  2.21) (8,  2.12) (2,  0.46) (2,  0.46) (0,  2.68) (2,  0.33)
 (3,  1.02) (3,  0.92) (8,  2.03) (6, -0.18) (9,  3.1 ) (1,  1.39)
 (3,  1.17) (9,  3.21) (2,  0.37) (4,  0.81) (4,  0.83) (1,  1.23)
 (4,  0.58) (2,  0.46) (7, -0.35) (3,  1.06) (9,  3.01) (3,  0.91)
 (2,  0.48) (4,  0.66) (9,  3.83) (8,  2.08) (9,  4.59) (0,  2.66)
 (7, -0.38) (9,  5.54) (9, -1.03) (3,  1.02) (7, -0.48) (8,  2.04)
 (3,  1.01) (2,  0.21) (2,  0.39) (3,  1.14) (3,  0.92) (5,  1.96)
 (3,  0.95) (2,  0.21) (0,  2.54) (4,  0.81) (6, -0.2 ) (2,  0.48)
 (7, -0.56) (2,  0.34) (2,  0.27) (7, -0.53) (4,  0.51) (3,  1.12)
 (6,  0.02) (3,  1.09) (3,  1.13) (1,  1.34) (4,  0.68) (8,  2.12)
 (2,  0.28) (3,  0.98) (0,  2.49) (4,  0.56) (2,  0.25) (5,  1.77)
 (4,  0.61) (3,  1.01) (8,  2.3 ) (1,  1.21) (6, -0.24) (4,  0.64)
 (4,  0.8 ) (7, -0.45) (6, -0.02) (1,  1.36) (6,  0.08) (3,  1.01)
 (9, -0.81) (6, -0.2 ) (6,  0.02) (5,  1.86) (0,  2.49) (1,  1.41)
 (1,  1.33) (6,  0.09) (8,  1.97) (6,  0.07) (4,  0.73) (2,  0.26)
 (8,  2.26) (4,  0.7 ) (3,  1.05) (9,  3.11) (6, -0.2 ) (2,  0.41)
 (6,  0.01) (6, -0.02) (6, -0.1 ) (2,  0.34) (7, -0.35) (3,  0.96)
 (8,  2.  ) (1,  1.4 ) (7, -0.71) (5,  1.79) (4,  0.83) (6, -0.05)
 (2,  0.39) (4,  0.71) (3,  1.05) (4,  0.71) (1,  1.37) (2,  0.45)
 (2,  0.43) (5,  1.88) (6,  0.02) (9, -1.16) (1,  1.3 ) (9, -1.09)
 (2,  0.47) (4,  0.51) (3,  1.12) (3,  1.18) (7, -0.59) (1,  1.32)
 (8,  2.08) (0,  2.67) (1,  1.37) (5,  1.64) (1,  1.39) (8,  2.15)
 (9,  3.66) (9,  3.75) (2,  0.46) (5,  1.63) (7, -0.61) (5,  1.72)
 (6,  0.11) (8,  2.23) (7, -0.45) (9, -0.9 ) (6, -0.13) (3,  1.02)
 (4,  0.71) (4,  0.81) (2,  0.25) (5,  1.87) (3,  1.15) (6,  0.06)
 (2,  0.34) (3,  1.03) (9,  3.23) (1,  1.46) (0,  2.68) (5,  1.77)
 (0,  2.79) (4,  0.75) (9,  4.15) (1,  1.48) (8,  2.05) (8,  2.3 )
 (4,  0.51) (3,  0.91) (4,  0.81) (9, -0.91) (3,  1.17) (6, -0.22)
 (6,  0.04) (2,  0.28) (2,  0.44) (2,  0.32) (7, -0.59) (3,  1.16)
 (4,  0.78) (3,  1.04) (7, -0.44) (4,  0.6 ) (1,  1.27) (6, -0.19)
 (0,  2.68) (0,  2.51) (0,  2.66) (3,  1.05) (5,  1.94) (3,  1.01)
 (3,  1.14) (2,  0.42) (7, -0.52) (4,  0.77) (2,  0.33) (5,  1.78)
 (2,  0.44) (9,  3.99) (1,  1.24) (5,  1.75) (6, -0.02) (2,  0.27)
 (9, -1.35) (9,  3.06) (3,  0.98) (5,  1.79) (6,  0.09) (2,  0.47)
 (6, -0.1 ) (3,  0.91) (3,  1.05) (8,  2.23) (8,  2.26) (7, -0.45)
 (7, -0.43) (6, -0.21) (6, -0.02) (7, -0.3 ) (4,  0.68) (2,  0.31)
 (9,  2.93) (7, -0.6 ) (7, -0.36) (7, -0.62) (4,  0.69) (9,  4.18)
 (0,  2.41) (4,  0.69) (1,  1.24) (4,  0.8 ) (3,  0.96) (8,  2.08)
 (2,  0.37) (4,  0.68) (1,  1.37) (1,  1.55) (6,  0.08) (7, -0.72)
 (1,  1.5 ) (1,  1.34) (3,  0.92) (0,  2.53) (9,  3.24) (8,  2.15)
 (4,  0.64) (8,  2.12) (1,  1.32) (6,  0.1 ) (7, -0.37) (5,  1.59)
 (4,  0.86) (3,  1.1 ) (7, -0.45) (6, -0.09) (6,  0.05) (4,  0.71)
 (2,  0.24) (9,  3.84) (5,  1.6 ) (4,  0.69) (9,  3.69) (7, -0.33)
 (1,  1.55) (2,  0.22) (7, -0.55) (6,  0.08) (6, -0.04) (9,  3.24)
 (9,  2.98) (3,  1.14) (4,  0.72) (3,  1.07) (5,  1.62) (5,  1.82)
 (6, -0.26) (2,  0.24) (2,  0.45) (3,  0.89) (8,  2.37) (2,  0.16)
 (5,  1.77) (3,  1.14) (9, -0.94) (0,  2.68) (5,  1.92) (9, -0.77)
 (5,  1.58) (6, -0.17) (1,  1.28) (1,  1.42) (0,  2.48) (5,  1.94)
 (1,  1.34) (5,  1.58) (6,  0.07) (6, -0.08) (9, -1.09) (4,  0.76)
 (3,  1.09) (7, -0.71) (9,  3.58) (5,  1.65) (9,  3.4 ) (8,  2.  )
 (7, -0.48) (2,  0.17) (2,  0.22) (2,  0.48) (3,  0.91) (5,  1.72)
 (7, -0.29) (5,  1.59) (5,  1.7 ) (3,  0.94) (7, -0.65) (3,  0.92)
 (3,  1.2 ) (9,  3.33) (8,  2.25) (2,  0.23) (0,  2.5 ) (9,  3.64)
 (6,  0.06) (4,  0.83) (4,  0.68) (4,  0.63) (4,  0.58) (4,  0.81)
 (4,  0.72) (4,  0.8 ) (3,  1.15) (2,  0.33) (4,  0.75) (2,  0.26)
 (4,  0.72) (2,  0.28) (5,  1.71) (8,  2.23) (4,  0.55) (4,  0.67)
 (2,  0.42) (4,  0.77) (4,  0.62) (7, -0.56) (1,  1.25) (4,  0.71)
 (3,  1.08) (9,  3.93) (5,  1.81) (4,  0.75) (5,  1.79) (2,  0.49)
 (9,  3.62) (3,  0.92) (7, -0.65) (2,  0.37) (1,  1.41) (4,  0.75)
 (4,  0.62) (8,  2.28) (6, -0.18) (4,  0.53) (9,  3.58) (8,  2.13)
 (3,  0.92) (4,  0.55) (4,  0.65) (3,  0.93) (5,  1.87) (2,  0.16)
 (7, -0.52) (5,  1.7 ) (1,  1.43) (1,  1.34) (9,  3.44) (2,  0.36)
 (5,  1.82) (1,  1.36) (1,  1.35) (2,  0.16) (4,  0.77) (1,  1.35)
 (8,  2.27) (9,  4.29) (9,  3.93) (6, -0.25) (9,  5.61) (6, -0.18)
 (9,  2.96) (9,  3.25) (9, -1.01) (5,  1.73) (3,  1.13) (7, -0.46)
 (0,  2.49) (3,  1.1 ) (5,  1.68) (1,  1.33) (4,  0.8 ) (0,  2.48)
 (6, -0.12) (2,  0.16) (2,  0.25) (1,  1.36) (2,  0.34) (9, -1.05)
 (5,  1.96) (2,  0.29) (5,  1.64) (1,  1.28) (2,  0.33) (4,  0.66)
 (6,  0.09) (7, -0.54) (3,  1.06) (6, -0.18) (3,  1.06) (3,  1.15)
 (1,  1.21) (2,  0.15) (1,  1.34) (1,  1.23) (4,  0.59) (5,  1.9 )
 (2,  0.29) (4,  0.6 ) (5,  1.59) (0,  2.81) (2,  0.35) (7, -0.38)
 (5,  1.6 ) (1,  1.4 ) (7, -0.55) (3,  1.03) (6,  0.03) (4,  0.66)
 (8,  1.97) (9,  3.03) (9,  5.95) (9, -0.88) (1,  1.52) (2,  0.44)
 (1,  1.36) (0,  2.59) (2,  0.29) (5,  1.69) (7, -0.33) (6, -0.02)
 (1,  1.41) (5,  1.82) (3,  0.94) (2,  0.18) (9,  3.31) (0,  2.6 )
 (6, -0.07) (9, -0.79) (9,  3.09) (4,  0.8 ) (7, -0.73) (3,  1.17)
 (7, -0.33) (4,  0.55) (0,  2.55) (3,  0.91) (2,  0.28) (9,  4.81)
 (1,  1.34) (2,  0.44) (3,  0.96) (2,  0.39) (4,  0.64) (5,  1.94)
 (3,  1.16) (4,  0.75) (2,  0.17) (8,  2.01) (7, -0.44) (9,  2.95)
 (2,  0.3 ) (4,  0.6 ) (3,  0.88) (1,  1.37) (7, -0.71) (1,  1.38)
 (3,  1.02) (4,  0.65) (6,  0.1 ) (3,  0.87) (2,  0.2 ) (4,  0.56)
 (3,  1.03) (2,  0.2 ) (9, -0.85) (6,  0.09) (1,  1.23) (4,  0.79)
 (6,  0.06) (4,  0.81) (2,  0.24) (6, -0.14) (6, -0.14) (1,  1.37)
 (1,  1.33) (0,  2.58) (3,  1.04) (3,  1.01) (0,  2.43) (6,  0.02)
 (5,  1.72) (5,  1.58) (7, -0.48) (4,  0.6 ) (4,  0.52) (8,  2.01)
 (3,  1.18) (3,  1.12) (9,  3.17) (2,  0.31) (9,  4.43) (2,  0.32)
 (3,  1.16) (1,  1.42) (7, -0.28) (3,  0.9 ) (6, -0.03) (5,  1.78)
 (5,  1.92) (2,  0.38) (1,  1.26) (6, -0.25) (5,  1.92) (3,  1.12)
 (0,  2.48) (2,  0.29) (4,  0.81) (6,  0.11) (3,  1.08) (8,  2.32)
 (1,  1.38) (3,  1.07) (6,  0.09) (5,  1.76) (2,  0.44) (2,  0.3 )
 (6,  0.12) (0,  2.77) (5,  1.94) (4,  0.78) (6,  0.09) (2,  0.29)
 (0,  2.53) (8,  2.31) (6, -0.03) (3,  1.04) (6, -0.09) (9, -0.93)
 (1,  1.27) (0,  2.45) (3,  0.89) (4,  0.78) (8,  2.23) (7, -0.71)
 (4,  0.53) (8,  2.27) (4,  0.65) (0,  2.76) (9,  6.96) (8,  2.27)
 (1,  1.27) (8,  2.22) (2,  0.47) (3,  1.09) (2,  0.4 ) (6,  0.01)
 (4,  0.62) (4,  0.62) (1,  1.3 ) (1,  1.31) (9, -0.98) (6,  0.12)
 (8,  2.14) (5,  1.65) (3,  1.  ) (9,  3.31) (6,  0.11) (4,  0.8 )
 (6, -0.12) (3,  1.15) (8,  2.05) (3,  1.14) (6, -0.08) (4,  0.63)
 (1,  1.52) (2,  0.44) (9, -0.81) (3,  1.12) (5,  1.73) (7, -0.69)
 (1,  1.34) (6, -0.25) (7, -0.64) (0,  2.78) (2,  0.5 ) (4,  0.77)
 (3,  0.94) (2,  0.49) (0,  2.87) (5,  1.86) (2,  0.45) (6, -0.08)
 (2,  0.17) (6, -0.  ) (6, -0.14) (4,  0.84) (1,  1.55) (5,  1.62)
 (1,  1.29) (4,  0.76) (9,  3.65) (3,  1.2 ) (6,  0.12) (3,  0.96)
 (2,  0.3 ) (9,  4.86) (7, -0.36) (2,  0.3 ) (6, -0.11) (9,  3.63)
 (6,  0.07) (3,  0.98) (1,  1.41) (6,  0.01) (6,  0.05) (1,  1.53)
 (0,  2.64) (8,  2.27) (7, -0.55) (4,  0.7 ) (4,  0.81) (1,  1.36)
 (6, -0.15) (2,  0.5 ) (1,  1.49) (9,  3.29) (9,  3.3 ) (6, -0.  )
 (1,  1.34) (1,  1.28) (2,  0.43) (4,  0.51) (4,  0.61) (4,  0.7 )
 (4,  0.76) (1,  1.23) (9,  3.43) (2,  0.43) (5,  1.86) (1,  1.49)
 (3,  1.07) (3,  0.89) (3,  0.93) (4,  0.69) (2,  0.26) (2,  0.17)
 (6, -0.03) (1,  1.5 ) (6, -0.07) (2,  0.21) (7, -0.68) (3,  0.96)
 (4,  0.6 ) (0,  2.48) (4,  0.56) (3,  1.11) (2,  0.37) (2,  0.26)
 (3,  1.15) (3,  1.07) (4,  0.56) (0,  2.67) (8,  2.38) (6, -0.26)
 (8,  1.97) (9,  3.46) (6, -0.07) (2,  0.26) (3,  0.89) (6, -0.01)
 (2,  0.25) (7, -0.34) (5,  1.67) (6, -0.15) (1,  1.49) (3,  1.12)
 (2,  0.18) (2,  0.14) (9, -1.07) (2,  0.4 ) (5,  1.74) (2,  0.4 )
 (4,  0.61) (1,  1.5 ) (4,  0.65) (1,  1.23) (4,  0.7 ) (6, -0.06)
 (0,  2.47) (9,  3.37) (3,  1.  ) (9,  3.2 ) (6, -0.04) (2,  0.17)
 (9,  3.29) (5,  1.63) (8,  2.25) (7, -0.62) (1,  1.37) (0,  2.8 )
 (8,  2.11) (4,  0.86) (8,  2.21) (4,  0.59) (2,  0.34) (0,  2.48)
 (6, -0.01) (3,  1.  ) (0,  2.51) (9,  2.96)]

100 determined outlier frequencies:
[ 3.32 -0.88  3.26  4.88 -1.15  3.4   3.94  3.24  3.02 -1.48  4.13  4.58
  4.02 -0.96 -1.02  2.9  -1.28  3.39 -0.77  3.23 -0.79  2.91  3.47  3.38
  3.89  3.6   5.16  3.1   3.21  3.01  3.83  4.59  5.54 -1.03 -0.81  3.11
 -1.16 -1.09  3.66  3.75 -0.9   3.23  4.15 -0.91  3.99 -1.35  3.06  2.93
  4.18  3.24  3.84  3.69  3.24  2.98 -0.94 -0.77 -1.09  3.58  3.4   3.33
  3.64  3.93  3.62  3.58  3.44  4.29  3.93  5.61  2.96  3.25 -1.01 -1.05
  3.03  5.95 -0.88  3.31 -0.79  3.09  4.81  2.95 -0.85  3.17  4.43 -0.93
  6.96 -0.98  3.31 -0.81  3.65  4.86  3.63  3.29  3.3   3.43  3.46 -1.07
  3.37  3.2   3.29  2.96]
analyze method containing outliers


analyzing the results:
number of max cluster size: 10
number of actually used clusters: 10
min value of all elements: -1.48
max value of all elements: 6.96
mean of all elements: 1.03117
median of all elements: 0.85
standard deviation of all elements: 1.168495926864959
variance of all elements: 1.3667494805805807
distribution of all clusters: [0 0 0 0 0 0 0 0 0 0 0 0 0 0 0 0 0 0 0 0 0 0 0 0 0 0 0 0 0 0 0 0 0 0 0 0 0
 0 0 0 0 0 0 0 0 0 0 0 0 0 0 0 0 0 0 0 1 1 1 1 1 1 1 1 1 1 1 1 1 1 1 1 1 1
 1 1 1 1 1 1 1 1 1 1 1 1 1 1 1 1 1 1 1 1 1 1 1 1 1 1 1 1 1 1 1 1 1 1 1 1 1
 1 1 1 1 1 1 1 1 1 1 1 1 1 1 1 1 1 1 1 1 1 1 1 1 1 1 1 1 1 1 1 1 1 1 1 1 1
 1 1 1 1 1 1 2 2 2 2 2 2 2 2 2 2 2 2 2 2 2 2 2 2 2 2 2 2 2 2 2 2 2 2 2 2 2
 2 2 2 2 2 2 2 2 2 2 2 2 2 2 2 2 2 2 2 2 2 2 2 2 2 2 2 2 2 2 2 2 2 2 2 2 2
 2 2 2 2 2 2 2 2 2 2 2 2 2 2 2 2 2 2 2 2 2 2 2 2 2 2 2 2 2 2 2 2 2 2 2 2 2
 2 2 2 2 2 2 2 2 2 2 2 2 2 2 2 2 2 2 2 2 2 2 2 2 2 2 2 2 2 2 2 2 2 2 3 3 3
 3 3 3 3 3 3 3 3 3 3 3 3 3 3 3 3 3 3 3 3 3 3 3 3 3 3 3 3 3 3 3 3 3 3 3 3 3
 3 3 3 3 3 3 3 3 3 3 3 3 3 3 3 3 3 3 3 3 3 3 3 3 3 3 3 3 3 3 3 3 3 3 3 3 3
 3 3 3 3 3 3 3 3 3 3 3 3 3 3 3 3 3 3 3 3 3 3 3 3 3 3 3 3 3 3 3 3 3 3 3 3 3
 3 3 3 3 3 3 3 3 3 3 3 4 4 4 4 4 4 4 4 4 4 4 4 4 4 4 4 4 4 4 4 4 4 4 4 4 4
 4 4 4 4 4 4 4 4 4 4 4 4 4 4 4 4 4 4 4 4 4 4 4 4 4 4 4 4 4 4 4 4 4 4 4 4 4
 4 4 4 4 4 4 4 4 4 4 4 4 4 4 4 4 4 4 4 4 4 4 4 4 4 4 4 4 4 4 4 4 4 4 4 4 4
 4 4 4 4 4 4 4 4 4 4 4 4 4 4 4 4 4 4 4 4 4 4 4 4 4 4 4 4 4 4 4 4 4 4 4 4 4
 4 4 5 5 5 5 5 5 5 5 5 5 5 5 5 5 5 5 5 5 5 5 5 5 5 5 5 5 5 5 5 5 5 5 5 5 5
 5 5 5 5 5 5 5 5 5 5 5 5 5 5 5 5 5 5 5 5 5 5 5 5 5 5 5 5 5 5 5 5 5 5 5 5 5
 5 5 5 5 5 5 5 5 6 6 6 6 6 6 6 6 6 6 6 6 6 6 6 6 6 6 6 6 6 6 6 6 6 6 6 6 6
 6 6 6 6 6 6 6 6 6 6 6 6 6 6 6 6 6 6 6 6 6 6 6 6 6 6 6 6 6 6 6 6 6 6 6 6 6
 6 6 6 6 6 6 6 6 6 6 6 6 6 6 6 6 6 6 6 6 6 6 6 6 6 6 6 6 6 6 6 6 6 6 6 6 6
 6 6 6 6 6 6 6 6 6 6 6 6 6 6 6 6 6 6 7 7 7 7 7 7 7 7 7 7 7 7 7 7 7 7 7 7 7
 7 7 7 7 7 7 7 7 7 7 7 7 7 7 7 7 7 7 7 7 7 7 7 7 7 7 7 7 7 7 7 7 7 7 7 7 7
 7 7 7 7 7 7 7 7 7 7 7 7 7 7 7 7 7 7 7 7 7 8 8 8 8 8 8 8 8 8 8 8 8 8 8 8 8
 8 8 8 8 8 8 8 8 8 8 8 8 8 8 8 8 8 8 8 8 8 8 8 8 8 8 8 8 8 8 8 8 8 8 8 8 8
 8 8 8 8 8 8 8 8 8 8 8 8 9 9 9 9 9 9 9 9 9 9 9 9 9 9 9 9 9 9 9 9 9 9 9 9 9
 9 9 9 9 9 9 9 9 9 9 9 9 9 9 9 9 9 9 9 9 9 9 9 9 9 9 9 9 9 9 9 9 9 9 9 9 9
 9 9 9 9 9 9 9 9 9 9 9 9 9 9 9 9 9 9 9 9 9 9 9 9 9 9 9 9 9 9 9 9 9 9 9 9 9
 9]

cluster #0: 	sum elements:56  	min value: 2.41 	max value: 2.87 	mean: 2.6 	std deviation: 0.129 	median: 2.59
cluster #0 homoscedasticity NOT given with ratio = 2.019390581717453
cluster #1: 	sum elements:98  	min value: 1.21 	max value: 1.55 	mean: 1.4 	std deviation: 0.096 	median: 1.36
cluster #1 homoscedasticity NOT given with ratio = 1.6044444444444406
cluster #2: 	sum elements:139  	min value: 0.14 	max value: 0.5 	mean: 0.3 	std deviation: 0.101 	median: 0.33
cluster #2 homoscedasticity NOT given with ratio = 1.5625000000000009
cluster #3: 	sum elements:125  	min value: 0.87 	max value: 1.2 	mean: 1.0 	std deviation: 0.093 	median: 1.04
cluster #3 homoscedasticity NOT given with ratio = 2.3668639053254426
cluster #4: 	sum elements:139  	min value: 0.51 	max value: 0.86 	mean: 0.7 	std deviation: 0.096 	median: 0.68
cluster #4 homoscedasticity given with ratio = 1.4101562499999984
cluster #5: 	sum elements:80  	min value: 1.57 	max value: 1.96 	mean: 1.8 	std deviation: 0.117 	median: 1.76
cluster #5 homoscedasticity NOT given with ratio = 2.0664062500000018
cluster #6: 	sum elements:121  	min value: -0.26 	max value: 0.13 	mean: -0.1 	std deviation: 0.12 	median: -0.03
cluster #6 homoscedasticity NOT given with ratio = 2.06640625
cluster #7: 	sum elements:77  	min value: -0.75 	max value: -0.28 	mean: -0.5 	std deviation: 0.136 	median: -0.48
cluster #7 homoscedasticity given with ratio = 1.291322314049587
cluster #8: 	sum elements:65  	min value: 1.97 	max value: 2.38 	mean: 2.2 	std deviation: 0.109 	median: 2.16
cluster #8 homoscedasticity NOT given with ratio = 1.632716049382724
cluster #9: 	sum elements:100  	min value: -1.48 	max value: 6.96 	mean: 2.4 	std deviation: 2.197 	median: 3.255
cluster #9 homoscedasticity given with ratio = 1.3812307365288556
homoscedasticity given for 3 of 10 used clusters

number of elements: 1000

built clusters:
cluster #9: -1.48 -- 6.96 (100)
cluster #7: -0.75 -- -0.28 (77)
cluster #6: -0.26 -- 0.13 (121)
cluster #2: 0.14 -- 0.5 (139)
cluster #4: 0.51 -- 0.86 (139)
cluster #3: 0.87 -- 1.2 (125)
cluster #1: 1.21 -- 1.55 (98)
cluster #5: 1.57 -- 1.96 (80)
cluster #8: 1.97 -- 2.38 (65)
cluster #0: 2.41 -- 2.87 (56)

score even distribution (SED) MAX: 6.42e+19
score even distribution (SED) MAX: 6.421450739704e+19
SED number of digits: 20

number of used clusters (NUC) MAX: 1.0

sum variances (SV) MIN: 4.888983147701823
sum variances (SV) MIN: 4.89e+00
ratio between SED and sv digits MAX: 0
SUM: NUC(MAX): 1.0	 SED(MAX): 6.42e+19	 SV(MIN): 4.89e+00

Mean Silhouette Coefficient of all clusters MSC(MAX): 0.44
(best value is 1 and the worst value is -1. Values near 0 indicate overlapping clusters)

Davies-Bouldin score DB(MIN): 4.0
(The minimum score is zero, with lower values indicating better clustering.)

overlapping range found in clusters!!

finished all 1 trials


Variances (Population):
 NUC: 0.0,
 SED: 0.0,
 SV: 0.0,
 MSC: 0.0000



TEST NUCs: [1.]

Process finished with exit code 0
