

TRIAL: 1
***********


starting algorithm at: 10:25:51.563371
[1] "[R] success: found arguments for clusters and trim factor"
[1] "[R] clusters:"
[1] 9
[1] "[R] trim-factor:"
[1] 0.1
[1] "[R] script finished"
[7. 3. 8. 9. 3. 8. 3. 9. 9. 7. 8. 8. 8. 9. 9. 3. 8. 3. 3. 7. 3. 9. 9. 9.
 9. 3. 3. 8. 7. 9. 3. 8. 9. 8. 9. 3. 8. 8. 8. 8. 9. 9. 8. 8. 7. 8. 7. 3.
 3. 9. 3. 3. 8. 9. 7. 3. 3. 3. 3. 3. 9. 7. 9. 3. 8. 7. 3. 8. 8. 3. 3. 7.
 9. 8. 8. 8. 8. 3. 3. 3. 8. 3. 8. 3. 3. 8. 7. 3. 3. 8. 7. 7. 9. 3. 3. 7.
 9. 3. 8. 8. 8. 9. 3. 9. 9. 3. 7. 9. 3. 8. 9. 9. 7. 3. 3. 7. 9. 8. 7. 9.
 9. 8. 9. 8. 3. 8. 8. 3. 8. 7. 7. 3. 8. 8. 7. 7. 3. 7. 3. 7. 8. 8. 3. 3.
 3. 7. 7. 3. 7. 7. 3. 8. 8. 8. 8. 8. 8. 9. 9. 8. 3. 9. 3. 3. 3. 8. 9. 7.
 9. 8. 7. 9. 8. 7. 3. 9. 8. 7. 9. 8. 7. 8. 7. 9. 8. 3. 8. 3. 7. 7. 3. 8.
 8. 8. 7. 7. 9. 3. 3. 8. 3. 9. 3. 7. 3. 9. 9. 3. 7. 3. 9. 8. 9. 8. 3. 7.
 8. 9. 9. 8. 9. 3. 8. 8. 9. 9. 8. 3. 9. 9. 8. 3. 3. 8. 7. 8. 9. 8. 7. 8.
 8. 8. 8. 7. 3. 3. 8. 8. 7. 8. 7. 9. 8. 3. 7. 3. 9. 8. 8. 3. 3. 3. 7. 8.
 8. 8. 7. 7. 9. 8. 8. 9. 7. 9. 9. 9. 8. 7. 3. 7. 3. 9. 3. 8. 7. 3. 9. 7.
 8. 3. 8. 9. 8. 8. 8. 7. 9. 8. 3. 7. 9. 0. 2. 5. 0. 4. 4. 2. 1. 2. 2. 1.
 6. 1. 1. 6. 0. 6. 0. 4. 0. 6. 5. 6. 5. 1. 4. 0. 0. 2. 0. 2. 1. 1. 0. 1.
 2. 6. 1. 0. 2. 4. 2. 4. 2. 4. 2. 6. 0. 2. 2. 2. 5. 6. 6. 6. 4. 4. 4. 1.
 6. 4. 0. 0. 0. 9. 0. 6. 5. 1. 6. 0. 0. 9. 2. 4. 9. 9. 6. 1. 2. 4. 9. 6.
 6. 0. 1. 1. 4. 1. 5. 4. 4. 5. 1. 0. 9. 1. 0. 2. 4. 2. 5. 2. 2. 6. 2. 4.
 4. 0. 0. 4. 6. 6. 1. 0. 2. 5. 4. 0. 6. 9. 0. 6. 4. 0. 2. 6. 2. 6. 0. 1.
 4. 4. 4. 6. 0. 2. 1. 9. 2. 0. 1. 1. 2. 2. 5. 6. 0. 0. 6. 6. 6. 1. 6. 6.
 4. 0. 1. 2. 4. 0. 0. 5. 4. 0. 6. 4. 6. 6. 1. 4. 2. 2. 6. 1. 4. 6. 5. 6.
 0. 2. 0. 0. 1. 5. 5. 6. 1. 2. 1. 4. 6. 0. 9. 4. 0. 2. 0. 4. 6. 1. 5. 0.
 2. 2. 2. 4. 0. 2. 2. 6. 5. 9. 1. 0. 5. 4. 2. 9. 1. 1. 2. 1. 1. 4. 0. 5.
 5. 4. 4. 1. 0. 6. 6. 2. 0. 0. 2. 0. 0. 9. 2. 1. 0. 4. 2. 1. 4. 6. 0. 0.
 2. 1. 6. 0. 1. 0. 1. 2. 1. 2. 4. 6. 6. 0. 6. 6. 2. 2. 0. 1. 4. 4. 6. 6.
 4. 5. 0. 6. 4. 6. 2. 4. 2. 1. 2. 9. 6. 4. 9. 1. 2. 6. 0. 9. 1. 2. 1. 1.
 4. 1. 6. 0. 9. 9. 1. 0. 1. 6. 1. 0. 4. 0. 4. 6. 0. 2. 0. 6. 0. 0. 4. 1.
 4. 0. 0. 1. 4. 0. 0. 4. 1. 4. 1. 6. 1. 0. 1. 0. 0. 2. 1. 0. 5. 2. 0. 6.
 6. 6. 1. 6. 0. 1. 4. 5. 2. 4. 0. 2. 1. 5. 6. 5. 2. 5. 5. 6. 1. 1. 5. 4.
 4. 6. 6. 4. 1. 0. 9. 6. 1. 0. 5. 2. 4. 0. 1. 0. 2. 2. 9. 0. 6. 5. 9. 0.
 4. 6. 4. 2. 5. 4. 4. 2. 0. 1. 4. 9. 6. 0. 1. 4. 2. 1. 6. 0. 4. 1. 0. 6.
 2. 9. 0. 6. 6. 1. 2. 1. 1. 1. 6. 0. 0. 0. 4. 1. 0. 0. 2. 4. 6. 6. 6. 2.
 0. 4. 6. 2. 6. 4. 4. 2. 0. 1. 6. 4. 4. 5. 1. 0. 0. 0. 0. 4. 2. 2. 5. 2.
 6. 1. 6. 9. 0. 2. 1. 1. 5. 1. 1. 6. 5. 4. 2. 4. 5. 5. 1. 2. 4. 6. 1. 1.
 4. 5. 0. 2. 1. 9. 4. 6. 5. 6. 4. 2. 2. 5. 6. 6. 4. 1. 4. 9. 4. 0. 1. 2.
 0. 2. 2. 6. 1. 2. 1. 6. 6. 0. 0. 1. 2. 1. 0. 0. 6. 1. 4. 1. 1. 1. 1. 1.
 1. 0. 6. 1. 1. 0. 4. 4. 5. 1. 1. 6. 4. 1. 6. 0. 5. 0. 1. 2. 5. 1. 0. 2.
 0. 1. 6. 2. 4. 1. 0. 4. 1. 1. 0. 0. 0. 1. 0. 4. 2. 2. 9. 4. 1. 6. 0. 6.
 6. 1. 5. 6. 2. 1. 1. 6. 5. 1. 9. 1. 1. 0. 9. 2. 4. 4. 0. 9. 9. 2. 9. 6.
 4. 5. 0. 6. 6. 6. 2. 0. 0. 2. 5. 1. 1. 1. 1. 2. 6. 4. 6. 2. 0. 0. 6. 5.
 0. 0. 1. 9. 4. 1. 2. 0. 6. 0. 2. 0. 1. 9. 0. 1. 2. 1. 0. 4. 5. 6. 6. 1.
 6. 2. 2. 1. 0. 2. 1. 2. 1. 0. 0. 1. 1. 1. 4. 0. 0. 0. 4. 1. 4. 2. 1. 1.
 5. 1. 4. 9. 5. 5. 5. 2. 6. 6. 5. 1. 4. 4. 0. 4.]
finishing algorithm at: 10:27:42.696073

running time of algorithm: 0:01:51.132702


frquencies result
[(7, -3.04) (3, -2.8 ) (8, -2.06) (9, -1.83) (3, -2.46) (8, -2.08)
 (3, -2.63) (9, -1.77) (9, -1.79) (7, -3.19) (8, -2.26) (8, -2.31)
 (8, -2.18) (9, -3.41) (9, -1.94) (3, -2.79) (8, -2.4 ) (3, -2.64)
 (3, -2.76) (7, -3.15) (3, -2.55) (9, -1.74) (9, -1.67) (9, -1.52)
 (9, -1.26) (3, -2.63) (3, -2.48) (8, -2.19) (7, -3.17) (9, -1.87)
 (3, -2.57) (8, -2.01) (9, -1.4 ) (8, -2.17) (9, -1.87) (3, -2.66)
 (8, -2.01) (8, -2.3 ) (8, -2.19) (8, -2.35) (9, -1.84) (9, -1.9 )
 (8, -2.24) (8, -2.27) (7, -2.91) (8, -2.35) (7, -2.84) (3, -2.63)
 (3, -2.44) (9, -1.89) (3, -2.71) (3, -2.68) (8, -2.19) (9, -3.39)
 (7, -2.91) (3, -2.51) (3, -2.63) (3, -2.76) (3, -2.44) (3, -2.52)
 (9, -3.46) (7, -3.07) (9, -1.59) (3, -2.62) (8, -2.  ) (7, -3.03)
 (3, -2.7 ) (8, -2.1 ) (8, -2.29) (3, -2.52) (3, -2.79) (7, -2.84)
 (9, -1.71) (8, -2.2 ) (8, -2.15) (8, -2.02) (8, -2.14) (3, -2.76)
 (3, -2.56) (3, -2.67) (8, -2.05) (3, -2.48) (8, -2.28) (3, -2.68)
 (3, -2.66) (8, -2.3 ) (7, -2.97) (3, -2.81) (3, -2.64) (8, -2.26)
 (7, -3.2 ) (7, -3.18) (9, -3.29) (3, -2.73) (3, -2.67) (7, -3.  )
 (9, -3.34) (3, -2.69) (8, -2.21) (8, -2.3 ) (8, -2.29) (9, -1.88)
 (3, -2.79) (9, -1.58) (9, -3.53) (3, -2.68) (7, -2.96) (9, -1.71)
 (3, -2.79) (8, -2.26) (9, -1.94) (9, -1.57) (7, -3.12) (3, -2.76)
 (3, -2.44) (7, -3.04) (9, -1.75) (8, -2.38) (7, -2.9 ) (9, -1.53)
 (9, -1.63) (8, -2.08) (9, -1.29) (8, -2.17) (3, -2.44) (8, -2.31)
 (8, -1.99) (3, -2.59) (8, -2.22) (7, -2.89) (7, -2.87) (3, -2.71)
 (8, -2.03) (8, -2.42) (7, -3.11) (7, -3.  ) (3, -2.72) (7, -3.14)
 (3, -2.47) (7, -3.03) (8, -2.35) (8, -2.27) (3, -2.58) (3, -2.7 )
 (3, -2.47) (7, -3.17) (7, -3.09) (3, -2.81) (7, -2.84) (7, -3.06)
 (3, -2.69) (8, -2.12) (8, -2.35) (8, -2.19) (8, -2.3 ) (8, -2.3 )
 (8, -2.29) (9, -1.04) (9, -1.61) (8, -2.22) (3, -2.43) (9, -1.1 )
 (3, -2.72) (3, -2.63) (3, -2.57) (8, -2.14) (9, -1.36) (7, -2.93)
 (9, -1.22) (8, -2.22) (7, -2.86) (9, -1.92) (8, -2.33) (7, -2.98)
 (3, -2.52) (9, -3.56) (8, -2.12) (7, -2.98) (9, -3.31) (8, -2.29)
 (7, -3.06) (8, -2.3 ) (7, -3.11) (9, -1.52) (8, -2.1 ) (3, -2.71)
 (8, -2.1 ) (3, -2.48) (7, -3.24) (7, -3.07) (3, -2.54) (8, -2.13)
 (8, -2.01) (8, -2.05) (7, -2.96) (7, -3.04) (9, -1.59) (3, -2.71)
 (3, -2.77) (8, -2.36) (3, -2.55) (9, -3.37) (3, -2.65) (7, -2.88)
 (3, -2.52) (9, -1.52) (9, -3.5 ) (3, -2.49) (7, -2.92) (3, -2.74)
 (9, -1.04) (8, -2.07) (9, -1.89) (8, -2.12) (3, -2.52) (7, -2.93)
 (8, -2.15) (9, -1.75) (9, -1.74) (8, -2.42) (9, -1.49) (3, -2.62)
 (8, -2.33) (8, -2.15) (9, -1.57) (9, -3.39) (8, -2.19) (3, -2.68)
 (9, -3.35) (9, -1.31) (8, -2.27) (3, -2.65) (3, -2.68) (8, -2.41)
 (7, -2.91) (8, -2.08) (9, -3.38) (8, -2.41) (7, -3.12) (8, -2.37)
 (8, -2.4 ) (8, -2.28) (8, -2.21) (7, -2.91) (3, -2.7 ) (3, -2.46)
 (8, -2.36) (8, -2.33) (7, -3.  ) (8, -1.99) (7, -3.11) (9, -1.52)
 (8, -2.14) (3, -2.67) (7, -3.19) (3, -2.45) (9, -1.87) (8, -2.11)
 (8, -2.25) (3, -2.54) (3, -2.5 ) (3, -2.79) (7, -3.18) (8, -2.07)
 (8, -2.13) (8, -2.35) (7, -2.97) (7, -2.95) (9, -1.71) (8, -2.38)
 (8, -2.27) (9, -1.48) (7, -3.13) (9, -3.58) (9, -1.9 ) (9, -1.85)
 (8, -2.24) (7, -2.91) (3, -2.72) (7, -3.28) (3, -2.69) (9, -1.73)
 (3, -2.7 ) (8, -2.29) (7, -3.05) (3, -2.69) (9, -1.65) (7, -3.07)
 (8, -2.29) (3, -2.57) (8, -2.09) (9, -1.61) (8, -2.37) (8, -2.37)
 (8, -2.28) (7, -3.17) (9, -1.7 ) (8, -2.26) (3, -2.7 ) (7, -2.96)
 (9,  1.58) (0,  2.57) (2,  1.82) (5,  3.48) (0,  2.46) (4,  2.83)
 (4,  2.63) (2,  1.98) (1,  2.21) (2,  1.73) (2,  1.63) (1,  2.13)
 (6,  2.96) (1,  2.16) (1,  2.19) (6,  3.15) (0,  2.51) (6,  2.94)
 (0,  2.51) (4,  2.81) (0,  2.44) (6,  3.03) (5,  3.47) (6,  3.14)
 (5,  3.19) (1,  2.18) (4,  2.86) (0,  2.58) (0,  2.45) (2,  1.71)
 (0,  2.49) (2,  2.03) (1,  2.22) (1,  2.36) (0,  2.54) (1,  2.19)
 (2,  1.9 ) (6,  2.88) (1,  2.31) (0,  2.53) (2,  1.94) (4,  2.77)
 (2,  1.89) (4,  2.63) (2,  1.78) (4,  2.66) (2,  1.97) (6,  3.02)
 (0,  2.45) (2,  1.69) (2,  1.95) (2,  1.79) (5,  3.35) (6,  3.09)
 (6,  3.02) (6,  2.9 ) (4,  2.8 ) (4,  2.76) (4,  2.67) (1,  2.32)
 (6,  2.94) (4,  2.74) (0,  2.57) (0,  2.56) (0,  2.58) (9,  1.57)
 (0,  2.54) (6,  2.97) (5,  3.51) (1,  2.25) (6,  2.94) (0,  2.5 )
 (0,  2.53) (9,  1.39) (2,  1.92) (4,  2.78) (9,  1.03) (9,  1.34)
 (6,  2.91) (1,  2.33) (2,  1.88) (4,  2.71) (9,  3.69) (6,  3.01)
 (6,  3.12) (0,  2.59) (1,  2.32) (1,  2.11) (4,  2.67) (1,  2.26)
 (5,  3.29) (4,  2.68) (4,  2.76) (5,  3.36) (1,  2.1 ) (0,  2.46)
 (9,  1.41) (1,  2.08) (0,  2.47) (2,  2.06) (4,  2.74) (2,  1.83)
 (5,  3.5 ) (2,  1.8 ) (2,  2.  ) (6,  2.9 ) (2,  1.95) (4,  2.82)
 (4,  2.73) (0,  2.48) (0,  2.55) (4,  2.67) (6,  3.03) (6,  3.09)
 (1,  2.2 ) (0,  2.39) (2,  1.7 ) (5,  3.31) (4,  2.83) (0,  2.56)
 (6,  2.9 ) (9,  1.05) (0,  2.53) (6,  2.9 ) (4,  2.81) (0,  2.6 )
 (2,  1.96) (6,  2.97) (2,  1.82) (6,  2.97) (0,  2.38) (1,  2.37)
 (4,  2.8 ) (4,  2.76) (4,  2.73) (6,  2.96) (0,  2.56) (2,  1.97)
 (1,  2.34) (9,  3.66) (2,  1.97) (0,  2.49) (1,  2.35) (1,  2.17)
 (2,  2.  ) (2,  1.95) (5,  3.21) (6,  2.9 ) (0,  2.42) (0,  2.39)
 (6,  3.01) (6,  2.96) (6,  2.98) (1,  2.15) (6,  3.13) (6,  3.04)
 (4,  2.72) (0,  2.59) (1,  2.3 ) (2,  1.85) (4,  2.71) (0,  2.44)
 (0,  2.44) (5,  3.48) (4,  2.63) (0,  2.45) (6,  3.11) (4,  2.78)
 (6,  3.06) (6,  3.05) (1,  2.14) (4,  2.78) (2,  1.92) (2,  1.64)
 (6,  2.99) (1,  2.32) (4,  2.63) (6,  3.16) (5,  3.29) (6,  2.97)
 (0,  2.46) (2,  1.64) (0,  2.59) (0,  2.61) (1,  2.36) (5,  3.25)
 (5,  3.42) (6,  2.88) (1,  2.19) (2,  1.97) (1,  2.1 ) (4,  2.84)
 (6,  3.03) (0,  2.45) (9,  0.88) (4,  2.69) (0,  2.48) (2,  2.  )
 (0,  2.52) (4,  2.69) (6,  3.17) (1,  2.16) (5,  3.22) (0,  2.56)
 (2,  1.98) (2,  1.63) (2,  1.73) (4,  2.72) (0,  2.41) (2,  1.88)
 (2,  1.97) (6,  3.03) (5,  3.61) (9,  1.55) (1,  2.16) (0,  2.61)
 (5,  3.28) (4,  2.68) (2,  2.04) (9,  1.58) (1,  2.1 ) (1,  2.35)
 (2,  2.05) (1,  2.33) (1,  2.36) (4,  2.82) (0,  2.45) (5,  3.37)
 (5,  3.19) (4,  2.63) (4,  2.74) (1,  2.18) (0,  2.42) (6,  2.98)
 (6,  3.11) (2,  1.79) (0,  2.57) (0,  2.48) (2,  1.96) (0,  2.46)
 (0,  2.41) (9,  0.93) (2,  1.68) (1,  2.24) (0,  2.58) (4,  2.83)
 (2,  1.69) (1,  2.26) (4,  2.62) (6,  2.95) (0,  2.53) (0,  2.53)
 (2,  2.  ) (1,  2.22) (6,  2.97) (0,  2.5 ) (1,  2.27) (0,  2.53)
 (1,  2.26) (2,  2.02) (1,  2.33) (2,  1.69) (4,  2.79) (6,  2.9 )
 (6,  2.97) (0,  2.5 ) (6,  2.87) (6,  3.16) (2,  2.03) (2,  1.96)
 (0,  2.53) (1,  2.28) (4,  2.72) (4,  2.71) (6,  2.97) (6,  2.87)
 (4,  2.81) (5,  3.53) (0,  2.38) (6,  3.02) (4,  2.67) (6,  2.88)
 (2,  1.95) (4,  2.65) (2,  1.96) (1,  2.16) (2,  1.69) (9,  1.6 )
 (6,  2.9 ) (4,  2.62) (9,  1.42) (1,  2.28) (2,  1.91) (6,  3.18)
 (0,  2.53) (9,  1.53) (1,  2.12) (2,  2.05) (1,  2.3 ) (1,  2.35)
 (4,  2.72) (1,  2.37) (6,  2.98) (0,  2.52) (9,  3.68) (9,  1.59)
 (1,  2.14) (0,  2.48) (1,  2.24) (6,  2.96) (1,  2.36) (0,  2.6 )
 (4,  2.72) (0,  2.39) (4,  2.68) (6,  3.07) (0,  2.42) (2,  1.91)
 (0,  2.6 ) (6,  3.  ) (0,  2.6 ) (0,  2.45) (4,  2.75) (1,  2.34)
 (4,  2.79) (0,  2.5 ) (0,  2.54) (1,  2.29) (4,  2.68) (0,  2.61)
 (0,  2.53) (4,  2.79) (1,  2.12) (4,  2.74) (1,  2.2 ) (6,  2.95)
 (1,  2.16) (0,  2.58) (1,  2.31) (0,  2.45) (0,  2.43) (2,  1.94)
 (1,  2.36) (0,  2.6 ) (5,  3.25) (2,  1.92) (0,  2.48) (6,  3.04)
 (6,  2.98) (6,  2.96) (1,  2.19) (6,  2.92) (0,  2.38) (1,  2.36)
 (4,  2.7 ) (5,  3.52) (2,  1.69) (4,  2.83) (0,  2.42) (2,  1.73)
 (1,  2.23) (5,  3.56) (6,  2.96) (5,  3.41) (2,  1.91) (5,  3.35)
 (5,  3.36) (6,  2.97) (1,  2.24) (1,  2.26) (5,  3.3 ) (4,  2.79)
 (4,  2.65) (6,  3.06) (6,  2.88) (4,  2.72) (1,  2.07) (0,  2.55)
 (9,  0.92) (6,  3.03) (1,  2.13) (0,  2.53) (5,  3.23) (2,  1.91)
 (4,  2.63) (0,  2.54) (1,  2.29) (0,  2.55) (2,  1.82) (2,  1.88)
 (9,  1.17) (0,  2.5 ) (6,  3.01) (5,  3.32) (9,  1.52) (0,  2.57)
 (4,  2.71) (6,  2.88) (4,  2.74) (2,  2.02) (5,  3.29) (4,  2.83)
 (4,  2.67) (2,  1.73) (0,  2.59) (1,  2.12) (4,  2.7 ) (9,  1.27)
 (6,  3.11) (0,  2.49) (1,  2.13) (4,  2.8 ) (2,  1.68) (1,  2.27)
 (6,  3.  ) (0,  2.58) (4,  2.68) (1,  2.13) (0,  2.55) (6,  3.08)
 (2,  1.91) (9,  3.74) (0,  2.38) (6,  3.12) (6,  2.89) (1,  2.25)
 (2,  1.86) (1,  2.16) (1,  2.31) (1,  2.27) (6,  3.15) (0,  2.57)
 (0,  2.45) (0,  2.55) (4,  2.69) (1,  2.1 ) (0,  2.6 ) (0,  2.59)
 (2,  1.68) (4,  2.73) (6,  2.92) (6,  2.9 ) (6,  2.97) (2,  1.87)
 (0,  2.59) (4,  2.74) (6,  3.01) (2,  1.75) (6,  2.9 ) (4,  2.69)
 (4,  2.75) (2,  1.99) (0,  2.6 ) (1,  2.2 ) (6,  3.  ) (4,  2.7 )
 (4,  2.74) (5,  3.22) (1,  2.28) (0,  2.47) (0,  2.46) (0,  2.44)
 (0,  2.57) (4,  2.76) (2,  1.86) (2,  1.77) (5,  3.47) (2,  1.81)
 (6,  2.9 ) (1,  2.28) (6,  2.9 ) (9,  1.37) (0,  2.42) (2,  1.92)
 (1,  2.24) (1,  2.24) (5,  3.21) (1,  2.11) (1,  2.37) (6,  3.14)
 (5,  3.45) (4,  2.68) (2,  1.86) (4,  2.69) (5,  3.3 ) (5,  3.47)
 (1,  2.15) (2,  1.96) (4,  2.69) (6,  2.9 ) (1,  2.32) (1,  2.32)
 (4,  2.83) (5,  3.39) (0,  2.61) (2,  1.94) (1,  2.29) (9,  1.4 )
 (4,  2.82) (6,  3.  ) (5,  3.3 ) (6,  2.9 ) (4,  2.78) (2,  1.99)
 (2,  1.62) (5,  3.4 ) (6,  3.16) (6,  2.97) (4,  2.64) (1,  2.11)
 (4,  2.73) (9,  1.56) (4,  2.81) (0,  2.6 ) (1,  2.21) (2,  1.67)
 (0,  2.47) (2,  1.93) (2,  1.91) (6,  3.1 ) (1,  2.31) (2,  1.77)
 (1,  2.26) (6,  3.11) (6,  2.97) (0,  2.55) (0,  2.55) (1,  2.35)
 (2,  1.95) (1,  2.09) (0,  2.44) (0,  2.41) (6,  2.89) (1,  2.18)
 (4,  2.76) (1,  2.29) (1,  2.31) (1,  2.19) (1,  2.31) (1,  2.13)
 (1,  2.35) (0,  2.53) (6,  3.05) (1,  2.17) (1,  2.2 ) (0,  2.59)
 (4,  2.67) (4,  2.64) (5,  3.28) (1,  2.15) (1,  2.29) (6,  2.88)
 (4,  2.66) (1,  2.13) (6,  2.9 ) (0,  2.61) (5,  3.47) (0,  2.57)
 (1,  2.27) (2,  2.02) (5,  3.37) (1,  2.35) (0,  2.41) (2,  2.02)
 (0,  2.48) (1,  2.36) (6,  2.95) (2,  1.94) (4,  2.72) (1,  2.11)
 (0,  2.52) (4,  2.67) (1,  2.37) (1,  2.27) (0,  2.44) (0,  2.57)
 (0,  2.53) (1,  2.25) (0,  2.4 ) (4,  2.79) (2,  1.7 ) (2,  1.82)
 (9,  3.72) (4,  2.66) (1,  2.35) (6,  2.95) (0,  2.49) (6,  3.11)
 (6,  3.11) (1,  2.24) (5,  3.5 ) (6,  3.  ) (2,  2.04) (1,  2.24)
 (1,  2.32) (6,  3.01) (5,  3.52) (1,  2.27) (9,  3.85) (1,  2.25)
 (1,  2.32) (0,  2.44) (9,  1.51) (2,  2.03) (4,  2.76) (4,  2.81)
 (0,  2.39) (9,  0.62) (9,  3.72) (2,  1.98) (9,  1.62) (6,  2.91)
 (4,  2.83) (5,  3.32) (0,  2.58) (6,  3.  ) (6,  3.11) (6,  3.18)
 (2,  1.87) (0,  2.39) (0,  2.38) (2,  2.05) (5,  3.39) (1,  2.37)
 (1,  2.17) (1,  2.37) (1,  2.25) (2,  1.77) (6,  2.93) (4,  2.81)
 (6,  2.93) (2,  2.04) (0,  2.45) (0,  2.4 ) (6,  3.15) (5,  3.48)
 (0,  2.39) (0,  2.46) (1,  2.33) (9,  1.26) (4,  2.68) (1,  2.29)
 (2,  1.94) (0,  2.53) (6,  2.9 ) (0,  2.45) (2,  1.92) (0,  2.5 )
 (1,  2.29) (9,  1.18) (0,  2.45) (1,  2.33) (2,  2.02) (1,  2.37)
 (0,  2.56) (4,  2.85) (5,  3.37) (6,  3.16) (6,  3.  ) (1,  2.27)
 (6,  2.91) (2,  1.78) (2,  1.97) (1,  2.32) (0,  2.42) (2,  1.94)
 (1,  2.23) (2,  1.91) (1,  2.21) (0,  2.42) (0,  2.41) (1,  2.13)
 (1,  2.31) (1,  2.12) (4,  2.72) (0,  2.59) (0,  2.46) (0,  2.53)
 (4,  2.76) (1,  2.26) (4,  2.75) (2,  1.87) (1,  2.22) (1,  2.13)
 (5,  3.59) (1,  2.35) (4,  2.73) (9,  1.37) (5,  3.34) (5,  3.51)
 (5,  3.3 ) (2,  1.76) (6,  3.01) (6,  3.14) (5,  3.33) (1,  2.18)
 (4,  2.67) (4,  2.69) (0,  2.53) (4,  2.81)]

100 determined outlier frequencies:
[-1.83 -1.77 -1.79 -3.41 -1.94 -1.74 -1.67 -1.52 -1.26 -1.87 -1.4  -1.87
 -1.84 -1.9  -1.89 -3.39 -3.46 -1.59 -1.71 -3.29 -3.34 -1.88 -1.58 -3.53
 -1.71 -1.94 -1.57 -1.75 -1.53 -1.63 -1.29 -1.04 -1.61 -1.1  -1.36 -1.22
 -1.92 -3.56 -3.31 -1.52 -1.59 -3.37 -1.52 -3.5  -1.04 -1.89 -1.75 -1.74
 -1.49 -1.57 -3.39 -3.35 -1.31 -3.38 -1.52 -1.87 -1.71 -1.48 -3.58 -1.9
 -1.85 -1.73 -1.65 -1.61 -1.7   1.58  1.57  1.39  1.03  1.34  3.69  1.41
  1.05  3.66  0.88  1.55  1.58  0.93  1.6   1.42  1.53  3.68  1.59  0.92
  1.17  1.52  1.27  3.74  1.37  1.4   1.56  3.72  3.85  1.51  0.62  3.72
  1.62  1.26  1.18  1.37]
analyze method containing outliers


analyzing the results:
number of max cluster size: 10
number of actually used clusters: 10
min value of all elements: -3.58
max value of all elements: 3.85
mean of all elements: 1.01941
median of all elements: 2.24
standard deviation of all elements: 2.3237137413846827
variance of all elements: 5.405050602502502
distribution of all clusters: [0 0 0 0 0 0 0 0 0 0 0 0 0 0 0 0 0 0 0 0 0 0 0 0 0 0 0 0 0 0 0 0 0 0 0 0 0
 0 0 0 0 0 0 0 0 0 0 0 0 0 0 0 0 0 0 0 0 0 0 0 0 0 0 0 0 0 0 0 0 0 0 0 0 0
 0 0 0 0 0 0 0 0 0 0 0 0 0 0 0 0 0 0 0 0 0 0 0 0 0 0 0 0 0 0 0 0 0 0 0 0 0
 0 0 0 0 0 0 0 0 0 0 0 0 0 0 0 0 0 0 0 0 0 0 0 0 0 0 0 0 0 0 1 1 1 1 1 1 1
 1 1 1 1 1 1 1 1 1 1 1 1 1 1 1 1 1 1 1 1 1 1 1 1 1 1 1 1 1 1 1 1 1 1 1 1 1
 1 1 1 1 1 1 1 1 1 1 1 1 1 1 1 1 1 1 1 1 1 1 1 1 1 1 1 1 1 1 1 1 1 1 1 1 1
 1 1 1 1 1 1 1 1 1 1 1 1 1 1 1 1 1 1 1 1 1 1 1 1 1 1 1 1 1 1 1 1 1 1 1 1 1
 1 1 1 1 1 1 1 1 1 1 1 1 1 1 1 1 1 1 1 1 1 1 2 2 2 2 2 2 2 2 2 2 2 2 2 2 2
 2 2 2 2 2 2 2 2 2 2 2 2 2 2 2 2 2 2 2 2 2 2 2 2 2 2 2 2 2 2 2 2 2 2 2 2 2
 2 2 2 2 2 2 2 2 2 2 2 2 2 2 2 2 2 2 2 2 2 2 2 2 2 2 2 2 2 2 2 2 2 2 2 2 2
 2 2 2 2 2 2 2 2 2 2 2 2 2 2 2 2 2 2 2 3 3 3 3 3 3 3 3 3 3 3 3 3 3 3 3 3 3
 3 3 3 3 3 3 3 3 3 3 3 3 3 3 3 3 3 3 3 3 3 3 3 3 3 3 3 3 3 3 3 3 3 3 3 3 3
 3 3 3 3 3 3 3 3 3 3 3 3 3 3 3 3 3 3 3 3 3 3 3 3 3 3 3 3 4 4 4 4 4 4 4 4 4
 4 4 4 4 4 4 4 4 4 4 4 4 4 4 4 4 4 4 4 4 4 4 4 4 4 4 4 4 4 4 4 4 4 4 4 4 4
 4 4 4 4 4 4 4 4 4 4 4 4 4 4 4 4 4 4 4 4 4 4 4 4 4 4 4 4 4 4 4 4 4 4 4 4 4
 4 4 4 4 4 4 4 4 4 4 4 4 4 4 4 4 4 4 4 4 4 4 4 4 5 5 5 5 5 5 5 5 5 5 5 5 5
 5 5 5 5 5 5 5 5 5 5 5 5 5 5 5 5 5 5 5 5 5 5 5 5 5 5 5 5 5 5 5 5 5 5 5 5 5
 5 5 5 6 6 6 6 6 6 6 6 6 6 6 6 6 6 6 6 6 6 6 6 6 6 6 6 6 6 6 6 6 6 6 6 6 6
 6 6 6 6 6 6 6 6 6 6 6 6 6 6 6 6 6 6 6 6 6 6 6 6 6 6 6 6 6 6 6 6 6 6 6 6 6
 6 6 6 6 6 6 6 6 6 6 6 6 6 6 6 6 6 6 6 6 6 6 6 6 6 6 6 6 6 6 6 6 6 6 6 6 6
 6 6 6 6 6 6 6 6 7 7 7 7 7 7 7 7 7 7 7 7 7 7 7 7 7 7 7 7 7 7 7 7 7 7 7 7 7
 7 7 7 7 7 7 7 7 7 7 7 7 7 7 7 7 7 7 7 7 7 7 7 7 7 7 7 7 8 8 8 8 8 8 8 8 8
 8 8 8 8 8 8 8 8 8 8 8 8 8 8 8 8 8 8 8 8 8 8 8 8 8 8 8 8 8 8 8 8 8 8 8 8 8
 8 8 8 8 8 8 8 8 8 8 8 8 8 8 8 8 8 8 8 8 8 8 8 8 8 8 8 8 8 8 8 8 8 8 8 8 8
 8 8 8 8 8 8 8 8 8 8 8 8 9 9 9 9 9 9 9 9 9 9 9 9 9 9 9 9 9 9 9 9 9 9 9 9 9
 9 9 9 9 9 9 9 9 9 9 9 9 9 9 9 9 9 9 9 9 9 9 9 9 9 9 9 9 9 9 9 9 9 9 9 9 9
 9 9 9 9 9 9 9 9 9 9 9 9 9 9 9 9 9 9 9 9 9 9 9 9 9 9 9 9 9 9 9 9 9 9 9 9 9
 9]

cluster #0: 	sum elements:141  	min value: 2.38 	max value: 2.61 	mean: 2.5 	std deviation: 0.069 	median: 2.51
cluster #0 homoscedasticity given with ratio = 1.190082644628104
cluster #1: 	sum elements:140  	min value: 2.07 	max value: 2.37 	mean: 2.2 	std deviation: 0.085 	median: 2.255
cluster #1 homoscedasticity NOT given with ratio = 1.7100591715976226
cluster #2: 	sum elements:108  	min value: 1.62 	max value: 2.06 	mean: 1.9 	std deviation: 0.122 	median: 1.91
cluster #2 homoscedasticity NOT given with ratio = 3.0624999999999902
cluster #3: 	sum elements:83  	min value: -2.81 	max value: -2.43 	mean: -2.6 	std deviation: 0.11 	median: -2.65
cluster #3 homoscedasticity NOT given with ratio = 1.5259515570934266
cluster #4: 	sum elements:107  	min value: 2.62 	max value: 2.86 	mean: 2.7 	std deviation: 0.063 	median: 2.73
cluster #4 homoscedasticity NOT given with ratio = 3.999999999999978
cluster #5: 	sum elements:53  	min value: 3.19 	max value: 3.61 	mean: 3.4 	std deviation: 0.112 	median: 3.36
cluster #5 homoscedasticity given with ratio = 0
cluster #6: 	sum elements:116  	min value: 2.87 	max value: 3.18 	mean: 3.0 	std deviation: 0.088 	median: 2.98
cluster #6 homoscedasticity NOT given with ratio = 1.9171597633136164
cluster #7: 	sum elements:57  	min value: -3.28 	max value: -2.84 	mean: -3.0 	std deviation: 0.115 	median: -3.03
cluster #7 homoscedasticity NOT given with ratio = 3.0624999999999902
cluster #8: 	sum elements:95  	min value: -2.42 	max value: -1.99 	mean: -2.2 	std deviation: 0.119 	median: -2.24
cluster #8 homoscedasticity given with ratio = 1.097505668934236
cluster #9: 	sum elements:100  	min value: -3.58 	max value: 3.85 	mean: -0.7 	std deviation: 2.022 	median: -1.525
cluster #9 homoscedasticity NOT given with ratio = 2.495961130401234
homoscedasticity given for 3 of 10 used clusters

number of elements: 1000

built clusters:
cluster #9: -3.58 -- 3.85 (100)
cluster #7: -3.28 -- -2.84 (57)
cluster #3: -2.81 -- -2.43 (83)
cluster #8: -2.42 -- -1.99 (95)
cluster #2: 1.62 -- 2.06 (108)
cluster #1: 2.07 -- 2.37 (140)
cluster #0: 2.38 -- 2.61 (141)
cluster #4: 2.62 -- 2.86 (107)
cluster #6: 2.87 -- 3.18 (116)
cluster #5: 3.19 -- 3.61 (53)

score even distribution (SED) MAX: 6.30e+19
score even distribution (SED) MAX: 6.303258144865585e+19
SED number of digits: 20

number of used clusters (NUC) MAX: 1.0

sum variances (SV) MIN: 4.135918605462223
sum variances (SV) MIN: 4.14e+00
ratio between SED and sv digits MAX: 0
SUM: NUC(MAX): 1.0	 SED(MAX): 6.30e+19	 SV(MIN): 4.14e+00

Mean Silhouette Coefficient of all clusters MSC(MAX): 0.44
(best value is 1 and the worst value is -1. Values near 0 indicate overlapping clusters)

Davies-Bouldin score DB(MIN): 0.75
(The minimum score is zero, with lower values indicating better clustering.)

overlapping range found in clusters!!

finished all 1 trials


Variances (Population):
 NUC: 0.0,
 SED: 0.0,
 SV: 0.0,
 MSC: 0.0000



TEST NUCs: [1.]

Process finished with exit code 0
