starting algorithm at: 15:44:35.983081
[1] "[R] success: found onlayargument for clusters and trim"
[1] "[R] clusters:"
[1] 10
[1] "[R] trim-factor:"
[1] 0.1
[1] "[R] script finished"
[ 5.  2.  3. 10.  2.  3.  2. 10. 10.  5.  3.  3.  3. 10. 10.  2.  3.  2.
  2.  5.  2. 10. 10. 10. 10.  2.  2.  3.  5. 10.  2. 10. 10.  3. 10.  2.
 10.  3.  3.  3. 10. 10.  3.  3.  5.  3.  5.  2.  2. 10.  2.  2.  3. 10.
  5.  2.  2.  2.  2.  2. 10.  5. 10.  2. 10.  5.  2.  3.  3.  2.  2.  5.
 10.  3.  3. 10.  3.  2.  2.  2.  3.  2.  3.  2.  2.  3.  5.  2.  2.  3.
  5.  5. 10.  2.  2.  5. 10.  2.  3.  3.  3. 10.  2. 10. 10.  2.  5. 10.
  2.  3. 10. 10.  5.  2.  2.  5. 10.  3.  5. 10. 10.  3. 10.  3.  2.  3.
 10.  2.  3.  5.  5.  2.  3.  3.  5.  5.  2.  5.  2.  5.  3.  3.  2.  2.
  2.  5.  5.  2.  5.  5.  2.  3.  3.  3.  3.  3.  3. 10. 10.  3.  3. 10.
  2.  2.  2.  3. 10.  5. 10.  3.  5. 10.  3.  5.  2. 10.  3.  5. 10.  3.
  5.  3.  5. 10.  3.  2.  3.  2. 10.  5.  2.  3. 10.  3.  5.  5. 10.  2.
  2.  3.  2. 10.  2.  5.  2. 10. 10.  2.  5.  2. 10.  3. 10.  3.  2.  5.
  3. 10. 10.  3. 10.  2.  3.  3. 10. 10.  3.  2. 10. 10.  3.  2.  2.  3.
  5.  3. 10.  3.  5.  3.  3.  3.  3.  5.  2.  2.  3.  3.  5. 10.  5. 10.
  3.  2.  5.  2. 10.  3.  3.  2.  2.  2.  5.  3.  3.  3.  5.  5. 10.  3.
  3. 10.  5. 10. 10. 10.  3.  5.  2. 10.  2. 10.  2.  3.  5.  2. 10.  5.
  3.  2.  3. 10.  3.  3.  3.  5. 10.  3.  2.  5.  8.  7.  8.  1.  7.  4.
  4.  9.  0.  8.  8.  9.  6.  0.  0.  6.  7.  6.  7.  4.  7.  6.  1.  6.
  1.  0.  4.  7.  7.  8.  7.  9.  0.  0.  7.  0.  9.  6.  0.  7.  9.  4.
  9.  4.  8.  4.  9.  6.  7.  8.  9.  8.  1.  6.  6.  6.  4.  4.  4.  0.
  6.  4.  7.  7.  7.  8.  7.  6.  1.  0.  6.  7.  7. 10.  9.  4. 10. 10.
  6.  0.  9.  4. 10.  6.  6.  7.  0.  9.  4.  0.  1.  4.  4.  1.  9.  7.
 10.  9.  7.  9.  4.  8.  1.  8.  9.  6.  9.  4.  4.  7.  7.  4.  6.  6.
  0.  0.  8.  1.  4.  7.  6. 10.  7.  6.  4.  7.  9.  6.  8.  6.  0.  0.
  4.  4.  4.  6.  7.  9.  0. 10.  9.  7.  0.  0.  9.  9.  1.  6.  7.  0.
  6.  6.  6.  0.  6.  6.  4.  7.  0.  9.  4.  7.  7.  1.  4.  7.  6.  4.
  6.  6.  0.  4.  9.  8.  6.  0.  4.  6.  1.  6.  7.  8.  7.  7.  0.  1.
  1.  6.  0.  9.  9.  4.  6.  7. 10.  4.  7.  9.  7.  4.  6.  0.  1.  7.
  9.  8.  8.  4.  7.  9.  9.  6. 10.  8.  0.  7.  1.  4.  9.  8.  9.  0.
  9.  0.  0.  4.  7.  1.  1.  4.  4.  0.  7.  6.  6.  8.  7.  7.  9.  7.
  7. 10.  8.  0.  7.  4.  8.  0.  7.  6.  7.  7.  9.  0.  6.  7.  0.  7.
  0.  9.  0.  8.  4.  6.  6.  7.  6.  6.  9.  9.  7.  0.  4.  4.  6.  6.
  4.  1.  0.  6.  4.  6.  9.  4.  9.  0.  8.  8.  6.  7. 10.  0.  9.  6.
  7.  8.  9.  9.  0.  0.  4.  0.  6.  7. 10.  8.  0.  7.  0.  6.  0.  7.
  4.  0.  4.  6.  7.  9.  7.  6.  7.  7.  4.  0.  4.  7.  7.  0.  4.  7.
  7.  4.  9.  4.  0.  6.  0.  7.  0.  7.  7.  9.  0.  7.  1.  9.  7.  6.
  6.  6.  0.  6.  0.  0.  4.  1.  8.  4.  7.  8.  0.  1.  6.  1.  9.  1.
  1.  6.  0.  0.  1.  4.  4.  6.  6.  4.  9.  7. 10.  6.  9.  7.  1.  9.
  4.  7.  0.  7.  8.  9. 10.  7.  6.  1.  8.  7.  4.  6.  4.  9.  1.  4.
  4.  8.  7.  9.  4. 10.  6.  7.  9.  4.  8.  0.  6.  7.  4.  9.  7.  6.
  9. 10.  0.  6.  6.  0.  9.  0.  0.  0.  6.  7.  7.  7.  4.  9.  7.  7.
  8.  4.  6.  6.  6.  9.  7.  4.  6.  8.  6.  4.  4.  9.  7.  0.  6.  4.
  4.  1.  0.  7.  7.  7.  7.  4.  9.  8.  1.  8.  6.  0.  6. 10.  7.  9.
  0.  0.  1.  9.  0.  6.  1.  4.  9.  4.  1.  1.  0.  9.  4.  6.  0.  0.
  4.  1.  7.  9.  0. 10.  4.  6.  1.  6.  4.  9.  8.  1.  6.  6.  4.  9.
  4.  8.  4.  7.  0.  8.  7.  9.  9.  6.  0.  8.  0.  6.  6.  7.  7.  0.
  9.  9.  7.  7.  6.  0.  4.  0.  0.  0.  0.  9.  0.  7.  6.  0.  0.  7.
  4.  4.  1.  0.  0.  6.  4.  9.  6.  7.  1.  7.  0.  9.  1.  0.  7.  9.
  7.  0.  6.  9.  4.  9.  7.  4.  0.  0.  7.  7.  7.  0.  7.  4.  8.  8.
 10.  4.  0.  6.  7.  6.  6.  0.  1.  6.  9.  0.  0.  6.  1.  0. 10.  0.
  0.  7.  8.  9.  4.  4.  0. 10. 10.  9.  8.  6.  4.  1.  7.  6.  6.  6.
  9.  0.  0.  9.  1.  0.  0.  0.  0.  8.  6.  4.  6.  9.  7.  7.  6.  1.
  0.  7.  0. 10.  4.  0.  9.  7.  6.  7.  9.  7.  0. 10.  7.  0.  9.  0.
  7.  4.  1.  6.  6.  0.  6.  8.  9.  0.  7.  9.  0.  9.  0.  7.  7.  9.
  0.  9.  4.  7.  7.  7.  4.  0.  4.  9.  0.  9. 10.  0.  4. 10.  1.  1.
  1.  8.  6.  6.  1.  0.  4.  4.  7.  4.]
finishing algorithm at: 15:46:06.310324

running time of algorithm: 0:01:30.327243


frquencies result
[( 5, -3.04) ( 2, -2.8 ) ( 3, -2.06) (10, -1.83) ( 2, -2.46) ( 3, -2.08)
 ( 2, -2.63) (10, -1.77) (10, -1.79) ( 5, -3.19) ( 3, -2.26) ( 3, -2.31)
 ( 3, -2.18) (10, -3.41) (10, -1.94) ( 2, -2.79) ( 3, -2.4 ) ( 2, -2.64)
 ( 2, -2.76) ( 5, -3.15) ( 2, -2.55) (10, -1.74) (10, -1.67) (10, -1.52)
 (10, -1.26) ( 2, -2.63) ( 2, -2.48) ( 3, -2.19) ( 5, -3.17) (10, -1.87)
 ( 2, -2.57) (10, -2.01) (10, -1.4 ) ( 3, -2.17) (10, -1.87) ( 2, -2.66)
 (10, -2.01) ( 3, -2.3 ) ( 3, -2.19) ( 3, -2.35) (10, -1.84) (10, -1.9 )
 ( 3, -2.24) ( 3, -2.27) ( 5, -2.91) ( 3, -2.35) ( 5, -2.84) ( 2, -2.63)
 ( 2, -2.44) (10, -1.89) ( 2, -2.71) ( 2, -2.68) ( 3, -2.19) (10, -3.39)
 ( 5, -2.91) ( 2, -2.51) ( 2, -2.63) ( 2, -2.76) ( 2, -2.44) ( 2, -2.52)
 (10, -3.46) ( 5, -3.07) (10, -1.59) ( 2, -2.62) (10, -2.  ) ( 5, -3.03)
 ( 2, -2.7 ) ( 3, -2.1 ) ( 3, -2.29) ( 2, -2.52) ( 2, -2.79) ( 5, -2.84)
 (10, -1.71) ( 3, -2.2 ) ( 3, -2.15) (10, -2.02) ( 3, -2.14) ( 2, -2.76)
 ( 2, -2.56) ( 2, -2.67) ( 3, -2.05) ( 2, -2.48) ( 3, -2.28) ( 2, -2.68)
 ( 2, -2.66) ( 3, -2.3 ) ( 5, -2.97) ( 2, -2.81) ( 2, -2.64) ( 3, -2.26)
 ( 5, -3.2 ) ( 5, -3.18) (10, -3.29) ( 2, -2.73) ( 2, -2.67) ( 5, -3.  )
 (10, -3.34) ( 2, -2.69) ( 3, -2.21) ( 3, -2.3 ) ( 3, -2.29) (10, -1.88)
 ( 2, -2.79) (10, -1.58) (10, -3.53) ( 2, -2.68) ( 5, -2.96) (10, -1.71)
 ( 2, -2.79) ( 3, -2.26) (10, -1.94) (10, -1.57) ( 5, -3.12) ( 2, -2.76)
 ( 2, -2.44) ( 5, -3.04) (10, -1.75) ( 3, -2.38) ( 5, -2.9 ) (10, -1.53)
 (10, -1.63) ( 3, -2.08) (10, -1.29) ( 3, -2.17) ( 2, -2.44) ( 3, -2.31)
 (10, -1.99) ( 2, -2.59) ( 3, -2.22) ( 5, -2.89) ( 5, -2.87) ( 2, -2.71)
 ( 3, -2.03) ( 3, -2.42) ( 5, -3.11) ( 5, -3.  ) ( 2, -2.72) ( 5, -3.14)
 ( 2, -2.47) ( 5, -3.03) ( 3, -2.35) ( 3, -2.27) ( 2, -2.58) ( 2, -2.7 )
 ( 2, -2.47) ( 5, -3.17) ( 5, -3.09) ( 2, -2.81) ( 5, -2.84) ( 5, -3.06)
 ( 2, -2.69) ( 3, -2.12) ( 3, -2.35) ( 3, -2.19) ( 3, -2.3 ) ( 3, -2.3 )
 ( 3, -2.29) (10, -1.04) (10, -1.61) ( 3, -2.22) ( 3, -2.43) (10, -1.1 )
 ( 2, -2.72) ( 2, -2.63) ( 2, -2.57) ( 3, -2.14) (10, -1.36) ( 5, -2.93)
 (10, -1.22) ( 3, -2.22) ( 5, -2.86) (10, -1.92) ( 3, -2.33) ( 5, -2.98)
 ( 2, -2.52) (10, -3.56) ( 3, -2.12) ( 5, -2.98) (10, -3.31) ( 3, -2.29)
 ( 5, -3.06) ( 3, -2.3 ) ( 5, -3.11) (10, -1.52) ( 3, -2.1 ) ( 2, -2.71)
 ( 3, -2.1 ) ( 2, -2.48) (10, -3.24) ( 5, -3.07) ( 2, -2.54) ( 3, -2.13)
 (10, -2.01) ( 3, -2.05) ( 5, -2.96) ( 5, -3.04) (10, -1.59) ( 2, -2.71)
 ( 2, -2.77) ( 3, -2.36) ( 2, -2.55) (10, -3.37) ( 2, -2.65) ( 5, -2.88)
 ( 2, -2.52) (10, -1.52) (10, -3.5 ) ( 2, -2.49) ( 5, -2.92) ( 2, -2.74)
 (10, -1.04) ( 3, -2.07) (10, -1.89) ( 3, -2.12) ( 2, -2.52) ( 5, -2.93)
 ( 3, -2.15) (10, -1.75) (10, -1.74) ( 3, -2.42) (10, -1.49) ( 2, -2.62)
 ( 3, -2.33) ( 3, -2.15) (10, -1.57) (10, -3.39) ( 3, -2.19) ( 2, -2.68)
 (10, -3.35) (10, -1.31) ( 3, -2.27) ( 2, -2.65) ( 2, -2.68) ( 3, -2.41)
 ( 5, -2.91) ( 3, -2.08) (10, -3.38) ( 3, -2.41) ( 5, -3.12) ( 3, -2.37)
 ( 3, -2.4 ) ( 3, -2.28) ( 3, -2.21) ( 5, -2.91) ( 2, -2.7 ) ( 2, -2.46)
 ( 3, -2.36) ( 3, -2.33) ( 5, -3.  ) (10, -1.99) ( 5, -3.11) (10, -1.52)
 ( 3, -2.14) ( 2, -2.67) ( 5, -3.19) ( 2, -2.45) (10, -1.87) ( 3, -2.11)
 ( 3, -2.25) ( 2, -2.54) ( 2, -2.5 ) ( 2, -2.79) ( 5, -3.18) ( 3, -2.07)
 ( 3, -2.13) ( 3, -2.35) ( 5, -2.97) ( 5, -2.95) (10, -1.71) ( 3, -2.38)
 ( 3, -2.27) (10, -1.48) ( 5, -3.13) (10, -3.58) (10, -1.9 ) (10, -1.85)
 ( 3, -2.24) ( 5, -2.91) ( 2, -2.72) (10, -3.28) ( 2, -2.69) (10, -1.73)
 ( 2, -2.7 ) ( 3, -2.29) ( 5, -3.05) ( 2, -2.69) (10, -1.65) ( 5, -3.07)
 ( 3, -2.29) ( 2, -2.57) ( 3, -2.09) (10, -1.61) ( 3, -2.37) ( 3, -2.37)
 ( 3, -2.28) ( 5, -3.17) (10, -1.7 ) ( 3, -2.26) ( 2, -2.7 ) ( 5, -2.96)
 ( 8,  1.58) ( 7,  2.57) ( 8,  1.82) ( 1,  3.48) ( 7,  2.46) ( 4,  2.83)
 ( 4,  2.63) ( 9,  1.98) ( 0,  2.21) ( 8,  1.73) ( 8,  1.63) ( 9,  2.13)
 ( 6,  2.96) ( 0,  2.16) ( 0,  2.19) ( 6,  3.15) ( 7,  2.51) ( 6,  2.94)
 ( 7,  2.51) ( 4,  2.81) ( 7,  2.44) ( 6,  3.03) ( 1,  3.47) ( 6,  3.14)
 ( 1,  3.19) ( 0,  2.18) ( 4,  2.86) ( 7,  2.58) ( 7,  2.45) ( 8,  1.71)
 ( 7,  2.49) ( 9,  2.03) ( 0,  2.22) ( 0,  2.36) ( 7,  2.54) ( 0,  2.19)
 ( 9,  1.9 ) ( 6,  2.88) ( 0,  2.31) ( 7,  2.53) ( 9,  1.94) ( 4,  2.77)
 ( 9,  1.89) ( 4,  2.63) ( 8,  1.78) ( 4,  2.66) ( 9,  1.97) ( 6,  3.02)
 ( 7,  2.45) ( 8,  1.69) ( 9,  1.95) ( 8,  1.79) ( 1,  3.35) ( 6,  3.09)
 ( 6,  3.02) ( 6,  2.9 ) ( 4,  2.8 ) ( 4,  2.76) ( 4,  2.67) ( 0,  2.32)
 ( 6,  2.94) ( 4,  2.74) ( 7,  2.57) ( 7,  2.56) ( 7,  2.58) ( 8,  1.57)
 ( 7,  2.54) ( 6,  2.97) ( 1,  3.51) ( 0,  2.25) ( 6,  2.94) ( 7,  2.5 )
 ( 7,  2.53) (10,  1.39) ( 9,  1.92) ( 4,  2.78) (10,  1.03) (10,  1.34)
 ( 6,  2.91) ( 0,  2.33) ( 9,  1.88) ( 4,  2.71) (10,  3.69) ( 6,  3.01)
 ( 6,  3.12) ( 7,  2.59) ( 0,  2.32) ( 9,  2.11) ( 4,  2.67) ( 0,  2.26)
 ( 1,  3.29) ( 4,  2.68) ( 4,  2.76) ( 1,  3.36) ( 9,  2.1 ) ( 7,  2.46)
 (10,  1.41) ( 9,  2.08) ( 7,  2.47) ( 9,  2.06) ( 4,  2.74) ( 8,  1.83)
 ( 1,  3.5 ) ( 8,  1.8 ) ( 9,  2.  ) ( 6,  2.9 ) ( 9,  1.95) ( 4,  2.82)
 ( 4,  2.73) ( 7,  2.48) ( 7,  2.55) ( 4,  2.67) ( 6,  3.03) ( 6,  3.09)
 ( 0,  2.2 ) ( 0,  2.39) ( 8,  1.7 ) ( 1,  3.31) ( 4,  2.83) ( 7,  2.56)
 ( 6,  2.9 ) (10,  1.05) ( 7,  2.53) ( 6,  2.9 ) ( 4,  2.81) ( 7,  2.6 )
 ( 9,  1.96) ( 6,  2.97) ( 8,  1.82) ( 6,  2.97) ( 0,  2.38) ( 0,  2.37)
 ( 4,  2.8 ) ( 4,  2.76) ( 4,  2.73) ( 6,  2.96) ( 7,  2.56) ( 9,  1.97)
 ( 0,  2.34) (10,  3.66) ( 9,  1.97) ( 7,  2.49) ( 0,  2.35) ( 0,  2.17)
 ( 9,  2.  ) ( 9,  1.95) ( 1,  3.21) ( 6,  2.9 ) ( 7,  2.42) ( 0,  2.39)
 ( 6,  3.01) ( 6,  2.96) ( 6,  2.98) ( 0,  2.15) ( 6,  3.13) ( 6,  3.04)
 ( 4,  2.72) ( 7,  2.59) ( 0,  2.3 ) ( 9,  1.85) ( 4,  2.71) ( 7,  2.44)
 ( 7,  2.44) ( 1,  3.48) ( 4,  2.63) ( 7,  2.45) ( 6,  3.11) ( 4,  2.78)
 ( 6,  3.06) ( 6,  3.05) ( 0,  2.14) ( 4,  2.78) ( 9,  1.92) ( 8,  1.64)
 ( 6,  2.99) ( 0,  2.32) ( 4,  2.63) ( 6,  3.16) ( 1,  3.29) ( 6,  2.97)
 ( 7,  2.46) ( 8,  1.64) ( 7,  2.59) ( 7,  2.61) ( 0,  2.36) ( 1,  3.25)
 ( 1,  3.42) ( 6,  2.88) ( 0,  2.19) ( 9,  1.97) ( 9,  2.1 ) ( 4,  2.84)
 ( 6,  3.03) ( 7,  2.45) (10,  0.88) ( 4,  2.69) ( 7,  2.48) ( 9,  2.  )
 ( 7,  2.52) ( 4,  2.69) ( 6,  3.17) ( 0,  2.16) ( 1,  3.22) ( 7,  2.56)
 ( 9,  1.98) ( 8,  1.63) ( 8,  1.73) ( 4,  2.72) ( 7,  2.41) ( 9,  1.88)
 ( 9,  1.97) ( 6,  3.03) (10,  3.61) ( 8,  1.55) ( 0,  2.16) ( 7,  2.61)
 ( 1,  3.28) ( 4,  2.68) ( 9,  2.04) ( 8,  1.58) ( 9,  2.1 ) ( 0,  2.35)
 ( 9,  2.05) ( 0,  2.33) ( 0,  2.36) ( 4,  2.82) ( 7,  2.45) ( 1,  3.37)
 ( 1,  3.19) ( 4,  2.63) ( 4,  2.74) ( 0,  2.18) ( 7,  2.42) ( 6,  2.98)
 ( 6,  3.11) ( 8,  1.79) ( 7,  2.57) ( 7,  2.48) ( 9,  1.96) ( 7,  2.46)
 ( 7,  2.41) (10,  0.93) ( 8,  1.68) ( 0,  2.24) ( 7,  2.58) ( 4,  2.83)
 ( 8,  1.69) ( 0,  2.26) ( 7,  2.62) ( 6,  2.95) ( 7,  2.53) ( 7,  2.53)
 ( 9,  2.  ) ( 0,  2.22) ( 6,  2.97) ( 7,  2.5 ) ( 0,  2.27) ( 7,  2.53)
 ( 0,  2.26) ( 9,  2.02) ( 0,  2.33) ( 8,  1.69) ( 4,  2.79) ( 6,  2.9 )
 ( 6,  2.97) ( 7,  2.5 ) ( 6,  2.87) ( 6,  3.16) ( 9,  2.03) ( 9,  1.96)
 ( 7,  2.53) ( 0,  2.28) ( 4,  2.72) ( 4,  2.71) ( 6,  2.97) ( 6,  2.87)
 ( 4,  2.81) ( 1,  3.53) ( 0,  2.38) ( 6,  3.02) ( 4,  2.67) ( 6,  2.88)
 ( 9,  1.95) ( 4,  2.65) ( 9,  1.96) ( 0,  2.16) ( 8,  1.69) ( 8,  1.6 )
 ( 6,  2.9 ) ( 7,  2.62) (10,  1.42) ( 0,  2.28) ( 9,  1.91) ( 6,  3.18)
 ( 7,  2.53) ( 8,  1.53) ( 9,  2.12) ( 9,  2.05) ( 0,  2.3 ) ( 0,  2.35)
 ( 4,  2.72) ( 0,  2.37) ( 6,  2.98) ( 7,  2.52) (10,  3.68) ( 8,  1.59)
 ( 0,  2.14) ( 7,  2.48) ( 0,  2.24) ( 6,  2.96) ( 0,  2.36) ( 7,  2.6 )
 ( 4,  2.72) ( 0,  2.39) ( 4,  2.68) ( 6,  3.07) ( 7,  2.42) ( 9,  1.91)
 ( 7,  2.6 ) ( 6,  3.  ) ( 7,  2.6 ) ( 7,  2.45) ( 4,  2.75) ( 0,  2.34)
 ( 4,  2.79) ( 7,  2.5 ) ( 7,  2.54) ( 0,  2.29) ( 4,  2.68) ( 7,  2.61)
 ( 7,  2.53) ( 4,  2.79) ( 9,  2.12) ( 4,  2.74) ( 0,  2.2 ) ( 6,  2.95)
 ( 0,  2.16) ( 7,  2.58) ( 0,  2.31) ( 7,  2.45) ( 7,  2.43) ( 9,  1.94)
 ( 0,  2.36) ( 7,  2.6 ) ( 1,  3.25) ( 9,  1.92) ( 7,  2.48) ( 6,  3.04)
 ( 6,  2.98) ( 6,  2.96) ( 0,  2.19) ( 6,  2.92) ( 0,  2.38) ( 0,  2.36)
 ( 4,  2.7 ) ( 1,  3.52) ( 8,  1.69) ( 4,  2.83) ( 7,  2.42) ( 8,  1.73)
 ( 0,  2.23) ( 1,  3.56) ( 6,  2.96) ( 1,  3.41) ( 9,  1.91) ( 1,  3.35)
 ( 1,  3.36) ( 6,  2.97) ( 0,  2.24) ( 0,  2.26) ( 1,  3.3 ) ( 4,  2.79)
 ( 4,  2.65) ( 6,  3.06) ( 6,  2.88) ( 4,  2.72) ( 9,  2.07) ( 7,  2.55)
 (10,  0.92) ( 6,  3.03) ( 9,  2.13) ( 7,  2.53) ( 1,  3.23) ( 9,  1.91)
 ( 4,  2.63) ( 7,  2.54) ( 0,  2.29) ( 7,  2.55) ( 8,  1.82) ( 9,  1.88)
 (10,  1.17) ( 7,  2.5 ) ( 6,  3.01) ( 1,  3.32) ( 8,  1.52) ( 7,  2.57)
 ( 4,  2.71) ( 6,  2.88) ( 4,  2.74) ( 9,  2.02) ( 1,  3.29) ( 4,  2.83)
 ( 4,  2.67) ( 8,  1.73) ( 7,  2.59) ( 9,  2.12) ( 4,  2.7 ) (10,  1.27)
 ( 6,  3.11) ( 7,  2.49) ( 9,  2.13) ( 4,  2.8 ) ( 8,  1.68) ( 0,  2.27)
 ( 6,  3.  ) ( 7,  2.58) ( 4,  2.68) ( 9,  2.13) ( 7,  2.55) ( 6,  3.08)
 ( 9,  1.91) (10,  3.74) ( 0,  2.38) ( 6,  3.12) ( 6,  2.89) ( 0,  2.25)
 ( 9,  1.86) ( 0,  2.16) ( 0,  2.31) ( 0,  2.27) ( 6,  3.15) ( 7,  2.57)
 ( 7,  2.45) ( 7,  2.55) ( 4,  2.69) ( 9,  2.1 ) ( 7,  2.6 ) ( 7,  2.59)
 ( 8,  1.68) ( 4,  2.73) ( 6,  2.92) ( 6,  2.9 ) ( 6,  2.97) ( 9,  1.87)
 ( 7,  2.59) ( 4,  2.74) ( 6,  3.01) ( 8,  1.75) ( 6,  2.9 ) ( 4,  2.69)
 ( 4,  2.75) ( 9,  1.99) ( 7,  2.6 ) ( 0,  2.2 ) ( 6,  3.  ) ( 4,  2.7 )
 ( 4,  2.74) ( 1,  3.22) ( 0,  2.28) ( 7,  2.47) ( 7,  2.46) ( 7,  2.44)
 ( 7,  2.57) ( 4,  2.76) ( 9,  1.86) ( 8,  1.77) ( 1,  3.47) ( 8,  1.81)
 ( 6,  2.9 ) ( 0,  2.28) ( 6,  2.9 ) (10,  1.37) ( 7,  2.42) ( 9,  1.92)
 ( 0,  2.24) ( 0,  2.24) ( 1,  3.21) ( 9,  2.11) ( 0,  2.37) ( 6,  3.14)
 ( 1,  3.45) ( 4,  2.68) ( 9,  1.86) ( 4,  2.69) ( 1,  3.3 ) ( 1,  3.47)
 ( 0,  2.15) ( 9,  1.96) ( 4,  2.69) ( 6,  2.9 ) ( 0,  2.32) ( 0,  2.32)
 ( 4,  2.83) ( 1,  3.39) ( 7,  2.61) ( 9,  1.94) ( 0,  2.29) (10,  1.4 )
 ( 4,  2.82) ( 6,  3.  ) ( 1,  3.3 ) ( 6,  2.9 ) ( 4,  2.78) ( 9,  1.99)
 ( 8,  1.62) ( 1,  3.4 ) ( 6,  3.16) ( 6,  2.97) ( 4,  2.64) ( 9,  2.11)
 ( 4,  2.73) ( 8,  1.56) ( 4,  2.81) ( 7,  2.6 ) ( 0,  2.21) ( 8,  1.67)
 ( 7,  2.47) ( 9,  1.93) ( 9,  1.91) ( 6,  3.1 ) ( 0,  2.31) ( 8,  1.77)
 ( 0,  2.26) ( 6,  3.11) ( 6,  2.97) ( 7,  2.55) ( 7,  2.55) ( 0,  2.35)
 ( 9,  1.95) ( 9,  2.09) ( 7,  2.44) ( 7,  2.41) ( 6,  2.89) ( 0,  2.18)
 ( 4,  2.76) ( 0,  2.29) ( 0,  2.31) ( 0,  2.19) ( 0,  2.31) ( 9,  2.13)
 ( 0,  2.35) ( 7,  2.53) ( 6,  3.05) ( 0,  2.17) ( 0,  2.2 ) ( 7,  2.59)
 ( 4,  2.67) ( 4,  2.64) ( 1,  3.28) ( 0,  2.15) ( 0,  2.29) ( 6,  2.88)
 ( 4,  2.66) ( 9,  2.13) ( 6,  2.9 ) ( 7,  2.61) ( 1,  3.47) ( 7,  2.57)
 ( 0,  2.27) ( 9,  2.02) ( 1,  3.37) ( 0,  2.35) ( 7,  2.41) ( 9,  2.02)
 ( 7,  2.48) ( 0,  2.36) ( 6,  2.95) ( 9,  1.94) ( 4,  2.72) ( 9,  2.11)
 ( 7,  2.52) ( 4,  2.67) ( 0,  2.37) ( 0,  2.27) ( 7,  2.44) ( 7,  2.57)
 ( 7,  2.53) ( 0,  2.25) ( 7,  2.4 ) ( 4,  2.79) ( 8,  1.7 ) ( 8,  1.82)
 (10,  3.72) ( 4,  2.66) ( 0,  2.35) ( 6,  2.95) ( 7,  2.49) ( 6,  3.11)
 ( 6,  3.11) ( 0,  2.24) ( 1,  3.5 ) ( 6,  3.  ) ( 9,  2.04) ( 0,  2.24)
 ( 0,  2.32) ( 6,  3.01) ( 1,  3.52) ( 0,  2.27) (10,  3.85) ( 0,  2.25)
 ( 0,  2.32) ( 7,  2.44) ( 8,  1.51) ( 9,  2.03) ( 4,  2.76) ( 4,  2.81)
 ( 0,  2.39) (10,  0.62) (10,  3.72) ( 9,  1.98) ( 8,  1.62) ( 6,  2.91)
 ( 4,  2.83) ( 1,  3.32) ( 7,  2.58) ( 6,  3.  ) ( 6,  3.11) ( 6,  3.18)
 ( 9,  1.87) ( 0,  2.39) ( 0,  2.38) ( 9,  2.05) ( 1,  3.39) ( 0,  2.37)
 ( 0,  2.17) ( 0,  2.37) ( 0,  2.25) ( 8,  1.77) ( 6,  2.93) ( 4,  2.81)
 ( 6,  2.93) ( 9,  2.04) ( 7,  2.45) ( 7,  2.4 ) ( 6,  3.15) ( 1,  3.48)
 ( 0,  2.39) ( 7,  2.46) ( 0,  2.33) (10,  1.26) ( 4,  2.68) ( 0,  2.29)
 ( 9,  1.94) ( 7,  2.53) ( 6,  2.9 ) ( 7,  2.45) ( 9,  1.92) ( 7,  2.5 )
 ( 0,  2.29) (10,  1.18) ( 7,  2.45) ( 0,  2.33) ( 9,  2.02) ( 0,  2.37)
 ( 7,  2.56) ( 4,  2.85) ( 1,  3.37) ( 6,  3.16) ( 6,  3.  ) ( 0,  2.27)
 ( 6,  2.91) ( 8,  1.78) ( 9,  1.97) ( 0,  2.32) ( 7,  2.42) ( 9,  1.94)
 ( 0,  2.23) ( 9,  1.91) ( 0,  2.21) ( 7,  2.42) ( 7,  2.41) ( 9,  2.13)
 ( 0,  2.31) ( 9,  2.12) ( 4,  2.72) ( 7,  2.59) ( 7,  2.46) ( 7,  2.53)
 ( 4,  2.76) ( 0,  2.26) ( 4,  2.75) ( 9,  1.87) ( 0,  2.22) ( 9,  2.13)
 (10,  3.59) ( 0,  2.35) ( 4,  2.73) (10,  1.37) ( 1,  3.34) ( 1,  3.51)
 ( 1,  3.3 ) ( 8,  1.76) ( 6,  3.01) ( 6,  3.14) ( 1,  3.33) ( 0,  2.18)
 ( 4,  2.67) ( 4,  2.69) ( 7,  2.53) ( 4,  2.81)]

100 determined outlier frequencies:
[-1.83 -1.77 -1.79 -3.41 -1.94 -1.74 -1.67 -1.52 -1.26 -1.87 -2.01 -1.4
 -1.87 -2.01 -1.84 -1.9  -1.89 -3.39 -3.46 -1.59 -2.   -1.71 -2.02 -3.29
 -3.34 -1.88 -1.58 -3.53 -1.71 -1.94 -1.57 -1.75 -1.53 -1.63 -1.29 -1.99
 -1.04 -1.61 -1.1  -1.36 -1.22 -1.92 -3.56 -3.31 -1.52 -3.24 -2.01 -1.59
 -3.37 -1.52 -3.5  -1.04 -1.89 -1.75 -1.74 -1.49 -1.57 -3.39 -3.35 -1.31
 -3.38 -1.99 -1.52 -1.87 -1.71 -1.48 -3.58 -1.9  -1.85 -3.28 -1.73 -1.65
 -1.61 -1.7   1.39  1.03  1.34  3.69  1.41  1.05  3.66  0.88  3.61  0.93
  1.42  3.68  0.92  1.17  1.27  3.74  1.37  1.4   3.72  3.85  0.62  3.72
  1.26  1.18  3.59  1.37]
analyze method without outliers


analyzing the results:
number of max cluster size: 10
number of actually used clusters: 10
min value of all elements: -3.2
max value of all elements: 3.56
mean of all elements: 1.2419
median of all elements: 2.32
standard deviation of all elements: 2.2489146149988786
variance of all elements: 5.063242770856507
distribution of all clusters: [0 0 0 0 0 0 0 0 0 0 0 0 0 0 0 0 0 0 0 0 0 0 0 0 0 0 0 0 0 0 0 0 0 0 0 0 0
 0 0 0 0 0 0 0 0 0 0 0 0 0 0 0 0 0 0 0 0 0 0 0 0 0 0 0 0 0 0 0 0 0 0 0 0 0
 0 0 0 0 0 0 0 0 0 0 0 0 0 0 0 0 0 0 0 0 0 0 0 0 0 0 0 0 0 0 0 0 0 0 0 0 0
 0 0 0 0 0 0 0 0 0 0 0 0 0 0 0 0 0 1 1 1 1 1 1 1 1 1 1 1 1 1 1 1 1 1 1 1 1
 1 1 1 1 1 1 1 1 1 1 1 1 1 1 1 1 1 1 1 1 1 1 1 1 1 1 1 1 1 1 1 2 2 2 2 2 2
 2 2 2 2 2 2 2 2 2 2 2 2 2 2 2 2 2 2 2 2 2 2 2 2 2 2 2 2 2 2 2 2 2 2 2 2 2
 2 2 2 2 2 2 2 2 2 2 2 2 2 2 2 2 2 2 2 2 2 2 2 2 2 2 2 2 2 2 2 2 2 2 2 2 2
 2 2 3 3 3 3 3 3 3 3 3 3 3 3 3 3 3 3 3 3 3 3 3 3 3 3 3 3 3 3 3 3 3 3 3 3 3
 3 3 3 3 3 3 3 3 3 3 3 3 3 3 3 3 3 3 3 3 3 3 3 3 3 3 3 3 3 3 3 3 3 3 3 3 3
 3 3 3 3 3 3 3 3 3 3 3 3 3 3 3 3 3 4 4 4 4 4 4 4 4 4 4 4 4 4 4 4 4 4 4 4 4
 4 4 4 4 4 4 4 4 4 4 4 4 4 4 4 4 4 4 4 4 4 4 4 4 4 4 4 4 4 4 4 4 4 4 4 4 4
 4 4 4 4 4 4 4 4 4 4 4 4 4 4 4 4 4 4 4 4 4 4 4 4 4 4 4 4 4 4 4 4 4 4 4 4 4
 4 4 4 4 4 4 4 4 4 4 4 5 5 5 5 5 5 5 5 5 5 5 5 5 5 5 5 5 5 5 5 5 5 5 5 5 5
 5 5 5 5 5 5 5 5 5 5 5 5 5 5 5 5 5 5 5 5 5 5 5 5 5 5 5 5 5 6 6 6 6 6 6 6 6
 6 6 6 6 6 6 6 6 6 6 6 6 6 6 6 6 6 6 6 6 6 6 6 6 6 6 6 6 6 6 6 6 6 6 6 6 6
 6 6 6 6 6 6 6 6 6 6 6 6 6 6 6 6 6 6 6 6 6 6 6 6 6 6 6 6 6 6 6 6 6 6 6 6 6
 6 6 6 6 6 6 6 6 6 6 6 6 6 6 6 6 6 6 6 6 6 6 6 6 6 6 6 6 6 6 6 6 6 6 7 7 7
 7 7 7 7 7 7 7 7 7 7 7 7 7 7 7 7 7 7 7 7 7 7 7 7 7 7 7 7 7 7 7 7 7 7 7 7 7
 7 7 7 7 7 7 7 7 7 7 7 7 7 7 7 7 7 7 7 7 7 7 7 7 7 7 7 7 7 7 7 7 7 7 7 7 7
 7 7 7 7 7 7 7 7 7 7 7 7 7 7 7 7 7 7 7 7 7 7 7 7 7 7 7 7 7 7 7 7 7 7 7 7 7
 7 7 7 7 7 7 7 7 7 7 7 7 7 7 7 7 7 7 8 8 8 8 8 8 8 8 8 8 8 8 8 8 8 8 8 8 8
 8 8 8 8 8 8 8 8 8 8 8 8 8 8 8 8 8 8 8 8 8 8 8 8 8 8 8 8 8 9 9 9 9 9 9 9 9
 9 9 9 9 9 9 9 9 9 9 9 9 9 9 9 9 9 9 9 9 9 9 9 9 9 9 9 9 9 9 9 9 9 9 9 9 9
 9 9 9 9 9 9 9 9 9 9 9 9 9 9 9 9 9 9 9 9 9 9 9 9 9 9 9 9 9 9 9 9 9 9 9 9 9
 9 9 9 9 9 9 9 9 9 9 9 9]

cluster #0: 	sum elements:128  	min value: 2.14 	max value: 2.39 	mean: 2.3 	std deviation: 0.073 	median: 2.285
cluster #0 homoscedasticity NOT given with ratio = 3.1604938271604603
cluster #1: 	sum elements:51  	min value: 3.19 	max value: 3.56 	mean: 3.4 	std deviation: 0.104 	median: 3.36
cluster #1 homoscedasticity NOT given with ratio = 1.7226562499999964
cluster #2: 	sum elements:82  	min value: -2.81 	max value: -2.44 	mean: -2.6 	std deviation: 0.108 	median: -2.6550000000000002
cluster #2 homoscedasticity NOT given with ratio = 1.7226562499999964
cluster #3: 	sum elements:89  	min value: -2.43 	max value: -2.03 	mean: -2.2 	std deviation: 0.107 	median: -2.26
cluster #3 homoscedasticity NOT given with ratio = 1.830449826989611
cluster #4: 	sum elements:105  	min value: 2.63 	max value: 2.86 	mean: 2.7 	std deviation: 0.062 	median: 2.73
cluster #4 homoscedasticity NOT given with ratio = 5.224489795918306
cluster #5: 	sum elements:55  	min value: -3.2 	max value: -2.84 	mean: -3.0 	std deviation: 0.107 	median: -3.03
cluster #5 homoscedasticity NOT given with ratio = 1.5625
cluster #6: 	sum elements:116  	min value: 2.87 	max value: 3.18 	mean: 3.0 	std deviation: 0.088 	median: 2.98
cluster #6 homoscedasticity NOT given with ratio = 1.9171597633136164
cluster #7: 	sum elements:132  	min value: 2.4 	max value: 2.62 	mean: 2.5 	std deviation: 0.063 	median: 2.53
cluster #7 homoscedasticity given with ratio = 1.44
cluster #8: 	sum elements:48  	min value: 1.51 	max value: 1.83 	mean: 1.7 	std deviation: 0.091 	median: 1.69
cluster #8 homoscedasticity NOT given with ratio = 2.136094674556208
cluster #9: 	sum elements:94  	min value: 1.85 	max value: 2.13 	mean: 2.0 	std deviation: 0.084 	median: 1.975
cluster #9 homoscedasticity given with ratio = 1.331360946745563
homoscedasticity given for 2 of 10 used clusters

number of elements: 900

built clusters:
cluster #5: -3.2 -- -2.84 (55)
cluster #2: -2.81 -- -2.44 (82)
cluster #3: -2.43 -- -2.03 (89)
cluster #8: 1.51 -- 1.83 (48)
cluster #9: 1.85 -- 2.13 (94)
cluster #0: 2.14 -- 2.39 (128)
cluster #7: 2.4 -- 2.62 (132)
cluster #4: 2.63 -- 2.86 (105)
cluster #6: 2.87 -- 3.18 (116)
cluster #1: 3.19 -- 3.56 (51)

score even distribution (SED) MAX: 1.90e+19
score even distribution (SED) MAX: 1.900802544845783e+19
SED number of digits: 20

number of used clusters (NUC) MAX: 1.0

sum variances (SV) MIN: 0.08065172856214145
sum variances (SV) MIN: 8.07e-02
ratio between SED and sv digits MAX: 0
SUM: NUC(MAX): 1.0	 SED(MAX): 1.90e+19	 SV(MIN): 8.07e-02

Mean Silhouette Coefficient of all clusters MSC(MAX): 0.57
(best value is 1 and the worst value is -1. Values near 0 indicate overlapping clusters)

Davies-Bouldin score DB(MIN): 0.48
(The minimum score is zero, with lower values indicating better clustering.)

Process finished with exit code 0
