

TRIAL: 1
***********


starting algorithm at: 09:38:34.523009
[1] "[R] success: found onlayargument for clusters and trim"
[1] "[R] clusters:"
[1] 9
[1] "[R] trim-factor:"
[1] 0.1
[1] "[R] script finished"
[1. 5. 2. 6. 2. 5. 9. 7. 5. 7. 3. 5. 3. 1. 1. 4. 1. 7. 2. 0. 3. 7. 0. 7.
 7. 4. 5. 4. 0. 6. 2. 9. 1. 8. 2. 2. 9. 8. 7. 5. 4. 5. 5. 9. 6. 6. 7. 5.
 2. 4. 3. 8. 6. 7. 5. 5. 1. 5. 5. 8. 5. 0. 6. 8. 6. 3. 4. 8. 1. 1. 6. 9.
 3. 5. 9. 2. 8. 5. 7. 5. 8. 1. 6. 5. 5. 0. 1. 3. 7. 4. 7. 3. 7. 6. 5. 5.
 2. 6. 6. 4. 4. 3. 0. 4. 1. 6. 1. 7. 6. 5. 7. 1. 7. 8. 1. 0. 1. 2. 9. 2.
 7. 3. 4. 1. 2. 9. 5. 6. 0. 5. 5. 4. 8. 0. 2. 5. 7. 9. 7. 2. 7. 9. 1. 6.
 9. 3. 3. 5. 6. 6. 1. 7. 1. 8. 5. 5. 8. 1. 0. 5. 3. 6. 7. 5. 7. 2. 1. 1.
 3. 6. 1. 5. 4. 1. 0. 9. 5. 1. 9. 2. 8. 6. 3. 1. 1. 3. 3. 7. 1. 5. 7. 0.
 9. 4. 4. 6. 6. 4. 1. 5. 7. 1. 7. 1. 7. 4. 8. 6. 4. 1. 0. 4. 8. 8. 3. 8.
 5. 5. 8. 0. 7. 5. 2. 0. 5. 9. 5. 1. 9. 8. 1. 9. 6. 5. 7. 0. 0. 5. 7. 5.
 3. 2. 4. 7. 4. 3. 3. 1. 4. 8. 1. 8. 8. 2. 6. 9. 6. 1. 0. 2. 9. 5. 1. 3.
 3. 6. 3. 2. 1. 6. 1. 3. 6. 7. 1. 7. 2. 3. 9. 4. 3. 3. 4. 7. 8. 9. 4. 6.
 4. 0. 4. 3. 2. 4. 8. 0. 7. 6. 8. 9. 8. 7. 3. 3. 7. 7. 1. 1. 9. 8. 1. 7.
 5. 5. 9. 7. 6. 7. 3. 1. 8. 0. 7. 2. 9. 1. 7. 8. 6. 5. 1. 2. 9. 0. 5. 2.
 6. 9. 2. 3. 1. 0. 2. 2. 3. 4. 3. 6. 3. 1. 3. 8. 8. 9. 0. 6. 9. 4. 5. 1.
 8. 3. 7. 3. 6. 9. 7. 3. 0. 5. 5. 1. 3. 6. 9. 6. 1. 9. 0. 2. 7. 9. 7. 0.
 9. 6. 1. 0. 8. 2. 0. 6. 1. 6. 2. 9. 5. 0. 4. 3. 8. 8. 5. 3. 7. 1. 0. 9.
 2. 5. 1. 5. 9. 1. 1. 5. 7. 2. 6. 1. 3. 2. 9. 7. 6. 5. 3. 2. 9. 0. 5. 2.
 6. 3. 2. 1. 8. 6. 1. 3. 5. 1. 6. 7. 1. 1. 6. 1. 6. 7. 1. 3. 1. 2. 0. 6.
 8. 6. 1. 2. 5. 3. 2. 0. 2. 2. 6. 5. 1. 2. 0. 9. 8. 5. 5. 6. 5. 0. 1. 1.
 2. 2. 5. 6. 3. 2. 0. 1. 3. 5. 9. 6. 5. 2. 2. 0. 5. 3. 9. 5. 6. 9. 5. 5.
 5. 0. 6. 3. 7. 1. 5. 1. 8. 0. 5. 5. 9. 7. 6. 8. 7. 8. 7. 3. 2. 4. 7. 1.
 9. 3. 5. 3. 6. 9. 3. 6. 6. 2. 3. 2. 3. 3. 0. 2. 5. 7. 8. 9. 4. 8. 4. 6.
 3. 6. 6. 9. 1. 6. 0. 0. 4. 4. 2. 8. 5. 2. 7. 9. 8. 2. 4. 1. 1. 1. 2. 8.
 6. 3. 6. 8. 0. 3. 4. 0. 1. 9. 1. 3. 4. 3. 6. 3. 6. 3. 9. 7. 8. 3. 5. 9.
 3. 3. 9. 6. 5. 4. 1. 3. 7. 4. 2. 2. 6. 3. 9. 3. 3. 3. 7. 6. 3. 5. 9. 5.
 9. 5. 3. 0. 4. 6. 9. 5. 7. 2. 2. 0. 6. 9. 0. 7. 9. 5. 5. 6. 6. 5. 8. 6.
 6. 2. 3. 9. 0. 0. 0. 3. 9. 9. 7. 3. 4. 6. 1. 4. 2. 0. 2. 3. 4. 5. 5. 2.
 1. 4. 6. 3. 7. 7. 5. 1. 2. 3. 4. 6. 3. 3. 6. 5. 1. 5. 1. 2. 4. 6. 7. 6.
 2. 7. 5. 8. 8. 0. 1. 2. 2. 6. 7. 2. 8. 6. 3. 6. 2. 9. 7. 3. 9. 5. 2. 5.
 0. 3. 5. 5. 9. 1. 0. 1. 5. 8. 4. 9. 4. 5. 3. 9. 4. 0. 2. 9. 1. 1. 9. 6.
 9. 6. 3. 9. 3. 2. 4. 6. 6. 3. 9. 0. 3. 6. 1. 5. 3. 5. 1. 2. 5. 3. 7. 0.
 9. 9. 7. 9. 7. 3. 1. 5. 3. 9. 9. 5. 5. 3. 6. 9. 5. 3. 7. 6. 9. 1. 3. 8.
 8. 1. 6. 6. 7. 6. 8. 0. 0. 4. 4. 9. 5. 5. 5. 3. 0. 7. 9. 5. 1. 0. 4. 1.
 7. 5. 5. 5. 6. 5. 6. 8. 6. 9. 9. 3. 8. 5. 3. 8. 6. 5. 4. 4. 6. 3. 0. 5.
 3. 1. 9. 5. 6. 3. 0. 3. 4. 4. 4. 5. 7. 7. 8. 2. 2. 5. 2. 1. 4. 6. 2. 3.
 3. 0. 3. 8. 7. 2. 6. 1. 3. 0. 1. 6. 9. 9. 9. 3. 3. 9. 6. 9. 3. 6. 3. 0.
 0. 1. 8. 0. 5. 9. 5. 0. 3. 3. 1. 5. 5. 6. 1. 9. 7. 7. 8. 1. 4. 9. 5. 0.
 6. 1. 3. 8. 5. 1. 2. 5. 4. 3. 4. 1. 3. 7. 9. 3. 7. 3. 5. 5. 1. 6. 4. 2.
 0. 1. 3. 3. 4. 6. 6. 3. 4. 0. 0. 5. 5. 7. 9. 1. 0. 4. 0. 8. 4. 6. 1. 3.
 5. 9. 1. 5. 7. 7. 6. 1. 1. 5. 6. 3. 5. 1. 2. 9. 3. 1. 9. 4. 1. 9. 6. 5.
 0. 5. 3. 2. 2. 0. 7. 0. 5. 9. 0. 9. 1. 5. 7. 5.]
finishing algorithm at: 09:41:17.067725

running time of algorithm: 0:02:42.544716


frquencies result
[(1,  0.73) (5,  0.99) (2, -0.09) (6,  0.08) (2, -0.25) (5,  1.05)
 (9, -1.44) (7,  1.31) (5,  1.22) (7,  1.63) (3,  0.33) (5,  1.26)
 (3,  0.53) (1,  0.63) (1,  0.93) (4,  1.93) (1,  0.61) (7,  1.59)
 (2, -0.17) (0, -0.51) (3,  0.46) (7,  1.54) (0, -0.62) (7,  1.49)
 (7,  1.52) (4,  1.96) (5,  0.97) (4,  1.77) (0, -0.46) (6,  0.04)
 (2, -0.14) (9, -1.18) (1,  0.92) (8, -0.87) (2, -0.17) (2, -0.09)
 (9,  3.19) (8, -1.07) (7,  1.63) (5,  1.08) (4,  1.83) (5,  1.03)
 (5,  1.03) (9,  2.38) (6,  0.07) (6,  0.19) (7,  1.31) (5,  1.24)
 (2, -0.26) (4,  1.81) (3,  0.4 ) (8, -0.8 ) (6,  0.08) (7,  1.64)
 (5,  1.  ) (5,  1.17) (1,  0.7 ) (5,  1.  ) (5,  1.08) (8, -0.99)
 (5,  1.08) (0, -0.45) (6, -0.  ) (8, -0.9 ) (6,  0.03) (3,  0.34)
 (4,  2.02) (8, -0.91) (1,  0.81) (1,  0.89) (6,  0.  ) (9,  2.15)
 (3,  0.45) (5,  1.23) (9,  2.09) (2, -0.28) (8, -0.82) (5,  1.1 )
 (7,  1.66) (5,  1.22) (8, -0.74) (1,  0.86) (6,  0.16) (5,  1.05)
 (5,  0.96) (0, -0.63) (1,  0.81) (3,  0.47) (7,  1.66) (4,  1.71)
 (7,  1.52) (3,  0.38) (7,  1.4 ) (6,  0.11) (5,  1.13) (5,  1.12)
 (2, -0.06) (6,  0.05) (6,  0.06) (4,  1.79) (4,  1.82) (3,  0.33)
 (0, -0.47) (4,  1.78) (1,  0.68) (6,  0.18) (1,  0.65) (7,  1.33)
 (6,  0.2 ) (5,  0.95) (7,  1.37) (1,  0.8 ) (7,  1.47) (8, -1.  )
 (1,  0.64) (0, -0.41) (1,  0.63) (2, -0.28) (9, -1.59) (2, -0.31)
 (7,  1.33) (3,  0.31) (4,  2.01) (1,  0.91) (2, -0.17) (9, -1.35)
 (5,  1.14) (6,  0.02) (0, -0.67) (5,  1.02) (5,  1.26) (4,  2.05)
 (8, -0.84) (0, -0.59) (2, -0.19) (5,  1.03) (7,  1.62) (9, -1.21)
 (7,  1.5 ) (2, -0.2 ) (7,  1.57) (9, -1.5 ) (1,  0.83) (6,  0.26)
 (9,  2.24) (3,  0.46) (3,  0.42) (5,  0.95) (6,  0.19) (6,  0.08)
 (1,  0.84) (7,  1.31) (1,  0.82) (8, -0.8 ) (5,  1.18) (5,  0.94)
 (8, -0.79) (1,  0.75) (0, -0.52) (5,  1.06) (3,  0.51) (6,  0.19)
 (7,  1.65) (5,  1.11) (7,  1.61) (2, -0.12) (1,  0.65) (1,  0.89)
 (3,  0.33) (6,  0.15) (1,  0.67) (5,  1.07) (4,  1.72) (1,  0.64)
 (0, -0.68) (9,  2.31) (5,  1.15) (1,  0.73) (9, -1.14) (2, -0.21)
 (8, -0.96) (6,  0.14) (3,  0.33) (1,  0.86) (1,  0.86) (3,  0.38)
 (3,  0.3 ) (7,  1.5 ) (1,  0.75) (5,  0.99) (7,  1.3 ) (0, -0.41)
 (9,  2.28) (4,  2.08) (4,  1.99) (6,  0.14) (6,  0.2 ) (4,  1.91)
 (1,  0.84) (5,  0.95) (7,  1.43) (1,  0.74) (7,  1.62) (1,  0.74)
 (7,  1.35) (4,  2.  ) (8, -0.73) (6,  0.24) (4,  1.93) (1,  0.62)
 (0, -0.47) (4,  1.7 ) (8, -0.93) (8, -1.04) (3,  0.35) (8, -0.76)
 (5,  0.96) (5,  1.06) (8, -1.07) (0, -0.55) (7,  1.59) (5,  1.01)
 (2, -0.11) (0, -0.68) (5,  1.21) (9,  2.08) (5,  1.21) (1,  0.73)
 (9, -1.85) (8, -0.99) (1,  0.71) (9, -1.5 ) (6,  0.23) (5,  1.  )
 (7,  1.57) (0, -0.47) (0, -0.43) (5,  1.26) (7,  1.34) (5,  1.08)
 (3,  0.51) (2, -0.23) (4,  1.85) (7,  1.56) (4,  1.84) (3,  0.58)
 (3,  0.28) (1,  0.78) (4,  2.  ) (8, -0.74) (1,  0.82) (8, -1.  )
 (8, -0.92) (2, -0.25) (6,  0.12) (9,  2.37) (6,  0.02) (1,  0.83)
 (0, -0.64) (2, -0.23) (9, -1.75) (5,  1.22) (1,  0.82) (3,  0.3 )
 (3,  0.59) (6,  0.24) (3,  0.45) (2, -0.16) (1,  0.79) (6,  0.17)
 (1,  0.63) (3,  0.52) (6, -0.04) (7,  1.34) (1,  0.83) (7,  1.53)
 (2, -0.33) (3,  0.36) (9,  2.3 ) (4,  1.96) (3,  0.47) (3,  0.3 )
 (4,  1.68) (7,  1.57) (8, -0.81) (9, -1.66) (4,  1.95) (6,  0.02)
 (4,  1.8 ) (0, -0.41) (4,  1.89) (3,  0.54) (2, -0.09) (4,  1.91)
 (8, -0.86) (0, -0.54) (7,  1.57) (6,  0.23) (8, -0.82) (9,  2.36)
 (8, -0.97) (7,  1.48) (3,  0.49) (3,  0.38) (7,  1.46) (7,  1.63)
 (1,  0.7 ) (1,  0.71) (9, -1.63) (8, -0.87) (1,  0.68) (7,  1.34)
 (5,  1.02) (5,  1.16) (9,  2.15) (7,  1.44) (6, -0.04) (7,  1.41)
 (3,  0.38) (1,  0.78) (8, -0.94) (0, -0.47) (7,  1.34) (2, -0.06)
 (9, -1.63) (1,  0.93) (7,  1.39) (8, -1.06) (6,  0.  ) (5,  0.99)
 (1,  0.79) (2, -0.2 ) (9,  2.81) (0, -0.6 ) (5,  1.26) (2, -0.07)
 (6,  0.12) (9,  2.46) (2, -0.31) (3,  0.37) (1,  0.77) (0, -0.53)
 (2, -0.14) (2, -0.29) (3,  0.56) (4,  1.77) (3,  0.57) (6,  0.01)
 (3,  0.57) (1,  0.71) (3,  0.44) (8, -0.71) (8, -0.87) (9,  2.18)
 (0, -0.61) (6,  0.16) (9, -2.28) (4,  1.7 ) (5,  1.18) (1,  0.7 )
 (8, -1.12) (3,  0.29) (7,  1.3 ) (3,  0.35) (6,  0.15) (9,  2.39)
 (7,  1.55) (3,  0.48) (0, -0.37) (5,  1.24) (5,  1.11) (1,  0.74)
 (3,  0.28) (6,  0.03) (9, -1.38) (6,  0.07) (1,  0.7 ) (9, -1.68)
 (0, -0.5 ) (2, -0.3 ) (7,  1.34) (9, -1.6 ) (7,  1.63) (0, -0.63)
 (9, -1.71) (6,  0.25) (1,  0.73) (0, -0.44) (8, -1.11) (2, -0.09)
 (0, -0.68) (6,  0.16) (1,  0.6 ) (6,  0.19) (2, -0.21) (9,  2.08)
 (5,  0.95) (0, -0.44) (4,  2.03) (3,  0.34) (8, -0.74) (8, -0.89)
 (5,  1.24) (3,  0.51) (7,  1.36) (1,  0.71) (0, -0.42) (9, -1.26)
 (2, -0.28) (5,  1.18) (1,  0.71) (5,  0.96) (9,  2.09) (1,  0.88)
 (1,  0.9 ) (5,  1.02) (7,  1.35) (2, -0.28) (6,  0.12) (1,  0.6 )
 (3,  0.46) (2, -0.16) (9, -1.26) (7,  1.58) (6,  0.11) (5,  1.01)
 (3,  0.53) (2, -0.08) (9,  2.61) (0, -0.55) (5,  1.21) (2, -0.22)
 (6,  0.08) (3,  0.5 ) (2, -0.21) (1,  0.7 ) (8, -1.09) (6,  0.02)
 (1,  0.83) (3,  0.36) (5,  1.  ) (1,  0.7 ) (6, -0.02) (7,  1.41)
 (1,  0.87) (1,  0.77) (6,  0.25) (1,  0.89) (6,  0.23) (7,  1.52)
 (1,  0.81) (3,  0.49) (1,  0.73) (2, -0.32) (0, -0.48) (6,  0.02)
 (8, -0.93) (6,  0.04) (1,  0.85) (2, -0.22) (5,  1.26) (3,  0.54)
 (2, -0.05) (0, -0.41) (2, -0.13) (2, -0.24) (6,  0.11) (5,  1.1 )
 (1,  0.64) (2, -0.22) (0, -0.41) (9,  2.1 ) (8, -1.09) (5,  1.03)
 (5,  1.13) (6,  0.04) (5,  0.99) (0, -0.63) (1,  0.62) (1,  0.82)
 (2, -0.34) (2, -0.35) (5,  1.16) (6,  0.2 ) (3,  0.34) (2, -0.18)
 (0, -0.64) (1,  0.77) (3,  0.57) (5,  1.21) (9, -2.13) (6, -0.02)
 (5,  1.05) (2, -0.23) (2, -0.2 ) (0, -0.49) (5,  1.16) (3,  0.59)
 (9, -1.15) (5,  0.94) (6,  0.05) (9, -2.13) (5,  1.14) (5,  1.23)
 (5,  1.06) (0, -0.7 ) (6,  0.13) (3,  0.4 ) (7,  1.6 ) (1,  0.65)
 (5,  1.05) (1,  0.81) (8, -1.06) (0, -0.42) (5,  1.14) (5,  1.03)
 (9,  3.1 ) (7,  1.6 ) (6,  0.02) (8, -0.92) (7,  1.39) (8, -0.73)
 (7,  1.33) (3,  0.56) (2, -0.2 ) (4,  1.79) (7,  1.4 ) (1,  0.69)
 (9,  2.73) (3,  0.59) (5,  1.23) (3,  0.53) (6,  0.17) (9, -1.42)
 (3,  0.52) (6,  0.24) (6,  0.  ) (2, -0.18) (3,  0.41) (2, -0.17)
 (3,  0.48) (3,  0.41) (0, -0.47) (2, -0.22) (5,  1.12) (7,  1.57)
 (8, -0.85) (9,  2.37) (4,  1.82) (8, -0.8 ) (4,  1.86) (6,  0.08)
 (3,  0.53) (6,  0.21) (6,  0.01) (9, -1.4 ) (1,  0.73) (6,  0.21)
 (0, -0.58) (0, -0.5 ) (4,  1.67) (4,  1.69) (2, -0.34) (8, -0.83)
 (5,  1.08) (2, -0.24) (7,  1.49) (9, -1.51) (8, -0.79) (2, -0.2 )
 (4,  1.82) (1,  0.66) (1,  0.63) (1,  0.78) (2, -0.33) (8, -0.91)
 (6,  0.06) (3,  0.44) (6, -0.01) (8, -1.01) (0, -0.55) (3,  0.5 )
 (4,  1.69) (0, -0.62) (1,  0.85) (9, -1.57) (1,  0.77) (3,  0.56)
 (4,  1.97) (3,  0.56) (6,  0.19) (3,  0.47) (6,  0.17) (3,  0.35)
 (9,  2.18) (7,  1.46) (8, -0.8 ) (3,  0.46) (5,  1.01) (9, -1.19)
 (3,  0.41) (3,  0.56) (9,  2.35) (6,  0.22) (5,  1.09) (4,  1.79)
 (1,  0.85) (3,  0.5 ) (7,  1.64) (4,  1.76) (2, -0.21) (2, -0.06)
 (6,  0.19) (3,  0.33) (9, -1.15) (3,  0.34) (3,  0.58) (3,  0.42)
 (7,  1.54) (6,  0.19) (3,  0.54) (5,  1.17) (9,  3.22) (5,  0.95)
 (9, -1.47) (5,  1.19) (3,  0.39) (0, -0.41) (4,  1.67) (6,  0.02)
 (9,  2.71) (5,  1.21) (7,  1.48) (2, -0.21) (2, -0.23) (0, -0.45)
 (6, -0.02) (9, -1.15) (0, -0.57) (7,  1.39) (9,  2.3 ) (5,  0.98)
 (5,  1.03) (6,  0.26) (6,  0.14) (5,  1.24) (8, -0.8 ) (6,  0.18)
 (6,  0.01) (2, -0.19) (3,  0.42) (9, -1.74) (0, -0.53) (0, -0.4 )
 (0, -0.51) (3,  0.31) (9, -1.61) (9,  2.1 ) (7,  1.51) (3,  0.49)
 (4,  1.88) (6,  0.13) (1,  0.62) (4,  1.94) (2, -0.21) (0, -0.37)
 (2, -0.12) (3,  0.57) (4,  1.7 ) (5,  1.  ) (5,  1.  ) (2, -0.22)
 (1,  0.72) (4,  1.94) (6,  0.24) (3,  0.31) (7,  1.54) (7,  1.36)
 (5,  1.24) (1,  0.76) (2, -0.23) (3,  0.41) (4,  1.92) (6,  0.12)
 (3,  0.38) (3,  0.47) (6, -0.02) (5,  1.  ) (1,  0.63) (5,  1.01)
 (1,  0.65) (2, -0.26) (4,  1.75) (6, -0.02) (7,  1.36) (6,  0.09)
 (2, -0.11) (7,  1.53) (5,  1.04) (8, -0.94) (8, -0.78) (0, -0.36)
 (1,  0.75) (2, -0.19) (2, -0.31) (6,  0.04) (7,  1.52) (2, -0.14)
 (8, -1.  ) (6,  0.05) (3,  0.29) (6,  0.2 ) (2, -0.07) (9,  3.19)
 (7,  1.49) (3,  0.41) (9, -1.14) (5,  1.19) (2, -0.29) (5,  1.  )
 (0, -0.37) (3,  0.55) (5,  1.09) (5,  1.27) (9, -1.46) (1,  0.88)
 (0, -0.49) (1,  0.82) (5,  1.17) (8, -0.83) (4,  1.97) (9, -1.31)
 (4,  1.91) (5,  0.97) (3,  0.43) (9,  2.24) (4,  1.73) (0, -0.43)
 (2, -0.17) (9, -2.38) (1,  0.83) (1,  0.9 ) (9,  2.53) (6, -0.01)
 (9,  2.6 ) (6,  0.25) (3,  0.47) (9, -1.14) (3,  0.48) (2, -0.09)
 (4,  1.77) (6,  0.17) (6,  0.19) (3,  0.36) (9, -1.47) (0, -0.57)
 (3,  0.56) (6,  0.03) (1,  0.61) (5,  1.19) (3,  0.47) (5,  1.2 )
 (1,  0.8 ) (2, -0.07) (5,  1.21) (3,  0.34) (7,  1.56) (0, -0.66)
 (9,  2.21) (9, -1.29) (7,  1.54) (9, -1.19) (7,  1.44) (3,  0.39)
 (1,  0.64) (5,  1.05) (3,  0.5 ) (9,  2.26) (9,  2.45) (5,  1.28)
 (5,  1.18) (3,  0.42) (6,  0.06) (9,  2.39) (5,  0.97) (3,  0.52)
 (7,  1.53) (6,  0.02) (9,  2.24) (1,  0.88) (3,  0.32) (8, -0.89)
 (8, -0.72) (1,  0.79) (6, -0.01) (6,  0.21) (7,  1.47) (6,  0.04)
 (8, -1.03) (0, -0.42) (0, -0.55) (4,  1.79) (4,  1.95) (9, -1.21)
 (5,  1.22) (5,  1.19) (5,  1.27) (3,  0.57) (0, -0.6 ) (7,  1.46)
 (9, -2.77) (5,  1.03) (1,  0.71) (0, -0.43) (4,  1.97) (1,  0.85)
 (7,  1.4 ) (5,  1.14) (5,  1.06) (5,  1.15) (6,  0.15) (5,  1.1 )
 (6,  0.02) (8, -0.79) (6,  0.09) (9,  2.39) (9,  2.47) (3,  0.42)
 (8, -0.78) (5,  1.14) (3,  0.29) (8, -0.96) (6,  0.24) (5,  1.24)
 (4,  1.78) (4,  1.71) (6,  0.27) (3,  0.57) (0, -0.46) (5,  1.29)
 (3,  0.39) (1,  0.64) (9, -1.42) (5,  1.15) (6,  0.17) (3,  0.37)
 (0, -0.46) (3,  0.36) (4,  2.  ) (4,  1.88) (4,  1.8 ) (5,  0.97)
 (7,  1.51) (7,  1.42) (8, -0.75) (2, -0.21) (2, -0.3 ) (5,  0.94)
 (2, -0.15) (1,  0.81) (4,  1.97) (6,  0.09) (2, -0.1 ) (3,  0.41)
 (3,  0.58) (0, -0.51) (3,  0.51) (8, -0.95) (7,  1.55) (2, -0.2 )
 (6,  0.21) (1,  0.75) (3,  0.38) (0, -0.63) (1,  0.89) (6,  0.23)
 (9, -1.28) (9,  2.54) (9, -1.86) (3,  0.29) (3,  0.3 ) (9,  2.12)
 (6,  0.16) (9, -1.57) (3,  0.43) (6,  0.12) (3,  0.34) (0, -0.41)
 (0, -0.69) (1,  0.61) (8, -0.82) (0, -0.41) (5,  1.1 ) (9, -1.18)
 (5,  1.12) (0, -0.38) (3,  0.29) (3,  0.45) (1,  0.72) (5,  1.29)
 (5,  1.14) (6,  0.21) (1,  0.81) (9,  4.53) (7,  1.31) (7,  1.42)
 (8, -0.73) (1,  0.92) (4,  1.77) (9,  2.14) (5,  1.18) (0, -0.37)
 (6,  0.03) (1,  0.92) (3,  0.37) (8, -0.96) (5,  1.14) (1,  0.83)
 (2, -0.32) (5,  1.2 ) (4,  1.79) (3,  0.36) (4,  1.9 ) (1,  0.89)
 (3,  0.31) (7,  1.54) (9, -2.08) (3,  0.36) (7,  1.43) (3,  0.5 )
 (5,  1.25) (5,  1.  ) (1,  0.77) (6, -0.04) (4,  1.87) (2, -0.16)
 (0, -0.38) (1,  0.6 ) (3,  0.37) (3,  0.5 ) (4,  1.91) (6,  0.22)
 (6,  0.04) (3,  0.29) (4,  1.77) (0, -0.63) (0, -0.66) (5,  1.14)
 (5,  1.04) (7,  1.64) (9, -1.59) (1,  0.7 ) (0, -0.63) (4,  1.87)
 (0, -0.6 ) (8, -1.06) (4,  1.83) (6,  0.07) (1,  0.78) (3,  0.59)
 (5,  1.25) (9,  3.36) (1,  0.61) (5,  0.94) (7,  1.34) (7,  1.31)
 (6, -0.  ) (1,  0.69) (1,  0.74) (5,  1.24) (6,  0.1 ) (3,  0.3 )
 (5,  1.26) (1,  0.91) (2, -0.13) (9, -1.14) (3,  0.28) (1,  0.85)
 (9,  2.22) (4,  1.68) (1,  0.83) (9,  2.39) (6,  0.04) (5,  1.25)
 (0, -0.6 ) (5,  1.09) (3,  0.53) (2, -0.29) (2, -0.25) (0, -0.49)
 (7,  1.64) (0, -0.4 ) (5,  1.03) (9, -1.66) (0, -0.5 ) (9,  2.38)
 (1,  0.72) (5,  1.08) (7,  1.34) (5,  1.2 )]

100 determined outlier frequencies:
[-1.44 -1.18  3.19  2.38  2.15  2.09 -1.59 -1.35 -1.21 -1.5   2.24  2.31
 -1.14  2.28  2.08 -1.85 -1.5   2.37 -1.75  2.3  -1.66  2.36 -1.63  2.15
 -1.63  2.81  2.46  2.18 -2.28  2.39 -1.38 -1.68 -1.6  -1.71  2.08 -1.26
  2.09 -1.26  2.61  2.1  -2.13 -1.15 -2.13  3.1   2.73 -1.42  2.37 -1.4
 -1.51 -1.57  2.18 -1.19  2.35 -1.15  3.22 -1.47  2.71 -1.15  2.3  -1.74
 -1.61  2.1   3.19 -1.14 -1.46 -1.31  2.24 -2.38  2.53  2.6  -1.14 -1.47
  2.21 -1.29 -1.19  2.26  2.45  2.39  2.24 -1.21 -2.77  2.39  2.47 -1.42
 -1.28  2.54 -1.86  2.12 -1.57 -1.18  4.53  2.14 -2.08 -1.59  3.36 -1.14
  2.22  2.39 -1.66  2.38]
analyze method containing outliers


analyzing the results:
number of max cluster size: 10
number of actually used clusters: 10
min value of all elements: -2.77
max value of all elements: 4.53
mean of all elements: 0.50271
median of all elements: 0.52
standard deviation of all elements: 0.9831733091881615
variance of all elements: 0.9675973532532534
distribution of all clusters: [0 0 0 0 0 0 0 0 0 0 0 0 0 0 0 0 0 0 0 0 0 0 0 0 0 0 0 0 0 0 0 0 0 0 0 0 0
 0 0 0 0 0 0 0 0 0 0 0 0 0 0 0 0 0 0 0 0 0 0 0 0 0 0 0 0 0 0 0 0 0 0 0 0 0
 0 0 0 0 0 0 1 1 1 1 1 1 1 1 1 1 1 1 1 1 1 1 1 1 1 1 1 1 1 1 1 1 1 1 1 1 1
 1 1 1 1 1 1 1 1 1 1 1 1 1 1 1 1 1 1 1 1 1 1 1 1 1 1 1 1 1 1 1 1 1 1 1 1 1
 1 1 1 1 1 1 1 1 1 1 1 1 1 1 1 1 1 1 1 1 1 1 1 1 1 1 1 1 1 1 1 1 1 1 1 1 1
 1 1 1 1 1 1 1 1 1 1 1 1 1 1 1 1 2 2 2 2 2 2 2 2 2 2 2 2 2 2 2 2 2 2 2 2 2
 2 2 2 2 2 2 2 2 2 2 2 2 2 2 2 2 2 2 2 2 2 2 2 2 2 2 2 2 2 2 2 2 2 2 2 2 2
 2 2 2 2 2 2 2 2 2 2 2 2 2 2 2 2 2 2 2 2 2 2 2 2 2 2 2 2 3 3 3 3 3 3 3 3 3
 3 3 3 3 3 3 3 3 3 3 3 3 3 3 3 3 3 3 3 3 3 3 3 3 3 3 3 3 3 3 3 3 3 3 3 3 3
 3 3 3 3 3 3 3 3 3 3 3 3 3 3 3 3 3 3 3 3 3 3 3 3 3 3 3 3 3 3 3 3 3 3 3 3 3
 3 3 3 3 3 3 3 3 3 3 3 3 3 3 3 3 3 3 3 3 3 3 3 3 3 3 3 3 3 3 3 3 3 3 3 3 3
 3 3 3 3 3 3 3 3 3 4 4 4 4 4 4 4 4 4 4 4 4 4 4 4 4 4 4 4 4 4 4 4 4 4 4 4 4
 4 4 4 4 4 4 4 4 4 4 4 4 4 4 4 4 4 4 4 4 4 4 4 4 4 4 4 4 4 4 4 4 4 4 4 4 4
 4 4 4 4 4 5 5 5 5 5 5 5 5 5 5 5 5 5 5 5 5 5 5 5 5 5 5 5 5 5 5 5 5 5 5 5 5
 5 5 5 5 5 5 5 5 5 5 5 5 5 5 5 5 5 5 5 5 5 5 5 5 5 5 5 5 5 5 5 5 5 5 5 5 5
 5 5 5 5 5 5 5 5 5 5 5 5 5 5 5 5 5 5 5 5 5 5 5 5 5 5 5 5 5 5 5 5 5 5 5 5 5
 5 5 5 5 5 5 5 5 5 5 5 5 5 5 5 5 5 5 5 5 5 5 5 5 5 5 5 5 5 5 5 5 5 5 6 6 6
 6 6 6 6 6 6 6 6 6 6 6 6 6 6 6 6 6 6 6 6 6 6 6 6 6 6 6 6 6 6 6 6 6 6 6 6 6
 6 6 6 6 6 6 6 6 6 6 6 6 6 6 6 6 6 6 6 6 6 6 6 6 6 6 6 6 6 6 6 6 6 6 6 6 6
 6 6 6 6 6 6 6 6 6 6 6 6 6 6 6 6 6 6 6 6 6 6 6 6 6 6 6 6 6 6 6 6 6 6 6 6 6
 6 6 6 6 7 7 7 7 7 7 7 7 7 7 7 7 7 7 7 7 7 7 7 7 7 7 7 7 7 7 7 7 7 7 7 7 7
 7 7 7 7 7 7 7 7 7 7 7 7 7 7 7 7 7 7 7 7 7 7 7 7 7 7 7 7 7 7 7 7 7 7 7 7 7
 7 7 7 7 7 7 7 7 7 7 7 7 7 7 7 7 7 7 7 7 7 8 8 8 8 8 8 8 8 8 8 8 8 8 8 8 8
 8 8 8 8 8 8 8 8 8 8 8 8 8 8 8 8 8 8 8 8 8 8 8 8 8 8 8 8 8 8 8 8 8 8 8 8 8
 8 8 8 8 8 8 8 8 8 8 8 8 9 9 9 9 9 9 9 9 9 9 9 9 9 9 9 9 9 9 9 9 9 9 9 9 9
 9 9 9 9 9 9 9 9 9 9 9 9 9 9 9 9 9 9 9 9 9 9 9 9 9 9 9 9 9 9 9 9 9 9 9 9 9
 9 9 9 9 9 9 9 9 9 9 9 9 9 9 9 9 9 9 9 9 9 9 9 9 9 9 9 9 9 9 9 9 9 9 9 9 9
 9]

cluster #0: 	sum elements:80  	min value: -0.7 	max value: -0.36 	mean: -0.5 	std deviation: 0.098 	median: -0.5
cluster #0 homoscedasticity NOT given with ratio = 2.040816326530611
cluster #1: 	sum elements:121  	min value: 0.6 	max value: 0.93 	mean: 0.8 	std deviation: 0.093 	median: 0.76
cluster #1 homoscedasticity NOT given with ratio = 2.366863905325445
cluster #2: 	sum elements:86  	min value: -0.35 	max value: -0.05 	mean: -0.2 	std deviation: 0.079 	median: -0.20500000000000002
cluster #2 homoscedasticity given with ratio = 1.0000000000000007
cluster #3: 	sum elements:129  	min value: 0.28 	max value: 0.59 	mean: 0.4 	std deviation: 0.094 	median: 0.42
cluster #3 homoscedasticity NOT given with ratio = 2.506944444444443
cluster #4: 	sum elements:70  	min value: 1.67 	max value: 2.08 	mean: 1.8 	std deviation: 0.109 	median: 1.835
cluster #4 homoscedasticity NOT given with ratio = 4.639053254437862
cluster #5: 	sum elements:140  	min value: 0.94 	max value: 1.29 	mean: 1.1 	std deviation: 0.102 	median: 1.105
cluster #5 homoscedasticity given with ratio = 1.4101562499999967
cluster #6: 	sum elements:118  	min value: -0.04 	max value: 0.27 	mean: 0.1 	std deviation: 0.089 	median: 0.11
cluster #6 homoscedasticity given with ratio = 1.4744897959183674
cluster #7: 	sum elements:91  	min value: 1.3 	max value: 1.66 	mean: 1.5 	std deviation: 0.109 	median: 1.49
cluster #7 homoscedasticity NOT given with ratio = 1.5625000000000009
cluster #8: 	sum elements:65  	min value: -1.12 	max value: -0.71 	mean: -0.9 	std deviation: 0.115 	median: -0.89
cluster #8 homoscedasticity given with ratio = 1.3407202216066485
cluster #9: 	sum elements:100  	min value: -2.77 	max value: 4.53 	mean: 0.4 	std deviation: 2.043 	median: -1.14
cluster #9 homoscedasticity NOT given with ratio = 1.697389764053777
homoscedasticity given for 4 of 10 used clusters

number of elements: 1000

built clusters:
cluster #9: -2.77 -- 4.53 (100)
cluster #8: -1.12 -- -0.71 (65)
cluster #0: -0.7 -- -0.36 (80)
cluster #2: -0.35 -- -0.05 (86)
cluster #6: -0.04 -- 0.27 (118)
cluster #3: 0.28 -- 0.59 (129)
cluster #1: 0.6 -- 0.93 (121)
cluster #5: 0.94 -- 1.29 (140)
cluster #7: 1.3 -- 1.66 (91)
cluster #4: 1.67 -- 2.08 (70)

score even distribution (SED) MAX: 7.35e+19
score even distribution (SED) MAX: 7.3455843613152e+19
SED number of digits: 20

number of used clusters (NUC) MAX: 1.0

sum variances (SV) MIN: 4.221869869297471
sum variances (SV) MIN: 4.22e+00
ratio between SED and sv digits MAX: 0
SUM: NUC(MAX): 1.0	 SED(MAX): 7.35e+19	 SV(MIN): 4.22e+00

Mean Silhouette Coefficient of all clusters MSC(MAX): 0.42
(best value is 1 and the worst value is -1. Values near 0 indicate overlapping clusters)

Davies-Bouldin score DB(MIN): 1.2e+01
(The minimum score is zero, with lower values indicating better clustering.)

overlapping range found in clusters!!

finished all 1 trials


Variances (Population):
 NUC: 0.0,
 SED: 0.0,
 SV: 0.0,
 MSC: 0.0000



TEST NUCs: [1.]

Process finished with exit code 0




Further Trim Factor Tests:
0.01: SED(MAX): 8.77e+18	 SV(MIN): 8.51e+00   MSC(MAX): 0.52
0.05: SED(MAX): 5.68e+19	 SV(MIN): 4.90e+00   MSC(MAX): 0.47

0.10: SED(MAX): 7.35e+19	 SV(MIN): 4.22e+00   MSC(MAX): 0.42

0.15: SED(MAX): 7.54e+19	 SV(MIN): 3.50e+00   MSC(MAX): 0.36
0.20: SED(MAX): 6.63e+19	 SV(MIN): 3.07e+00   MSC(MAX): 0.31
