

TRIAL: 1
***********


starting algorithm at: 10:19:55.311554
[1] "[R] success: found arguments for clusters and trim factor"
[1] "[R] clusters:"
[1] 9
[1] "[R] trim-factor:"
[1] 0.1
[1] "[R] script finished"
[1. 5. 5. 3. 4. 5. 3. 4. 6. 2. 9. 5. 3. 2. 6. 6. 0. 3. 3. 7. 8. 4. 2. 0.
 3. 5. 4. 4. 1. 1. 6. 4. 3. 5. 3. 3. 4. 1. 2. 3. 4. 7. 4. 7. 5. 0. 3. 0.
 3. 1. 6. 1. 9. 4. 1. 2. 9. 5. 0. 5. 3. 9. 3. 6. 8. 3. 3. 2. 2. 5. 3. 5.
 1. 5. 0. 9. 5. 1. 1. 9. 2. 4. 3. 3. 2. 5. 3. 3. 1. 5. 1. 7. 5. 1. 1. 0.
 5. 5. 0. 4. 9. 9. 3. 4. 4. 5. 3. 1. 0. 3. 0. 5. 2. 4. 3. 2. 4. 1. 1. 9.
 5. 9. 4. 2. 5. 6. 9. 4. 3. 3. 2. 0. 9. 2. 8. 5. 3. 0. 7. 9. 9. 3. 2. 8.
 7. 2. 3. 8. 8. 4. 0. 7. 5. 3. 0. 4. 3. 1. 1. 0. 4. 0. 3. 0. 4. 5. 3. 8.
 1. 9. 4. 5. 4. 3. 9. 2. 3. 5. 4. 4. 3. 1. 2. 6. 0. 6. 3. 3. 4. 4. 3. 8.
 9. 9. 6. 3. 8. 5. 0. 3. 4. 9. 4. 1. 1. 9. 1. 3. 3. 9. 5. 2. 7. 2. 4. 9.
 3. 5. 1. 4. 2. 6. 9. 3. 3. 9. 9. 5. 1. 2. 1. 9. 9. 9. 9. 9. 6. 1. 9. 5.
 5. 8. 4. 3. 3. 5. 2. 4. 4. 4. 9. 1. 9. 6. 0. 9. 8. 6. 6. 6. 7. 4. 3. 3.
 8. 1. 1. 6. 1. 9. 0. 9. 8. 1. 4. 6. 9. 3. 9. 6. 5. 4. 9. 0. 3. 4. 4. 8.
 5. 5. 3. 3. 3. 1. 3. 1. 2. 5. 4. 2. 4. 4. 2. 4. 4. 8. 3. 3. 0. 1. 2. 1.
 1. 7. 5. 4. 9. 2. 1. 1. 4. 4. 4. 4. 3. 2. 2. 3. 9. 4. 0. 5. 3. 3. 3. 9.
 0. 5. 8. 3. 9. 3. 4. 4. 1. 2. 6. 8. 9. 0. 1. 1. 4. 5. 7. 2. 3. 6. 4. 9.
 3. 0. 8. 3. 5. 1. 0. 2. 4. 9. 4. 5. 9. 2. 9. 6. 0. 3. 2. 1. 1. 1. 8. 3.
 1. 3. 2. 0. 3. 1. 5. 3. 5. 1. 3. 4. 4. 4. 9. 3. 5. 9. 9. 4. 5. 8. 8. 2.
 2. 1. 3. 1. 8. 4. 4. 7. 2. 3. 0. 3. 5. 9. 4. 3. 7. 6. 3. 8. 4. 1. 3. 9.
 4. 2. 3. 5. 4. 1. 9. 2. 2. 5. 8. 4. 3. 8. 5. 1. 1. 5. 8. 0. 4. 7. 3. 1.
 4. 2. 2. 4. 0. 2. 2. 8. 1. 6. 6. 5. 6. 0. 9. 3. 2. 4. 8. 0. 2. 9. 9. 2.
 3. 1. 6. 1. 4. 3. 1. 4. 0. 1. 4. 4. 5. 1. 0. 8. 3. 6. 3. 3. 7. 5. 1. 4.
 1. 3. 1. 7. 7. 8. 3. 5. 3. 4. 4. 9. 4. 3. 6. 9. 0. 5. 0. 7. 9. 2. 9. 2.
 5. 5. 2. 7. 2. 1. 7. 3. 1. 9. 1. 3. 4. 8. 1. 5. 2. 5. 4. 9. 4. 9. 1. 7.
 1. 3. 2. 4. 4. 2. 3. 5. 3. 1. 4. 5. 9. 1. 4. 4. 6. 3. 3. 1. 5. 4. 3. 4.
 8. 0. 6. 1. 0. 3. 9. 1. 2. 4. 3. 2. 9. 7. 6. 5. 9. 6. 3. 3. 3. 9. 3. 2.
 7. 7. 1. 1. 4. 5. 7. 3. 1. 2. 5. 6. 1. 4. 2. 5. 3. 6. 5. 3. 3. 1. 4. 9.
 4. 7. 6. 2. 6. 2. 8. 6. 3. 2. 3. 1. 3. 1. 1. 0. 5. 6. 2. 4. 3. 2. 3. 3.
 3. 1. 9. 4. 1. 8. 2. 4. 2. 2. 1. 1. 3. 8. 4. 3. 2. 8. 3. 4. 1. 7. 5. 4.
 4. 7. 1. 1. 3. 4. 7. 3. 3. 8. 8. 4. 1. 7. 3. 3. 1. 3. 4. 1. 6. 8. 4. 4.
 3. 4. 1. 5. 2. 6. 1. 7. 0. 4. 9. 8. 3. 4. 9. 2. 0. 3. 3. 3. 4. 1. 4. 2.
 4. 3. 8. 2. 6. 9. 3. 7. 0. 3. 8. 2. 9. 2. 6. 3. 5. 5. 5. 1. 4. 3. 1. 9.
 9. 1. 9. 9. 5. 2. 1. 3. 0. 9. 3. 5. 8. 4. 1. 1. 0. 3. 4. 1. 6. 3. 6. 3.
 3. 4. 4. 1. 3. 4. 4. 4. 9. 8. 5. 6. 4. 0. 1. 2. 5. 5. 6. 1. 4. 3. 1. 9.
 7. 9. 0. 9. 2. 1. 0. 4. 1. 6. 2. 1. 0. 2. 2. 0. 8. 4. 0. 4. 3. 4. 9. 1.
 4. 9. 3. 0. 7. 2. 9. 2. 4. 1. 4. 4. 4. 9. 4. 5. 1. 5. 1. 4. 4. 2. 4. 6.
 9. 1. 3. 8. 3. 1. 6. 2. 5. 3. 5. 3. 3. 9. 4. 4. 1. 3. 9. 3. 3. 8. 1. 0.
 3. 3. 9. 1. 7. 4. 3. 4. 4. 7. 9. 5. 3. 4. 3. 4. 8. 3. 6. 3. 3. 6. 9. 3.
 1. 7. 3. 4. 0. 3. 4. 3. 1. 2. 1. 8. 4. 4. 7. 3. 2. 5. 5. 1. 3. 3. 3. 2.
 3. 5. 1. 2. 9. 4. 1. 9. 7. 8. 3. 3. 5. 9. 4. 3. 3. 3. 1. 1. 7. 1. 2. 4.
 3. 4. 5. 1. 3. 5. 4. 8. 2. 1. 0. 3. 8. 1. 3. 6. 4. 3. 1. 6. 1. 5. 4. 4.
 3. 6. 9. 4. 3. 4. 8. 3. 4. 5. 4. 0. 5. 4. 1. 4. 4. 3. 2. 1. 2. 6. 0. 3.
 2. 2. 9. 1. 4. 4. 3. 0. 1. 3. 9. 5. 5. 1. 4. 1.]
finishing algorithm at: 10:23:19.120953

running time of algorithm: 0:03:23.809399


frquencies result
[(1, 1.870e+00) (5, 3.910e+00) (5, 4.130e+00) (3, 5.300e-01)
 (4, 1.380e+00) (5, 4.120e+00) (3, 6.600e-01) (4, 1.510e+00)
 (6, 7.250e+00) (2, 2.840e+00) (9, 1.651e+01) (5, 4.360e+00)
 (3, 1.000e-02) (2, 3.410e+00) (6, 6.620e+00) (6, 6.980e+00)
 (0, 5.220e+00) (3, 5.600e-01) (3, 2.800e-01) (7, 8.900e+00)
 (8, 6.180e+00) (4, 1.520e+00) (2, 3.450e+00) (0, 4.550e+00)
 (3, 8.000e-02) (5, 4.490e+00) (4, 1.550e+00) (4, 1.560e+00)
 (1, 2.510e+00) (1, 2.610e+00) (6, 7.530e+00) (4, 1.140e+00)
 (3, 5.100e-01) (5, 3.810e+00) (3, 4.400e-01) (3, 4.200e-01)
 (4, 1.090e+00) (1, 2.140e+00) (2, 3.500e+00) (3, 7.500e-01)
 (4, 1.410e+00) (7, 9.380e+00) (4, 9.800e-01) (7, 9.370e+00)
 (5, 3.920e+00) (0, 4.850e+00) (3, 1.800e-01) (0, 5.230e+00)
 (3, 7.600e-01) (1, 1.950e+00) (6, 6.650e+00) (1, 1.940e+00)
 (9, 1.045e+01) (4, 8.500e-01) (1, 2.650e+00) (2, 2.870e+00)
 (9, 7.800e+00) (5, 4.510e+00) (0, 5.470e+00) (5, 3.840e+00)
 (3, 4.000e-01) (9, 2.537e+01) (3, 4.700e-01) (6, 7.270e+00)
 (8, 5.580e+00) (3, 4.300e-01) (3, 1.600e-01) (2, 3.380e+00)
 (2, 2.770e+00) (5, 4.270e+00) (3, 5.000e-02) (5, 4.250e+00)
 (1, 2.390e+00) (5, 3.810e+00) (0, 5.030e+00) (9, 1.067e+01)
 (5, 3.690e+00) (1, 2.040e+00) (1, 1.790e+00) (9, 2.646e+01)
 (2, 3.180e+00) (4, 9.300e-01) (3, 7.200e-01) (3, 5.600e-01)
 (2, 2.790e+00) (5, 4.250e+00) (3, 5.900e-01) (3, 8.200e-01)
 (1, 2.350e+00) (5, 4.000e+00) (1, 1.880e+00) (7, 9.280e+00)
 (5, 3.800e+00) (1, 2.300e+00) (1, 2.650e+00) (0, 5.430e+00)
 (5, 4.000e+00) (5, 4.000e+00) (0, 5.430e+00) (4, 1.450e+00)
 (9, 1.767e+01) (9, 1.540e+01) (3, 3.400e-01) (4, 1.690e+00)
 (4, 1.180e+00) (5, 3.950e+00) (3, 5.400e-01) (1, 2.440e+00)
 (0, 4.890e+00) (3, 1.100e-01) (0, 4.690e+00) (5, 4.400e+00)
 (2, 3.210e+00) (4, 8.400e-01) (3, 5.900e-01) (2, 2.850e+00)
 (4, 1.530e+00) (1, 2.430e+00) (1, 2.120e+00) (9, 1.003e+01)
 (5, 3.970e+00) (9, 1.673e+01) (4, 1.130e+00) (2, 2.780e+00)
 (5, 3.670e+00) (6, 7.120e+00) (9, 1.915e+01) (4, 1.050e+00)
 (3, 4.300e-01) (3, 6.800e-01) (2, 2.840e+00) (0, 4.830e+00)
 (9, 1.270e+01) (2, 3.430e+00) (8, 5.920e+00) (5, 3.970e+00)
 (3, 1.300e-01) (0, 5.330e+00) (7, 8.640e+00) (9, 7.730e+00)
 (9, 7.990e+00) (3, 6.700e-01) (2, 2.670e+00) (8, 5.620e+00)
 (7, 8.480e+00) (2, 3.450e+00) (3, 7.000e-02) (8, 6.210e+00)
 (8, 6.260e+00) (4, 1.490e+00) (0, 5.230e+00) (7, 9.080e+00)
 (5, 3.960e+00) (3, 4.800e-01) (0, 4.590e+00) (4, 1.340e+00)
 (3, 7.000e-02) (1, 2.490e+00) (1, 2.340e+00) (0, 5.320e+00)
 (4, 1.380e+00) (0, 5.380e+00) (3, 6.100e-01) (0, 5.240e+00)
 (4, 1.010e+00) (5, 4.230e+00) (3, 5.500e-01) (8, 5.570e+00)
 (1, 2.110e+00) (9, 1.326e+01) (4, 1.710e+00) (5, 3.640e+00)
 (4, 9.400e-01) (3, 3.600e-01) (9, 7.930e+00) (2, 3.290e+00)
 (3, 4.600e-01) (5, 3.610e+00) (4, 1.580e+00) (4, 1.410e+00)
 (3, 3.500e-01) (1, 1.890e+00) (2, 2.720e+00) (6, 7.100e+00)
 (0, 5.200e+00) (6, 6.800e+00) (3, 4.600e-01) (3, 4.400e-01)
 (4, 1.500e+00) (4, 1.660e+00) (3, 7.600e-01) (8, 6.190e+00)
 (9, 1.363e+01) (9, 1.221e+01) (6, 6.820e+00) (3, 4.800e-01)
 (8, 5.600e+00) (5, 3.770e+00) (0, 4.810e+00) (3, 3.400e-01)
 (4, 1.320e+00) (9, 1.895e+01) (4, 1.540e+00) (1, 1.920e+00)
 (1, 2.510e+00) (9, 1.556e+01) (1, 1.900e+00) (3, 4.000e-02)
 (3, 4.100e-01) (9, 1.054e+01) (5, 3.920e+00) (2, 3.170e+00)
 (7, 9.080e+00) (2, 3.050e+00) (4, 1.430e+00) (9, 7.710e+00)
 (3, 4.300e-01) (5, 4.420e+00) (1, 2.210e+00) (4, 1.100e+00)
 (2, 3.390e+00) (6, 6.540e+00) (9, 8.040e+00) (3, 6.600e-01)
 (3, 1.500e-01) (9, 1.128e+01) (9, 1.210e+01) (5, 3.670e+00)
 (1, 2.110e+00) (2, 3.440e+00) (1, 1.840e+00) (9, 1.124e+01)
 (9, 1.258e+01) (9, 7.670e+00) (9, 1.087e+01) (9, 1.598e+01)
 (6, 6.540e+00) (1, 2.030e+00) (9, 1.386e+01) (5, 3.920e+00)
 (5, 4.420e+00) (8, 5.700e+00) (4, 9.200e-01) (3, 4.000e-02)
 (3, 3.700e-01) (5, 3.700e+00) (2, 3.210e+00) (4, 1.390e+00)
 (4, 1.340e+00) (4, 1.450e+00) (9, 1.232e+01) (1, 1.870e+00)
 (9, 1.180e+01) (6, 7.370e+00) (0, 5.350e+00) (9, 1.182e+01)
 (8, 5.760e+00) (6, 7.140e+00) (6, 6.700e+00) (6, 7.030e+00)
 (7, 8.940e+00) (4, 1.180e+00) (3, 3.400e-01) (3, 1.000e-02)
 (8, 6.430e+00) (1, 2.170e+00) (1, 2.430e+00) (6, 6.720e+00)
 (1, 1.930e+00) (9, 7.970e+00) (0, 5.490e+00) (9, 8.160e+00)
 (8, 5.920e+00) (1, 1.980e+00) (4, 1.650e+00) (6, 6.720e+00)
 (9, 1.271e+01) (3, 4.400e-01) (9, 7.990e+00) (6, 7.080e+00)
 (5, 4.070e+00) (4, 9.900e-01) (9, 1.123e+01) (0, 5.010e+00)
 (3, 4.500e-01) (4, 1.020e+00) (4, 9.400e-01) (8, 6.330e+00)
 (5, 3.970e+00) (5, 4.190e+00) (3, 4.100e-01) (3, 2.800e-01)
 (3, 7.700e-01) (1, 1.990e+00) (3, 1.800e-01) (1, 2.250e+00)
 (2, 2.860e+00) (5, 4.050e+00) (4, 1.400e+00) (2, 3.070e+00)
 (4, 9.900e-01) (4, 8.500e-01) (2, 3.090e+00) (4, 1.480e+00)
 (4, 9.100e-01) (8, 6.010e+00) (3, 8.100e-01) (3, 6.300e-01)
 (0, 5.040e+00) (1, 2.550e+00) (2, 2.950e+00) (1, 2.290e+00)
 (1, 2.580e+00) (7, 9.510e+00) (5, 3.650e+00) (4, 1.010e+00)
 (9, 8.140e+00) (2, 3.050e+00) (1, 2.490e+00) (1, 2.610e+00)
 (4, 1.610e+00) (4, 9.800e-01) (4, 1.010e+00) (4, 9.300e-01)
 (3, 3.100e-01) (2, 3.260e+00) (2, 3.320e+00) (3, 3.700e-01)
 (9, 1.139e+01) (4, 1.170e+00) (0, 4.760e+00) (5, 3.700e+00)
 (3, 1.600e-01) (3, 5.000e-01) (3, 3.600e-01) (9, 1.107e+01)
 (0, 4.850e+00) (5, 3.620e+00) (8, 6.060e+00) (3, 4.600e-01)
 (9, 7.990e+00) (3, 2.800e-01) (4, 1.390e+00) (4, 1.580e+00)
 (1, 1.950e+00) (2, 3.470e+00) (6, 6.890e+00) (8, 5.620e+00)
 (9, 1.557e+01) (0, 5.120e+00) (1, 2.010e+00) (1, 2.150e+00)
 (4, 1.130e+00) (5, 3.990e+00) (7, 8.600e+00) (2, 3.180e+00)
 (3, 7.000e-01) (6, 7.160e+00) (4, 1.480e+00) (9, 1.197e+01)
 (3, 2.400e-01) (0, 5.330e+00) (8, 5.720e+00) (3, 4.400e-01)
 (5, 4.260e+00) (1, 2.170e+00) (0, 4.950e+00) (2, 3.230e+00)
 (4, 1.000e+00) (9, 1.047e+01) (4, 1.710e+00) (5, 4.260e+00)
 (9, 1.265e+01) (2, 3.010e+00) (9, 9.750e+00) (6, 7.540e+00)
 (0, 5.010e+00) (3, 7.000e-02) (2, 3.450e+00) (1, 2.480e+00)
 (1, 2.130e+00) (1, 2.480e+00) (8, 5.680e+00) (3, 7.000e-01)
 (1, 2.460e+00) (3, 2.500e-01) (2, 3.070e+00) (0, 5.420e+00)
 (3, 1.400e-01) (1, 2.310e+00) (5, 3.950e+00) (3, 4.300e-01)
 (5, 3.940e+00) (1, 2.190e+00) (3, 3.900e-01) (4, 1.540e+00)
 (4, 1.720e+00) (4, 1.190e+00) (9, 1.207e+01) (3, 7.800e-01)
 (5, 3.620e+00) (9, 1.316e+01) (9, 1.132e+01) (4, 1.560e+00)
 (5, 4.360e+00) (8, 5.670e+00) (8, 5.810e+00) (2, 2.780e+00)
 (2, 3.330e+00) (1, 2.490e+00) (3, 1.100e-01) (1, 2.000e+00)
 (8, 6.300e+00) (4, 1.300e+00) (4, 1.400e+00) (7, 9.520e+00)
 (2, 2.960e+00) (3, 2.800e-01) (0, 4.590e+00) (3, 3.200e-01)
 (5, 4.170e+00) (9, 1.009e+01) (4, 1.270e+00) (3, 5.100e-01)
 (7, 9.540e+00) (6, 6.680e+00) (3, 1.000e-02) (8, 6.040e+00)
 (4, 1.550e+00) (1, 2.440e+00) (3, 4.000e-02) (9, 1.844e+01)
 (4, 1.530e+00) (2, 2.780e+00) (3, 3.300e-01) (5, 4.040e+00)
 (4, 1.240e+00) (1, 1.820e+00) (9, 9.780e+00) (2, 2.810e+00)
 (2, 3.450e+00) (5, 4.470e+00) (8, 5.660e+00) (4, 9.000e-01)
 (3, 1.200e-01) (8, 6.000e+00) (5, 3.670e+00) (1, 2.260e+00)
 (1, 2.150e+00) (5, 3.620e+00) (8, 6.080e+00) (0, 5.360e+00)
 (4, 1.240e+00) (7, 8.550e+00) (3, 5.700e-01) (1, 2.260e+00)
 (4, 1.460e+00) (2, 3.170e+00) (2, 3.250e+00) (4, 1.000e+00)
 (0, 5.120e+00) (2, 3.520e+00) (2, 2.950e+00) (8, 5.580e+00)
 (1, 1.870e+00) (6, 6.760e+00) (6, 7.020e+00) (5, 4.190e+00)
 (6, 7.510e+00) (0, 5.050e+00) (9, 1.160e+01) (3, 5.000e-02)
 (2, 3.290e+00) (4, 1.210e+00) (8, 6.020e+00) (0, 4.910e+00)
 (2, 3.460e+00) (9, 1.835e+01) (9, 1.110e+01) (2, 3.290e+00)
 (3, 5.000e-02) (1, 2.280e+00) (6, 6.720e+00) (1, 2.160e+00)
 (4, 9.600e-01) (3, 6.900e-01) (1, 2.320e+00) (4, 1.230e+00)
 (0, 5.420e+00) (1, 1.790e+00) (4, 9.500e-01) (4, 1.440e+00)
 (5, 4.010e+00) (1, 2.410e+00) (0, 4.550e+00) (8, 5.770e+00)
 (3, 6.400e-01) (6, 6.650e+00) (3, 6.900e-01) (3, 5.500e-01)
 (7, 8.930e+00) (5, 3.840e+00) (1, 2.210e+00) (4, 1.130e+00)
 (1, 1.820e+00) (3, 3.300e-01) (1, 2.440e+00) (7, 9.270e+00)
 (7, 8.630e+00) (8, 5.560e+00) (3, 4.600e-01) (5, 3.980e+00)
 (3, 2.700e-01) (4, 1.290e+00) (4, 1.040e+00) (9, 1.138e+01)
 (4, 8.600e-01) (3, 4.600e-01) (6, 6.750e+00) (9, 1.504e+01)
 (0, 4.910e+00) (5, 4.310e+00) (0, 5.030e+00) (7, 9.510e+00)
 (9, 1.632e+01) (2, 3.060e+00) (9, 7.870e+00) (2, 2.850e+00)
 (5, 3.800e+00) (5, 4.310e+00) (2, 3.070e+00) (7, 8.940e+00)
 (2, 3.310e+00) (1, 2.570e+00) (7, 9.420e+00) (3, 1.100e-01)
 (1, 1.890e+00) (9, 1.057e+01) (1, 2.640e+00) (3, 5.300e-01)
 (4, 1.380e+00) (8, 5.960e+00) (1, 1.910e+00) (5, 3.870e+00)
 (2, 3.430e+00) (5, 4.000e+00) (4, 1.460e+00) (9, 8.260e+00)
 (4, 1.290e+00) (9, 1.147e+01) (1, 1.810e+00) (7, 9.340e+00)
 (1, 1.890e+00) (3, 1.000e-02) (2, 2.720e+00) (4, 9.000e-01)
 (4, 1.180e+00) (2, 2.770e+00) (3, 1.600e-01) (5, 4.480e+00)
 (3, 1.600e-01) (1, 1.940e+00) (4, 1.440e+00) (5, 4.520e+00)
 (9, 1.034e+01) (1, 1.860e+00) (4, 1.600e+00) (4, 1.360e+00)
 (6, 7.070e+00) (3, 2.100e-01) (3, 5.000e-01) (1, 2.130e+00)
 (5, 3.920e+00) (4, 1.670e+00) (3, 7.500e-01) (4, 1.360e+00)
 (8, 6.280e+00) (0, 5.200e+00) (6, 7.150e+00) (1, 1.860e+00)
 (0, 4.850e+00) (3, 2.000e-02) (9, 1.456e+01) (1, 2.190e+00)
 (2, 3.210e+00) (4, 1.210e+00) (3, 6.200e-01) (2, 2.790e+00)
 (9, 1.328e+01) (7, 8.600e+00) (6, 6.640e+00) (5, 4.290e+00)
 (9, 7.980e+00) (6, 7.120e+00) (3, 7.700e-01) (3, 8.200e-01)
 (3, 6.700e-01) (9, 7.750e+00) (3, 7.000e-01) (2, 3.280e+00)
 (7, 9.020e+00) (7, 9.250e+00) (1, 2.170e+00) (1, 1.920e+00)
 (4, 1.390e+00) (5, 3.620e+00) (7, 9.120e+00) (3, 7.700e-01)
 (1, 2.480e+00) (2, 2.680e+00) (5, 3.710e+00) (6, 7.130e+00)
 (1, 2.520e+00) (4, 1.120e+00) (2, 2.680e+00) (5, 4.230e+00)
 (3, 1.000e-02) (6, 6.890e+00) (5, 3.790e+00) (3, 3.800e-01)
 (3, 2.200e-01) (1, 2.450e+00) (4, 1.660e+00) (9, 1.005e+01)
 (4, 1.310e+00) (7, 8.560e+00) (6, 6.630e+00) (2, 3.390e+00)
 (6, 6.730e+00) (2, 2.920e+00) (8, 6.340e+00) (6, 7.140e+00)
 (3, 6.200e-01) (2, 2.720e+00) (3, 0.000e+00) (1, 2.530e+00)
 (3, 6.800e-01) (1, 1.920e+00) (1, 2.420e+00) (0, 5.270e+00)
 (5, 3.690e+00) (6, 7.300e+00) (2, 3.040e+00) (4, 1.590e+00)
 (3, 6.600e-01) (2, 3.040e+00) (3, 3.100e-01) (3, 5.500e-01)
 (3, 1.200e-01) (1, 1.890e+00) (9, 8.200e+00) (4, 1.040e+00)
 (1, 1.970e+00) (8, 5.830e+00) (2, 3.450e+00) (4, 1.310e+00)
 (2, 3.260e+00) (2, 3.440e+00) (1, 2.290e+00) (1, 2.020e+00)
 (3, 2.900e-01) (8, 5.540e+00) (4, 1.420e+00) (3, 1.000e-01)
 (2, 3.210e+00) (8, 5.890e+00) (3, 2.000e-02) (4, 1.310e+00)
 (1, 2.050e+00) (7, 9.140e+00) (5, 3.690e+00) (4, 1.270e+00)
 (4, 1.510e+00) (7, 9.090e+00) (1, 2.390e+00) (1, 2.050e+00)
 (3, 7.000e-02) (4, 1.210e+00) (7, 8.760e+00) (3, 6.400e-01)
 (3, 7.700e-01) (8, 6.150e+00) (8, 6.390e+00) (4, 1.140e+00)
 (1, 2.540e+00) (7, 8.820e+00) (3, 6.000e-02) (3, 1.800e-01)
 (1, 1.830e+00) (3, 6.700e-01) (4, 1.060e+00) (1, 2.370e+00)
 (6, 6.520e+00) (8, 6.430e+00) (4, 8.400e-01) (4, 1.370e+00)
 (3, 4.400e-01) (4, 1.430e+00) (1, 2.350e+00) (5, 4.110e+00)
 (2, 3.350e+00) (6, 6.680e+00) (1, 2.310e+00) (7, 9.280e+00)
 (0, 4.640e+00) (4, 1.640e+00) (9, 1.028e+01) (8, 5.620e+00)
 (3, 5.800e-01) (4, 1.260e+00) (9, 8.400e+00) (2, 3.450e+00)
 (0, 4.790e+00) (3, 6.200e-01) (3, 5.000e-02) (3, 4.200e-01)
 (4, 1.080e+00) (1, 2.380e+00) (4, 9.700e-01) (2, 3.200e+00)
 (4, 1.580e+00) (3, 2.800e-01) (8, 6.030e+00) (2, 3.230e+00)
 (6, 7.280e+00) (9, 1.071e+01) (3, 5.600e-01) (7, 8.730e+00)
 (0, 4.930e+00) (3, 8.000e-02) (8, 6.040e+00) (2, 2.700e+00)
 (9, 8.050e+00) (2, 3.050e+00) (6, 7.370e+00) (3, 1.000e-02)
 (5, 3.670e+00) (5, 3.600e+00) (5, 3.830e+00) (1, 2.270e+00)
 (4, 1.080e+00) (3, 0.000e+00) (1, 2.480e+00) (9, 1.118e+01)
 (9, 1.233e+01) (1, 2.420e+00) (9, 1.556e+01) (9, 1.297e+01)
 (5, 4.320e+00) (2, 3.140e+00) (1, 2.060e+00) (3, 6.000e-02)
 (0, 5.130e+00) (9, 1.143e+01) (3, 3.500e-01) (5, 3.730e+00)
 (8, 5.650e+00) (4, 1.390e+00) (1, 1.830e+00) (1, 1.910e+00)
 (0, 5.270e+00) (3, 8.200e-01) (4, 1.300e+00) (1, 2.150e+00)
 (6, 7.360e+00) (3, 1.400e-01) (6, 6.890e+00) (3, 2.300e-01)
 (3, 5.700e-01) (4, 1.330e+00) (4, 1.430e+00) (1, 2.400e+00)
 (3, 6.900e-01) (4, 1.200e+00) (4, 1.060e+00) (4, 1.600e+00)
 (9, 1.106e+01) (8, 6.180e+00) (5, 4.430e+00) (6, 7.230e+00)
 (4, 8.800e-01) (0, 4.740e+00) (1, 2.500e+00) (2, 2.710e+00)
 (5, 4.470e+00) (5, 4.020e+00) (6, 6.740e+00) (1, 2.180e+00)
 (4, 1.230e+00) (3, 4.200e-01) (1, 1.840e+00) (9, 2.537e+01)
 (7, 8.470e+00) (9, 1.163e+01) (0, 5.350e+00) (9, 1.978e+01)
 (2, 3.040e+00) (1, 2.150e+00) (0, 4.930e+00) (4, 1.360e+00)
 (1, 1.840e+00) (6, 6.870e+00) (2, 3.110e+00) (1, 2.620e+00)
 (0, 5.250e+00) (2, 3.070e+00) (2, 3.450e+00) (0, 4.990e+00)
 (8, 6.340e+00) (4, 1.110e+00) (0, 4.900e+00) (4, 8.500e-01)
 (3, 2.200e-01) (4, 1.690e+00) (9, 8.150e+00) (1, 2.390e+00)
 (4, 1.130e+00) (9, 2.063e+01) (3, 3.500e-01) (0, 5.220e+00)
 (7, 9.420e+00) (2, 3.510e+00) (9, 1.403e+01) (2, 2.690e+00)
 (4, 1.300e+00) (1, 2.240e+00) (4, 1.390e+00) (4, 1.190e+00)
 (4, 1.320e+00) (9, 1.076e+01) (4, 1.350e+00) (5, 4.430e+00)
 (1, 1.810e+00) (5, 3.810e+00) (1, 2.600e+00) (4, 8.300e-01)
 (4, 9.000e-01) (2, 2.940e+00) (4, 1.280e+00) (6, 6.890e+00)
 (9, 1.130e+01) (1, 2.530e+00) (3, 5.000e-01) (8, 6.200e+00)
 (3, 1.400e-01) (1, 2.160e+00) (6, 6.590e+00) (2, 2.680e+00)
 (5, 4.190e+00) (3, 2.000e-01) (5, 3.710e+00) (3, 2.700e-01)
 (3, 3.000e-02) (9, 1.247e+01) (4, 1.570e+00) (4, 1.600e+00)
 (1, 2.380e+00) (3, 6.700e-01) (9, 1.725e+01) (3, 5.200e-01)
 (3, 4.100e-01) (8, 6.020e+00) (1, 2.100e+00) (0, 5.250e+00)
 (3, 1.900e-01) (3, 1.500e-01) (9, 1.331e+01) (1, 2.420e+00)
 (7, 9.140e+00) (4, 1.190e+00) (3, 1.200e-01) (4, 1.370e+00)
 (4, 9.900e-01) (7, 9.650e+00) (9, 1.890e+01) (5, 3.730e+00)
 (3, 6.900e-01) (4, 1.410e+00) (3, 2.400e-01) (4, 8.600e-01)
 (8, 6.210e+00) (3, 5.100e-01) (6, 7.370e+00) (3, 2.000e-02)
 (3, 1.700e-01) (6, 6.810e+00) (9, 1.503e+01) (3, 4.200e-01)
 (1, 2.240e+00) (7, 9.680e+00) (3, 3.000e-01) (4, 1.650e+00)
 (0, 4.860e+00) (3, 3.100e-01) (4, 1.130e+00) (3, 1.800e-01)
 (1, 2.110e+00) (2, 3.060e+00) (1, 1.770e+00) (8, 6.250e+00)
 (4, 1.300e+00) (4, 1.460e+00) (7, 9.000e+00) (3, 3.300e-01)
 (2, 3.450e+00) (5, 4.050e+00) (5, 4.330e+00) (1, 2.170e+00)
 (3, 4.600e-01) (3, 1.800e-01) (3, 3.700e-01) (2, 3.470e+00)
 (3, 8.000e-02) (5, 4.150e+00) (1, 1.910e+00) (2, 3.260e+00)
 (9, 1.247e+01) (4, 1.580e+00) (1, 1.850e+00) (9, 8.300e+00)
 (7, 9.550e+00) (8, 5.720e+00) (3, 3.100e-01) (3, 1.300e-01)
 (5, 4.340e+00) (9, 7.760e+00) (4, 1.140e+00) (3, 4.400e-01)
 (3, 5.900e-01) (3, 5.700e-01) (1, 2.420e+00) (1, 2.100e+00)
 (7, 8.580e+00) (1, 2.170e+00) (2, 2.870e+00) (4, 1.180e+00)
 (3, 1.200e-01) (4, 1.550e+00) (5, 3.860e+00) (1, 2.470e+00)
 (3, 1.200e-01) (5, 3.810e+00) (4, 1.520e+00) (8, 5.810e+00)
 (2, 3.030e+00) (1, 2.460e+00) (0, 5.120e+00) (3, 5.000e-02)
 (8, 6.200e+00) (1, 2.150e+00) (3, 5.500e-01) (6, 6.900e+00)
 (4, 1.420e+00) (3, 6.200e-01) (1, 2.640e+00) (6, 6.900e+00)
 (1, 2.210e+00) (5, 4.250e+00) (4, 9.400e-01) (4, 1.360e+00)
 (3, 4.200e-01) (6, 6.540e+00) (9, 2.213e+01) (4, 1.400e+00)
 (3, 3.700e-01) (4, 1.120e+00) (8, 6.120e+00) (3, 1.500e-01)
 (4, 1.070e+00) (5, 3.580e+00) (4, 1.440e+00) (0, 4.800e+00)
 (5, 3.580e+00) (4, 1.220e+00) (1, 2.440e+00) (4, 1.230e+00)
 (4, 1.520e+00) (3, 7.500e-01) (2, 2.680e+00) (1, 2.310e+00)
 (2, 2.920e+00) (6, 7.350e+00) (0, 4.760e+00) (3, 2.500e-01)
 (2, 2.770e+00) (2, 3.470e+00) (9, 1.169e+01) (1, 2.270e+00)
 (4, 8.400e-01) (4, 1.170e+00) (3, 2.600e-01) (0, 4.870e+00)
 (1, 2.610e+00) (3, 4.800e-01) (9, 9.890e+00) (5, 3.790e+00)
 (5, 3.730e+00) (1, 1.760e+00) (4, 1.140e+00) (1, 1.760e+00)]

100 determined outlier frequencies:
[16.51 10.45  7.8  25.37 10.67 26.46 17.67 15.4  10.03 16.73 19.15 12.7
  7.73  7.99 13.26  7.93 13.63 12.21 18.95 15.56 10.54  7.71  8.04 11.28
 12.1  11.24 12.58  7.67 10.87 15.98 13.86 12.32 11.8  11.82  7.97  8.16
 12.71  7.99 11.23  8.14 11.39 11.07  7.99 15.57 11.97 10.47 12.65  9.75
 12.07 13.16 11.32 10.09 18.44  9.78 11.6  18.35 11.1  11.38 15.04 16.32
  7.87 10.57  8.26 11.47 10.34 14.56 13.28  7.98  7.75 10.05  8.2  10.28
  8.4  10.71  8.05 11.18 12.33 15.56 12.97 11.43 11.06 25.37 11.63 19.78
  8.15 20.63 14.03 10.76 11.3  12.47 17.25 13.31 18.9  15.03 12.47  8.3
  7.76 22.13 11.69  9.89]
analyze method containing outliers


analyzing the results:
number of max cluster size: 10
number of actually used clusters: 10
min value of all elements: 0.0
max value of all elements: 26.46
mean of all elements: 3.89401
median of all elements: 2.68
standard deviation of all elements: 3.8567273458075824
variance of all elements: 14.889235054954955
distribution of all clusters: [0 0 0 0 0 0 0 0 0 0 0 0 0 0 0 0 0 0 0 0 0 0 0 0 0 0 0 0 0 0 0 0 0 0 0 0 0
 0 0 0 0 0 0 0 0 0 0 0 0 0 0 0 0 0 0 0 0 0 0 0 1 1 1 1 1 1 1 1 1 1 1 1 1 1
 1 1 1 1 1 1 1 1 1 1 1 1 1 1 1 1 1 1 1 1 1 1 1 1 1 1 1 1 1 1 1 1 1 1 1 1 1
 1 1 1 1 1 1 1 1 1 1 1 1 1 1 1 1 1 1 1 1 1 1 1 1 1 1 1 1 1 1 1 1 1 1 1 1 1
 1 1 1 1 1 1 1 1 1 1 1 1 1 1 1 1 1 1 1 1 1 1 1 1 1 1 1 1 1 1 1 1 1 1 1 1 1
 1 1 1 1 1 1 1 1 1 1 1 1 1 1 1 1 2 2 2 2 2 2 2 2 2 2 2 2 2 2 2 2 2 2 2 2 2
 2 2 2 2 2 2 2 2 2 2 2 2 2 2 2 2 2 2 2 2 2 2 2 2 2 2 2 2 2 2 2 2 2 2 2 2 2
 2 2 2 2 2 2 2 2 2 2 2 2 2 2 2 2 2 2 2 2 2 2 2 2 2 2 2 2 2 2 2 2 2 2 2 2 2
 2 3 3 3 3 3 3 3 3 3 3 3 3 3 3 3 3 3 3 3 3 3 3 3 3 3 3 3 3 3 3 3 3 3 3 3 3
 3 3 3 3 3 3 3 3 3 3 3 3 3 3 3 3 3 3 3 3 3 3 3 3 3 3 3 3 3 3 3 3 3 3 3 3 3
 3 3 3 3 3 3 3 3 3 3 3 3 3 3 3 3 3 3 3 3 3 3 3 3 3 3 3 3 3 3 3 3 3 3 3 3 3
 3 3 3 3 3 3 3 3 3 3 3 3 3 3 3 3 3 3 3 3 3 3 3 3 3 3 3 3 3 3 3 3 3 3 3 3 3
 3 3 3 3 3 3 3 3 3 3 3 3 3 3 3 3 3 3 3 3 3 3 3 3 3 3 3 3 3 3 3 3 3 3 3 3 3
 3 3 3 3 3 3 3 4 4 4 4 4 4 4 4 4 4 4 4 4 4 4 4 4 4 4 4 4 4 4 4 4 4 4 4 4 4
 4 4 4 4 4 4 4 4 4 4 4 4 4 4 4 4 4 4 4 4 4 4 4 4 4 4 4 4 4 4 4 4 4 4 4 4 4
 4 4 4 4 4 4 4 4 4 4 4 4 4 4 4 4 4 4 4 4 4 4 4 4 4 4 4 4 4 4 4 4 4 4 4 4 4
 4 4 4 4 4 4 4 4 4 4 4 4 4 4 4 4 4 4 4 4 4 4 4 4 4 4 4 4 4 4 4 4 4 4 4 4 4
 4 4 4 4 4 4 4 4 4 4 4 4 4 4 4 4 4 4 4 4 4 4 4 4 4 5 5 5 5 5 5 5 5 5 5 5 5
 5 5 5 5 5 5 5 5 5 5 5 5 5 5 5 5 5 5 5 5 5 5 5 5 5 5 5 5 5 5 5 5 5 5 5 5 5
 5 5 5 5 5 5 5 5 5 5 5 5 5 5 5 5 5 5 5 5 5 5 5 5 5 5 5 5 5 5 5 5 5 5 5 5 5
 5 5 5 5 5 5 5 5 5 5 5 6 6 6 6 6 6 6 6 6 6 6 6 6 6 6 6 6 6 6 6 6 6 6 6 6 6
 6 6 6 6 6 6 6 6 6 6 6 6 6 6 6 6 6 6 6 6 6 6 6 6 6 6 6 6 6 6 7 7 7 7 7 7 7
 7 7 7 7 7 7 7 7 7 7 7 7 7 7 7 7 7 7 7 7 7 7 7 7 7 7 7 7 7 7 7 7 7 8 8 8 8
 8 8 8 8 8 8 8 8 8 8 8 8 8 8 8 8 8 8 8 8 8 8 8 8 8 8 8 8 8 8 8 8 8 8 8 8 8
 8 8 8 8 8 8 8 8 8 8 8 8 9 9 9 9 9 9 9 9 9 9 9 9 9 9 9 9 9 9 9 9 9 9 9 9 9
 9 9 9 9 9 9 9 9 9 9 9 9 9 9 9 9 9 9 9 9 9 9 9 9 9 9 9 9 9 9 9 9 9 9 9 9 9
 9 9 9 9 9 9 9 9 9 9 9 9 9 9 9 9 9 9 9 9 9 9 9 9 9 9 9 9 9 9 9 9 9 9 9 9 9
 9]

cluster #0: 	sum elements:60  	min value: 4.55 	max value: 5.49 	mean: 5.1 	std deviation: 0.26 	median: 5.035
cluster #0 homoscedasticity NOT given with ratio = 1.9888231426692893
cluster #1: 	sum elements:141  	min value: 1.76 	max value: 2.65 	mean: 2.2 	std deviation: 0.257 	median: 2.19
cluster #1 homoscedasticity given with ratio = 1.0459710743801631
cluster #2: 	sum elements:96  	min value: 2.67 	max value: 3.52 	mean: 3.1 	std deviation: 0.266 	median: 3.0999999999999996
cluster #2 homoscedasticity given with ratio = 1.0481859410430852
cluster #3: 	sum elements:191  	min value: 0.0 	max value: 0.82 	mean: 0.4 	std deviation: 0.233 	median: 0.37
cluster #3 homoscedasticity given with ratio = 1.1024999999999994
cluster #4: 	sum elements:166  	min value: 0.83 	max value: 1.72 	mean: 1.3 	std deviation: 0.241 	median: 1.3
cluster #4 homoscedasticity given with ratio = 1.252267573696146
cluster #5: 	sum elements:97  	min value: 3.58 	max value: 4.52 	mean: 4.0 	std deviation: 0.274 	median: 3.97
cluster #5 homoscedasticity NOT given with ratio = 1.5328798185941022
cluster #6: 	sum elements:56  	min value: 6.52 	max value: 7.54 	mean: 7.0 	std deviation: 0.289 	median: 6.895
cluster #6 homoscedasticity given with ratio = 1.2656249999999978
cluster #7: 	sum elements:40  	min value: 8.47 	max value: 9.68 	mean: 9.1 	std deviation: 0.361 	median: 9.085
cluster #7 homoscedasticity given with ratio = 1.179845422116524
cluster #8: 	sum elements:53  	min value: 5.54 	max value: 6.43 	mean: 6.0 	std deviation: 0.273 	median: 6.01
cluster #8 homoscedasticity given with ratio = 1.144402379664685
cluster #9: 	sum elements:100  	min value: 7.67 	max value: 26.46 	mean: 12.4 	std deviation: 4.088 	median: 11.45
cluster #9 homoscedasticity NOT given with ratio = 8.835850515579114
homoscedasticity given for 7 of 10 used clusters

number of elements: 1000

built clusters:
cluster #3: 0.0 -- 0.82 (191)
cluster #4: 0.83 -- 1.72 (166)
cluster #1: 1.76 -- 2.65 (141)
cluster #2: 2.67 -- 3.52 (96)
cluster #5: 3.58 -- 4.52 (97)
cluster #0: 4.55 -- 5.49 (60)
cluster #8: 5.54 -- 6.43 (53)
cluster #6: 6.52 -- 7.54 (56)
cluster #9: 7.67 -- 26.46 (100)
cluster #7: 8.47 -- 9.68 (40)

score even distribution (SED) MAX: 2.97e+19
score even distribution (SED) MAX: 2.965368525041664e+19
SED number of digits: 20

number of used clusters (NUC) MAX: 1.0

sum variances (SV) MIN: 17.217611835802487
sum variances (SV) MIN: 1.72e+01
ratio between SED and sv digits MAX: 0
SUM: NUC(MAX): 1.0	 SED(MAX): 2.97e+19	 SV(MIN): 1.72e+01

Mean Silhouette Coefficient of all clusters MSC(MAX): 0.51
(best value is 1 and the worst value is -1. Values near 0 indicate overlapping clusters)

Davies-Bouldin score DB(MIN): 0.6
(The minimum score is zero, with lower values indicating better clustering.)

overlapping range found in clusters!!

finished all 1 trials


Variances (Population):
 NUC: 0.0,
 SED: 0.0,
 SV: 0.0,
 MSC: 0.0000



TEST NUCs: [1.]

Process finished with exit code 0
